Date,Open Price,High Price,Low Price,Close Price,WAP,No.of Shares,No. of Trades,Total Turnover (Rs.),Deliverable Quantity,% Deli. Qty to Traded Qty,Spread High-Low,Spread Close-Open,Unix Date
2022-06-23,182.2,182.2,174.45,179.3,178.41528932265462,217629.0,3334.0,38828341.0,34691.0,15.94,7.75,-2.8999999999999773,1655942400.0
2022-06-22,179.2,181.2,176.15,179.25,179.169457903808,92253.0,1462.0,16528920.0,13603.0,14.75,5.049999999999983,0.0500000000000113,1655856000.0
2022-06-21,180.0,180.0,175.3,179.2,177.90307426903172,113035.0,1948.0,20109274.0,25611.0,22.66,4.699999999999989,-0.8000000000000114,1655769600.0
2022-06-20,175.25,180.3,167.15,176.4,172.44920994204944,231059.0,5426.0,39845942.0,44466.0,19.24,13.150000000000006,1.1500000000000057,1655683200.0
2022-06-17,174.9,179.0,172.95,175.95,176.06342614853347,137262.0,4307.0,24166818.0,33820.0,24.64,6.050000000000011,1.049999999999983,1655424000.0
2022-06-16,183.8,184.75,175.1,176.25,180.6763974095265,111331.0,2588.0,20114884.0,41382.0,37.17,9.650000000000006,-7.550000000000011,1655337600.0
2022-06-15,190.4,190.4,183.55,185.7,185.96361616784944,81025.0,1903.0,15067702.0,20857.0,25.74,6.849999999999994,-4.700000000000017,1655251200.0
2022-06-14,190.0,192.55,186.0,187.05,189.45294783636635,120122.0,2925.0,22757467.0,40916.0,34.06,6.550000000000011,-2.9499999999999886,1655164800.0
2022-06-13,196.1,198.0,187.8,189.7,191.6647009449544,184665.0,4956.0,35393762.0,80413.0,43.55,10.199999999999989,-6.400000000000006,1655078400.0
2022-06-10,206.5,206.65,200.0,200.45,203.047042085456,65367.0,1307.0,13272576.0,21856.0,33.44,6.650000000000006,-6.050000000000011,1654819200.0
2022-06-09,213.8,213.8,206.4,208.5,208.78106186358795,40363.0,957.0,8427030.0,9515.0,23.57,7.400000000000006,-5.300000000000011,1654732800.0
2022-06-08,214.0,214.55,209.6,211.9,211.911207441006,34834.0,882.0,7381715.0,5883.0,16.89,4.950000000000017,-2.0999999999999943,1654646400.0
2022-06-07,214.15,214.55,209.25,210.85,211.51810148952285,59415.0,964.0,12567348.0,19888.0,33.47,5.300000000000011,-3.300000000000012,1654560000.0
2022-06-06,218.2,219.95,213.3,215.8,217.7291682471986,975410.0,2600.0,212375208.0,951.0,100.0,6.649999999999977,-2.3999999999999773,1654473600.0
2022-06-03,224.85,224.85,217.3,218.2,222.5062913617102,707478.0,1630.0,157418306.0,87680.0,12.39,7.549999999999983,-6.650000000000006,1654214400.0
2022-06-02,220.0,222.4,218.2,221.8,219.8160663900415,60250.0,1135.0,13243918.0,14944.0,24.8,4.200000000000017,1.8000000000000114,1654128000.0
2022-06-01,220.9,221.9,218.45,219.8,220.52165477368607,76796.0,1376.0,16935181.0,13859.0,18.05,3.450000000000017,-1.0999999999999943,1654041600.0
2022-05-31,220.0,221.45,217.3,218.25,220.10895074088907,99880.0,2170.0,21984482.0,42903.0,42.95,4.149999999999977,-1.75,1653955200.0
2022-05-30,216.25,220.6,216.25,220.05,219.57619719173465,81545.0,1305.0,17905341.0,17599.0,21.58,4.349999999999994,3.8000000000000114,1653868800.0
2022-05-27,216.0,217.5,212.4,214.95,215.04062713233623,127501.0,2258.0,27417895.0,45262.0,35.5,5.099999999999994,-1.0500000000000114,1653609600.0
2022-05-26,213.0,214.8,207.0,213.65,210.9225370596492,87629.0,1687.0,18482931.0,13863.0,15.82,7.800000000000011,0.6500000000000057,1653523200.0
2022-05-25,221.0,221.0,212.15,212.55,214.1421747080238,60707.0,1432.0,12999929.0,15278.0,25.17,8.849999999999994,-8.449999999999989,1653436800.0
2022-05-24,221.0,221.0,215.25,216.3,217.71967287596547,123256.0,2388.0,26835256.0,55745.0,45.23,5.75,-4.699999999999989,1653350400.0
2022-05-23,217.0,224.35,216.95,218.95,221.4813499466951,150080.0,2588.0,33239921.0,36643.0,24.42,7.400000000000006,1.9499999999999889,1653264000.0
2022-05-20,217.9,218.7,214.75,216.7,216.75537123476275,148895.0,2921.0,32273791.0,74378.0,49.95,3.9499999999999886,-1.200000000000017,1653004800.0
2022-05-19,202.15,218.9,202.15,215.7,213.93124001474743,341754.0,5164.0,73111857.0,109606.0,32.07,16.75,13.549999999999985,1652918400.0
2022-05-18,215.3,218.95,213.3,214.1,215.97878919960544,217955.0,4414.0,47073657.0,100002.0,45.88,5.649999999999977,-1.200000000000017,1652832000.0
2022-05-17,210.4,215.6,207.9,215.0,212.41769813225645,396200.0,5818.0,84159892.0,178737.0,45.11,7.699999999999989,4.599999999999994,1652745600.0
2022-05-16,203.0,211.3,198.75,210.4,208.08234504952904,493448.0,6627.0,102677817.0,247285.0,50.11,12.550000000000011,7.400000000000006,1652659200.0
2022-05-13,196.9,208.35,194.0,200.8,201.48890778234733,303456.0,4516.0,61143018.0,132.0,100.0,14.349999999999994,3.9000000000000057,1652400000.0
2022-05-12,199.0,199.0,190.8,195.75,193.75550071863373,189248.0,3182.0,36667841.0,14691.0,7.76,8.199999999999989,-3.25,1652313600.0
2022-05-11,198.9,200.75,193.25,195.55,196.94806950409185,192334.0,3841.0,37879810.0,54653.0,28.42,7.5,-3.3499999999999943,1652227200.0
2022-05-10,193.15,203.4,193.15,198.8,199.80172638638763,322060.0,5204.0,64348144.0,76457.0,23.74,10.25,5.650000000000006,1652140800.0
2022-05-09,196.6,196.6,189.2,193.15,192.38153663248625,168225.0,3352.0,32363384.0,31650.0,18.81,7.400000000000006,-3.4499999999999886,1652054400.0
2022-05-06,198.8,198.8,192.15,196.4,194.6507080431836,106985.0,2466.0,20824706.0,19170.0,17.92,6.650000000000006,-2.4000000000000057,1651795200.0
2022-05-05,203.0,204.0,199.0,199.55,201.7303512654636,140976.0,2612.0,28439138.0,41743.0,29.61,5.0,-3.4499999999999886,1651708800.0
2022-05-04,202.85,206.25,198.65,200.05,202.6910058543401,655582.0,2166.0,132880575.0,552390.0,84.26,7.599999999999994,-2.799999999999983,1651622400.0
2022-05-02,204.5,204.5,195.0,202.35,202.29585003128787,75109.0,1470.0,15194239.0,4707.0,51.48,9.5,-2.1500000000000057,1651449600.0
2022-04-29,206.45,210.3,204.3,204.85,207.3319613816286,209434.0,3800.0,43422362.0,91435.0,43.66,6.0,-1.5999999999999943,1651190400.0
2022-04-28,215.0,215.0,206.25,207.05,208.72957129291183,188497.0,2287.0,39344898.0,32368.0,17.17,8.75,-7.949999999999989,1651104000.0
2022-04-27,202.9,211.45,198.55,210.45,204.91414851295545,276757.0,3454.0,56711425.0,41343.0,14.94,12.899999999999975,7.549999999999983,1651017600.0
2022-04-26,195.9,205.0,194.35,204.1,201.20651019277256,543179.0,6423.0,109291151.0,238127.0,43.84,10.650000000000006,8.199999999999989,1650931200.0
2022-04-25,196.1,198.45,191.2,192.05,194.67469564459424,137668.0,2013.0,26800476.0,34383.0,24.98,7.25,-4.049999999999983,1650844800.0
2022-04-22,202.9,203.6,199.1,199.75,201.3827307974432,95430.0,1649.0,19217954.0,16318.0,17.1,4.5,-3.1500000000000057,1650585600.0
2022-04-21,199.0,204.7,197.45,203.95,201.80589271274343,493423.0,6602.0,99575669.0,288701.0,58.51,7.25,4.949999999999989,1650499200.0
2022-04-20,190.0,195.85,189.4,194.65,193.76859912691563,119347.0,1808.0,23125701.0,18778.0,15.73,6.449999999999989,4.650000000000006,1650412800.0
2022-04-19,192.3,193.85,187.0,188.8,192.13009681385105,78088.0,1400.0,15003055.0,21132.0,27.06,6.849999999999994,-3.5,1650326400.0
2022-04-18,194.7,194.7,189.05,190.1,191.1353307287618,199393.0,4325.0,38111047.0,65550.0,32.87,5.649999999999977,-4.599999999999994,1650240000.0
2022-04-13,196.5,197.9,195.0,195.55,196.18907758589825,251373.0,5589.0,49316637.0,103463.0,41.16,2.9000000000000057,-0.9499999999999886,1649808000.0
2022-04-12,200.95,200.95,195.0,195.6,197.1942313676889,183163.0,2756.0,36118687.0,59499.0,32.48,5.949999999999989,-5.349999999999994,1649721600.0
2022-04-11,203.0,203.9,200.05,201.45,202.04335796058987,204922.0,3414.0,41403129.0,68499.0,33.43,3.8499999999999934,-1.5500000000000114,1649635200.0
2022-04-08,199.8,204.4,195.75,202.85,200.6796750805898,429645.0,5726.0,86221019.0,124394.0,28.95,8.650000000000006,3.049999999999983,1649376000.0
2022-04-07,201.0,201.0,195.4,197.1,198.41747413152305,152019.0,2758.0,30163226.0,54918.0,36.13,5.599999999999994,-3.9000000000000057,1649289600.0
2022-04-06,200.0,201.05,197.2,197.45,199.19777424836457,90037.0,1183.0,17935170.0,27771.0,30.84,3.850000000000023,-2.550000000000012,1649203200.0
2022-04-05,197.0,201.15,197.0,200.0,199.4911895719555,182738.0,3231.0,36454621.0,90707.0,49.64,4.150000000000006,3.0,1649116800.0
2022-04-04,198.0,199.25,195.25,197.6,196.98748375116065,107700.0,1624.0,21215552.0,24170.0,22.44,4.0,-0.4000000000000057,1649030400.0
2022-04-01,192.45,196.15,189.7,195.6,193.87551855168576,206585.0,3056.0,40051774.0,103074.0,49.89,6.450000000000017,3.1500000000000057,1648771200.0
2022-03-31,189.0,193.3,189.0,191.1,191.5229019725543,119946.0,1964.0,22972406.0,31598.0,26.34,4.300000000000011,2.0999999999999943,1648684800.0
2022-03-30,192.0,193.55,184.85,188.4,188.7505825506426,209853.0,2608.0,39609876.0,43957.0,20.95,8.700000000000017,-3.5999999999999943,1648598400.0
2022-03-29,189.5,193.25,188.5,189.8,190.9587063695524,202840.0,3007.0,38734064.0,81217.0,40.04,4.75,0.3000000000000113,1648512000.0
2022-03-28,188.1,189.55,184.3,188.95,187.3257296548273,207838.0,2805.0,38933405.0,83401.0,40.13,5.25,0.8499999999999943,1648425600.0
2022-03-25,187.0,188.6,184.35,187.55,186.92753710996664,115535.0,2106.0,21596673.0,33759.0,29.22,4.25,0.5500000000000114,1648166400.0
2022-03-24,187.1,189.7,186.0,186.7,187.714340747349,98642.0,1865.0,18516518.0,34731.0,35.21,3.6999999999999886,-0.4000000000000057,1648080000.0
2022-03-22,187.1,190.5,183.1,190.1,186.97359810185472,257936.0,3898.0,48227222.0,59070.0,22.9,7.400000000000006,3.0,1647907200.0
2022-03-21,193.0,193.65,188.05,188.6,190.0404026034072,112468.0,1710.0,21373464.0,36126.0,32.12,5.599999999999994,-4.400000000000006,1647820800.0
2022-03-17,189.7,194.8,189.3,193.7,192.9004335226304,299177.0,4243.0,57711373.0,136907.0,45.76,5.5,4.0,1647475200.0
2022-03-16,186.0,188.05,184.05,186.6,186.5932605390812,158529.0,2310.0,29580443.0,55260.0,34.86,4.0,0.5999999999999943,1647388800.0
2022-03-15,185.1,189.9,181.9,184.1,186.2795779236258,251708.0,3488.0,46888060.0,73586.0,29.23,8.0,-1.0,1647302400.0
2022-03-14,184.1,185.2,180.9,184.0,182.92126605638248,82366.0,1239.0,15066493.0,19563.0,23.75,4.299999999999983,-0.0999999999999943,1647216000.0
2022-03-11,184.75,185.8,181.35,184.2,183.95728952772075,148535.0,2334.0,27324096.0,43212.0,29.09,4.450000000000017,-0.5500000000000114,1646956800.0
2022-03-10,188.0,188.0,182.35,183.65,184.98510150261737,227137.0,2910.0,42016961.0,31711.0,13.96,5.650000000000006,-4.349999999999994,1646870400.0
2022-03-09,175.7,179.85,171.05,177.05,175.31589935500256,267753.0,3577.0,46941358.0,116663.0,43.57,8.799999999999983,1.3500000000000227,1646784000.0
2022-03-08,173.2,175.25,165.95,171.35,170.33438276455223,376712.0,8764.0,64167006.0,92893.0,24.66,9.300000000000011,-1.8499999999999943,1646697600.0
2022-03-07,171.0,175.05,165.4,173.5,168.96530991376287,327817.0,4507.0,55389701.0,40650.0,12.4,9.650000000000006,2.5,1646611200.0
2022-03-04,178.85,178.85,170.75,174.35,173.17355843883223,323937.0,3662.0,56097323.0,100757.0,31.1,8.099999999999994,-4.5,1646352000.0
2022-03-03,185.0,185.0,178.05,178.8,181.0081398801726,114498.0,1653.0,20725070.0,36014.0,31.45,6.949999999999989,-6.199999999999989,1646265600.0
2022-03-02,184.5,184.5,179.5,181.35,182.04157832523407,106594.0,1566.0,19404540.0,51008.0,47.85,5.0,-3.1500000000000057,1646179200.0
2022-02-28,183.0,186.8,178.9,184.6,182.2123230219677,414882.0,6361.0,75596613.0,,,7.900000000000006,1.5999999999999943,1646006400.0
2022-02-25,182.5,188.8,182.5,185.3,186.2429654834906,304463.0,5566.0,56704092.0,80526.0,26.45,6.300000000000011,2.800000000000012,1645747200.0
2022-02-24,190.2,196.4,176.65,178.5,185.26029709921977,760554.0,15322.0,140900460.0,159501.0,20.97,19.75,-11.699999999999989,1645660800.0
2022-02-23,200.0,203.5,199.7,201.15,201.7302921891047,88607.0,1275.0,17874716.0,17526.0,19.78,3.8000000000000114,1.1500000000000057,1645574400.0
2022-02-22,198.2,199.2,191.35,197.7,196.2799866833978,195245.0,3348.0,38322686.0,36200.0,18.54,7.849999999999994,-0.5,1645488000.0
2022-02-21,207.7,207.7,202.6,203.1,205.048160680884,165197.0,3576.0,33873341.0,51008.0,30.88,5.099999999999994,-4.599999999999994,1645401600.0
2022-02-18,210.05,214.25,207.45,207.8,210.2010631644778,169494.0,3227.0,35627819.0,50178.0,29.6,6.800000000000011,-2.25,1645142400.0
2022-02-17,215.9,217.35,212.55,213.7,214.85245330359632,86088.0,1300.0,18496218.0,15712.0,18.25,4.799999999999983,-2.200000000000017,1645056000.0
2022-02-16,217.75,219.6,213.15,214.1,216.4015150134,109702.0,1640.0,23739679.0,23842.0,21.73,6.449999999999989,-3.6500000000000057,1644969600.0
2022-02-15,208.0,216.6,205.1,215.4,209.72447736465085,205210.0,3772.0,43037560.0,55745.0,27.16,11.5,7.400000000000006,1644883200.0
2022-02-14,217.0,217.0,207.5,208.8,212.0086033768874,201665.0,3172.0,42754715.0,41021.0,20.34,9.5,-8.199999999999989,1644796800.0
2022-02-11,227.4,227.4,218.95,219.45,222.62264859384973,133165.0,1967.0,29645545.0,26995.0,20.27,8.450000000000017,-7.950000000000017,1644537600.0
2022-02-10,229.7,229.7,226.15,226.6,227.22234476218944,194041.0,1222.0,44090451.0,18430.0,9.5,3.549999999999983,-3.0999999999999943,1644451200.0
2022-02-09,226.1,228.6,225.1,227.55,227.04173447639545,146857.0,2208.0,33342668.0,51224.0,34.88,3.5,1.450000000000017,1644364800.0
2022-02-08,227.0,227.0,220.95,224.95,223.6134762948251,136447.0,2364.0,30511388.0,40518.0,29.7,6.050000000000011,-2.050000000000012,1644278400.0
2022-02-07,224.25,226.5,219.15,224.1,223.6656936873572,312785.0,3810.0,69959274.0,47169.0,15.08,7.349999999999994,-0.1500000000000056,1644192000.0
2022-02-04,222.3,230.4,222.15,223.8,226.50285519506224,272836.0,3927.0,61798133.0,75386.0,27.63,8.25,1.5,1643932800.0
2022-02-03,215.5,228.85,215.5,225.2,223.6848353599352,615069.0,7615.0,137581608.0,149970.0,24.38,13.349999999999994,9.699999999999989,1643846400.0
2022-02-02,221.8,226.75,220.55,225.5,223.8061317113037,309571.0,6014.0,69283888.0,108375.0,35.01,6.199999999999989,3.6999999999999886,1643760000.0
2022-02-01,219.5,220.5,215.1,219.15,218.78756615759443,290594.0,7228.0,63578354.0,121697.0,41.88,5.400000000000006,-0.3499999999999943,1643673600.0
2022-01-31,217.0,219.8,215.75,216.75,217.8995047346992,215642.0,2829.0,46988285.0,113885.0,52.81,4.050000000000011,-0.25,1643587200.0
2022-01-28,218.7,223.7,214.5,215.4,219.38218086687675,168190.0,2904.0,36897889.0,38250.0,22.74,9.199999999999989,-3.299999999999983,1643328000.0
2022-01-27,212.0,217.75,205.6,211.95,209.0993273606778,174685.0,3133.0,36526516.0,25770.0,14.75,12.150000000000006,-0.0500000000000113,1643241600.0
2022-01-25,209.8,213.65,208.15,212.3,211.49327378337483,204870.0,4437.0,43328627.0,78172.0,38.16,5.5,2.5,1643068800.0
2022-01-24,223.7,224.35,210.05,212.5,215.601210260487,145919.0,3282.0,31460313.0,6320.0,85.9,14.299999999999985,-11.199999999999989,1642982400.0
2022-01-21,226.15,229.5,221.85,223.7,226.4127094740335,120540.0,1973.0,27291788.0,15029.0,12.47,7.650000000000006,-2.450000000000017,1642723200.0
2022-01-20,229.7,231.5,224.1,226.15,227.0275714221912,268684.0,5386.0,60998676.0,57600.0,21.44,7.400000000000006,-3.549999999999983,1642636800.0
2022-01-19,235.2,235.2,227.75,233.25,231.23204603542777,135374.0,1985.0,31302807.0,20105.0,14.85,7.449999999999989,-1.9499999999999889,1642550400.0
2022-01-18,245.0,245.0,234.2,235.25,239.80380212018025,363271.0,6576.0,87113767.0,133529.0,36.76,10.800000000000011,-9.75,1642464000.0
2022-01-17,233.6,244.0,232.0,243.45,240.0060640343036,252802.0,4326.0,60674013.0,89258.0,35.31,12.0,9.849999999999994,1642377600.0
2022-01-14,233.7,237.45,230.55,231.55,232.6737954558898,152153.0,2886.0,35402016.0,61002.0,40.09,6.899999999999977,-2.1499999999999773,1642118400.0
2022-01-13,234.25,236.35,232.15,234.95,234.3086776114017,55430.0,1178.0,12987730.0,17583.0,31.72,4.199999999999989,0.6999999999999886,1642032000.0
2022-01-12,232.0,235.75,230.5,233.4,233.18386750018263,95819.0,1763.0,22343445.0,34186.0,35.68,5.25,1.4000000000000057,1641945600.0
2022-01-11,232.3,233.1,228.9,231.55,231.20980342741936,71424.0,1530.0,16513929.0,18434.0,25.81,4.199999999999989,-0.75,1641859200.0
2022-01-10,233.25,234.25,230.45,232.3,232.463374214742,170167.0,3799.0,39557595.0,103865.0,61.04,3.8000000000000114,-0.9499999999999886,1641772800.0
2022-01-07,229.1,234.45,227.15,233.1,230.71013877088643,282480.0,5388.0,65171000.0,180794.0,64.0,7.299999999999983,4.0,1641513600.0
2022-01-06,226.4,229.2,224.2,228.5,226.73806661361056,59057.0,1360.0,13390470.0,24206.0,40.99,5.0,2.0999999999999943,1641427200.0
2022-01-05,225.35,227.9,224.0,227.4,225.91643404930508,68066.0,1577.0,15377228.0,22281.0,32.73,3.9000000000000057,2.050000000000012,1641340800.0
2022-01-04,222.5,227.7,221.05,225.45,225.1157270511779,184650.0,2766.0,41567619.0,37359.0,20.23,6.649999999999977,2.9499999999999886,1641254400.0
2022-01-03,221.75,222.25,219.45,220.85,220.9726559937012,60964.0,1070.0,13471377.0,17819.0,29.23,2.800000000000012,-0.9000000000000057,1641168000.0
2021-12-31,216.8,222.05,216.8,219.1,219.9065234318969,195204.0,3414.0,42926633.0,97725.0,50.06,5.25,2.299999999999983,1640908800.0
2021-12-30,218.0,218.5,216.2,217.15,217.28657203510664,63122.0,1088.0,13715563.0,12343.0,19.55,2.300000000000012,-0.8499999999999943,1640822400.0
2021-12-28,211.45,216.55,209.3,214.95,212.23882521305265,77563.0,1356.0,16461880.0,20602.0,26.56,7.25,3.5,1640649600.0
2021-12-27,207.0,209.2,202.15,208.8,205.8459224701513,65162.0,1310.0,13413332.0,11799.0,18.11,7.049999999999983,1.8000000000000114,1640563200.0
2021-12-24,210.4,211.7,206.0,206.6,207.59618215271388,130440.0,2001.0,27078846.0,16525.0,12.67,5.699999999999989,-3.8000000000000114,1640304000.0
2021-12-23,210.0,213.3,208.35,209.9,211.01906046138708,137195.0,2382.0,28950760.0,45417.0,33.1,4.950000000000017,-0.0999999999999943,1640217600.0
2021-12-22,203.0,210.0,203.0,208.15,207.16797191212183,106238.0,2370.0,22009111.0,35602.0,33.51,7.0,5.150000000000006,1640131200.0
2021-12-21,205.8,206.3,201.2,203.0,203.93784237461617,122125.0,2871.0,24905909.0,40297.0,33.0,5.100000000000023,-2.800000000000012,1640044800.0
2021-12-20,213.9,213.9,197.85,202.4,201.75675022025672,289435.0,6025.0,58395465.0,174962.0,60.45,16.05000000000001,-11.5,1639958400.0
2021-12-17,218.5,218.5,211.8,213.2,214.06187506370992,107911.0,2983.0,23099631.0,39868.0,36.95,6.699999999999989,-5.300000000000011,1639699200.0
2021-12-16,218.7,218.7,213.65,217.5,216.47808921817523,96505.0,1010.0,20891218.0,10286.0,10.66,5.049999999999983,-1.1999999999999886,1639612800.0
2021-12-15,217.0,220.25,215.25,215.55,217.9139471677453,51143.0,994.0,11144773.0,11531.0,22.55,5.0,-1.4499999999999886,1639526400.0
2021-12-14,219.5,219.5,214.4,216.8,216.8150057376461,111544.0,2347.0,24184413.0,36671.0,32.88,5.099999999999994,-2.6999999999999886,1639440000.0
2021-12-13,219.0,221.3,217.8,219.55,219.56018032723173,77193.0,1703.0,16948509.0,21761.0,28.19,3.5,0.5500000000000114,1639353600.0
2021-12-10,215.8,218.25,215.1,217.1,216.9138270643879,84783.0,1939.0,18390605.0,46562.0,54.92,3.1500000000000057,1.299999999999983,1639094400.0
2021-12-09,215.2,218.0,214.15,216.2,215.7071501687076,105508.0,2449.0,22758830.0,47600.0,45.12,3.8499999999999934,1.0,1639008000.0
2021-12-08,211.0,217.2,210.3,215.9,213.87494870862983,170594.0,3026.0,36485783.0,73000.0,42.79,6.899999999999977,4.900000000000006,1638921600.0
2021-12-07,206.75,212.0,205.65,209.25,208.8466234092555,135314.0,2604.0,28259872.0,69992.0,51.73,6.349999999999994,2.5,1638835200.0
2021-12-06,210.65,211.0,204.4,204.9,207.5731502848489,110936.0,3487.0,23027335.0,38147.0,34.39,6.599999999999994,-5.75,1638748800.0
2021-12-03,212.0,212.8,209.15,210.0,210.9654831851889,59739.0,1448.0,12602867.0,14927.0,24.99,3.6500000000000057,-2.0,1638489600.0
2021-12-02,208.0,210.4,206.75,209.85,208.2559587573648,59744.0,1102.0,12442044.0,11320.0,18.95,3.6500000000000057,1.8499999999999943,1638403200.0
2021-12-01,205.0,208.9,205.0,207.8,206.81637045692148,97566.0,2565.0,20178246.0,25925.0,26.57,3.9000000000000057,2.800000000000012,1638316800.0
2021-11-30,205.5,211.35,203.5,204.65,208.31621432689903,195981.0,4556.0,40826020.0,87249.0,44.52,7.849999999999994,-0.8499999999999943,1638230400.0
2021-11-29,208.0,210.3,200.85,206.35,206.15135902494583,370523.0,7808.0,76383820.0,118241.0,31.91,9.450000000000015,-1.6500000000000057,1638144000.0
2021-11-26,220.0,220.35,210.0,211.5,215.01684607217936,284458.0,7314.0,61163262.0,98796.0,34.73,10.349999999999994,-8.5,1637884800.0
2021-11-25,224.55,225.45,220.95,222.55,223.0493709045616,166191.0,3047.0,37068798.0,35499.0,21.36,4.5,-2.0,1637798400.0
2021-11-24,222.95,226.3,221.7,223.2,224.21668939018343,96816.0,1405.0,21707763.0,24083.0,24.88,4.600000000000023,0.25,1637712000.0
2021-11-23,216.4,222.25,213.55,221.3,218.84333490730663,194836.0,3960.0,42638560.0,49374.0,25.34,8.699999999999989,4.900000000000006,1637625600.0
2021-11-22,221.0,223.8,214.8,217.35,218.581480860636,184933.0,2959.0,40422929.0,35299.0,19.09,9.0,-3.6500000000000057,1637539200.0
2021-11-18,230.3,231.45,222.1,223.85,226.3801466260944,219197.0,4105.0,49621849.0,67345.0,30.72,9.349999999999994,-6.450000000000017,1637193600.0
2021-11-17,234.95,234.95,229.3,230.3,232.0046655309162,141463.0,2680.0,32820076.0,52260.0,36.94,5.649999999999977,-4.649999999999977,1637107200.0
2021-11-16,233.25,236.95,232.15,233.05,234.2398083113361,151913.0,2140.0,35584072.0,37080.0,24.41,4.799999999999983,-0.1999999999999886,1637020800.0
2021-11-12,234.0,235.25,230.5,232.5,232.9384344669596,90359.0,1367.0,21048084.0,37879.0,41.92,4.75,-1.5,1636675200.0
2021-11-11,233.15,236.2,229.65,231.95,233.26368123792204,280987.0,3922.0,65544062.0,105264.0,37.46,6.549999999999983,-1.200000000000017,1636588800.0
2021-11-10,228.55,233.9,228.5,233.15,232.18551507439813,269563.0,4200.0,62588624.0,122077.0,45.29,5.400000000000006,4.599999999999994,1636502400.0
2021-11-09,227.6,232.5,227.6,231.3,230.58945793821565,222613.0,2399.0,51332211.0,90424.0,40.62,4.900000000000006,3.700000000000017,1636416000.0
2021-11-08,222.55,229.95,221.25,229.4,227.63502983444337,478809.0,6419.0,108993701.0,230537.0,48.15,8.699999999999989,6.849999999999994,1636329600.0
2021-11-04,223.0,223.7,222.05,222.55,222.6409808468062,31483.0,1311.0,7009406.0,84343.0,33.38,1.6499999999999773,-0.4499999999999886,1635984000.0
2021-11-03,224.9,224.9,219.05,220.65,221.8828868086129,133102.0,2612.0,29533056.0,40853.0,30.69,5.849999999999994,-4.25,1635897600.0
2021-11-02,221.0,225.85,220.55,223.45,223.45095408812304,129705.0,1657.0,28982706.0,26019.0,20.06,5.299999999999983,2.4499999999999886,1635811200.0
2021-11-01,216.6,222.4,212.95,220.65,218.1829251438076,209829.0,2660.0,45781105.0,36115.0,17.21,9.450000000000015,4.050000000000011,1635724800.0
2021-10-29,213.4,217.0,208.25,212.75,212.67086860712723,404337.0,7828.0,85990701.0,78681.0,19.46,8.75,-0.6500000000000057,1635465600.0
2021-10-28,217.7,217.7,212.05,213.05,215.0739619279862,222263.0,6121.0,47802984.0,88924.0,40.01,5.649999999999977,-4.649999999999977,1635379200.0
2021-10-27,221.8,221.8,216.5,217.2,218.12431729006053,101434.0,1792.0,22125222.0,33577.0,33.1,5.300000000000011,-4.600000000000023,1635292800.0
2021-10-26,221.0,221.3,215.9,219.05,218.30804258284405,144941.0,2664.0,31641786.0,46110.0,31.81,5.400000000000006,-1.9499999999999889,1635206400.0
2021-10-25,223.0,224.5,214.7,219.75,219.9829193308869,325924.0,6040.0,71697713.0,73347.0,22.5,9.800000000000011,-3.25,1635120000.0
2021-10-22,229.6,229.95,218.7,221.15,223.2906610759307,186499.0,2778.0,41643485.0,41106.0,22.04,11.25,-8.449999999999989,1634860800.0
2021-10-21,228.0,229.1,224.5,226.1,226.42539715287808,145410.0,2411.0,32924517.0,32110.0,22.08,4.599999999999994,-1.9000000000000057,1634774400.0
2021-10-20,233.95,233.95,220.75,225.7,227.9490342805137,326337.0,4403.0,74388204.0,59923.0,18.36,13.199999999999989,-8.25,1634688000.0
2021-10-19,245.0,246.35,230.45,231.9,239.15696903710088,304009.0,4580.0,72705871.0,68706.0,22.6,15.900000000000006,-13.099999999999994,1634601600.0
2021-10-18,239.0,250.0,238.95,242.45,244.8230896407698,413718.0,5933.0,101287719.0,75277.0,18.2,11.050000000000011,3.4499999999999886,1634515200.0
2021-10-14,239.95,243.5,237.65,239.8,240.66054927483376,178235.0,2438.0,42894133.0,38079.0,21.36,5.849999999999994,-0.1499999999999772,1634169600.0
2021-10-13,240.0,244.4,238.3,238.95,241.51994347064905,142227.0,2451.0,34350657.0,37951.0,26.68,6.099999999999994,-1.0500000000000114,1634083200.0
2021-10-12,242.95,245.0,236.35,238.95,240.54582860616983,184219.0,3153.0,44313112.0,32645.0,17.72,8.650000000000006,-4.0,1633996800.0
2021-10-11,236.0,245.25,233.95,240.55,241.1658096452776,864817.0,12913.0,208564292.0,462844.0,53.52,11.300000000000011,4.550000000000011,1633910400.0
2021-10-08,229.05,235.6,228.05,234.55,231.51996425298125,393879.0,6108.0,91190852.0,206800.0,52.5,7.549999999999983,5.5,1633651200.0
2021-10-07,224.3,233.05,223.7,228.15,229.3324272390683,277381.0,4581.0,63612458.0,72744.0,26.23,9.350000000000025,3.8499999999999934,1633564800.0
2021-10-06,226.15,231.5,221.35,222.25,226.02547086492967,361197.0,5674.0,81639722.0,86322.0,23.9,10.150000000000006,-3.9000000000000057,1633478400.0
2021-10-05,228.0,228.35,224.9,225.4,226.2873239018452,67363.0,1284.0,15243393.0,22065.0,32.76,3.4499999999999886,-2.5999999999999943,1633392000.0
2021-10-04,225.9,229.45,225.2,228.05,227.8959851886408,205788.0,3249.0,46898259.0,93607.0,45.49,4.25,2.1500000000000057,1633305600.0
2021-10-01,225.0,226.55,222.6,224.3,224.0843721470661,180735.0,3317.0,40499889.0,41124.0,22.75,3.950000000000017,-0.6999999999999886,1633046400.0
2021-09-30,225.1,228.35,224.1,225.75,226.0777440926675,136229.0,1720.0,30798345.0,21476.0,15.76,4.25,0.6500000000000057,1632960000.0
2021-09-29,226.25,229.25,220.85,224.55,224.9307254730616,238024.0,4074.0,53538911.0,76347.0,32.08,8.400000000000006,-1.6999999999999886,1632873600.0
2021-09-28,232.2,234.25,225.7,226.4,230.12579817235348,193254.0,2556.0,44472731.0,45824.0,23.71,8.550000000000011,-5.799999999999983,1632787200.0
2021-09-27,228.0,234.5,226.0,231.8,230.41304435966904,271305.0,4755.0,62512211.0,113229.0,41.73,8.5,3.8000000000000114,1632700800.0
2021-09-24,238.7,238.7,225.9,228.85,230.73833606760536,169454.0,2530.0,39099534.0,44640.0,26.34,12.799999999999985,-9.849999999999994,1632441600.0
2021-09-23,234.1,239.75,233.4,236.8,237.1913374379345,629375.0,10528.0,149282298.0,402285.0,63.92,6.349999999999994,2.700000000000017,1632355200.0
2021-09-22,222.0,234.45,221.35,232.6,230.1285883732708,450204.0,4838.0,103604811.0,169579.0,37.67,13.099999999999994,10.599999999999994,1632268800.0
2021-09-21,218.0,220.7,214.4,219.5,217.2978648584092,301432.0,3134.0,65500530.0,144470.0,47.93,6.299999999999983,1.5,1632182400.0
2021-09-20,221.5,225.6,216.4,218.05,221.718131771675,222157.0,4531.0,49256235.0,742.0,62.88,9.199999999999989,-3.4499999999999886,1632096000.0
2021-09-17,223.6,228.35,219.5,223.7,224.53710388805243,282275.0,4363.0,63381211.0,87622.0,31.04,8.849999999999994,0.0999999999999943,1631836800.0
2021-09-16,224.5,225.6,221.6,221.9,223.1712231458905,104174.0,1663.0,23248639.0,47213.0,45.32,4.0,-2.5999999999999943,1631750400.0
2021-09-15,221.3,225.0,221.3,222.35,223.12449951629551,216041.0,2032.0,48204040.0,57937.0,26.82,3.6999999999999886,1.049999999999983,1631664000.0
2021-09-14,215.25,221.85,215.15,220.9,219.4449652133841,355884.0,4557.0,78096952.0,189672.0,53.3,6.699999999999989,5.650000000000006,1631577600.0
2021-09-13,215.0,216.0,213.5,214.95,214.6661138704624,119996.0,2407.0,25759075.0,45174.0,37.65,2.5,-0.0500000000000113,1631491200.0
2021-09-09,214.9,217.4,213.0,215.0,214.9722386114688,194911.0,3308.0,41900454.0,50885.0,26.11,4.400000000000006,0.0999999999999943,1631145600.0
2021-09-08,219.0,219.0,214.1,214.9,215.65171637547613,128381.0,3031.0,27685583.0,68469.0,53.33,4.900000000000006,-4.099999999999994,1631059200.0
2021-09-07,223.0,223.0,217.25,218.45,219.14656630202177,66823.0,1278.0,14644031.0,13145.0,19.67,5.75,-4.550000000000011,1630972800.0
2021-09-06,223.1,224.6,220.65,221.65,222.6347373096959,123815.0,2960.0,27565520.0,78637.0,63.51,3.9499999999999886,-1.4499999999999886,1630886400.0
2021-09-03,223.0,224.4,219.8,223.05,222.59898627870973,188612.0,3151.0,41984840.0,77039.0,40.85,4.599999999999994,0.0500000000000113,1630627200.0
2021-09-02,219.3,222.25,218.8,221.65,220.9137781783783,224108.0,3504.0,49508545.0,113189.0,50.51,3.4499999999999886,2.3499999999999943,1630540800.0
2021-09-01,212.55,219.5,212.55,218.75,216.67742972356965,239554.0,3446.0,51905945.0,137868.0,57.55,6.949999999999989,6.199999999999989,1630454400.0
2021-08-31,213.45,215.95,211.5,213.0,213.68239067511536,204528.0,3242.0,43704032.0,62482.0,30.55,4.449999999999989,-0.4499999999999886,1630368000.0
2021-08-30,210.0,214.2,209.55,212.45,212.23324076862167,179334.0,3219.0,38060636.0,77946.0,43.46,4.649999999999977,2.4499999999999886,1630281600.0
2021-08-27,208.85,212.0,207.35,208.95,209.7039338611441,145633.0,2718.0,30539813.0,39824.0,27.35,4.650000000000006,0.0999999999999943,1630022400.0
2021-08-26,209.0,210.0,206.25,208.85,207.95841178709964,97191.0,1324.0,20211686.0,15997.0,16.46,3.75,-0.1500000000000056,1629936000.0
2021-08-25,209.0,211.0,206.0,207.35,208.3708840767908,142465.0,3155.0,29685558.0,45413.0,31.88,5.0,-1.6500000000000057,1629849600.0
2021-08-24,205.65,209.45,203.45,209.0,206.295967649071,147631.0,3314.0,30455680.0,35203.0,23.85,6.0,3.3499999999999943,1629763200.0
2021-08-23,215.0,215.0,204.4,205.5,207.306104691633,172392.0,2650.0,35737914.0,70444.0,40.86,10.599999999999994,-9.5,1629676800.0
2021-08-20,219.4,219.4,209.95,211.35,214.03350543011027,215189.0,6019.0,46057656.0,88260.0,41.02,9.450000000000015,-8.050000000000011,1629417600.0
2021-08-18,222.1,222.5,219.25,220.35,220.3386683821164,77725.0,1650.0,17125823.0,25895.0,33.32,3.25,-1.75,1629244800.0
2021-08-17,226.8,226.85,220.7,222.1,223.64942296412548,252324.0,5463.0,56432117.0,112293.0,44.5,6.150000000000006,-4.700000000000017,1629158400.0
2021-08-16,225.5,227.4,224.1,226.0,225.64238305256308,276620.0,4012.0,62417196.0,141045.0,50.99,3.300000000000012,0.5,1629072000.0
2021-08-13,225.0,226.75,223.55,225.3,225.1481935530396,152537.0,2421.0,34343430.0,50943.0,33.4,3.1999999999999886,0.3000000000000113,1628812800.0
2021-08-12,215.95,224.9,213.4,224.35,221.66454345996684,592971.0,6047.0,131440646.0,213980.0,36.09,11.5,8.400000000000006,1628726400.0
2021-08-11,217.95,218.5,210.3,213.55,213.26372474020337,116341.0,1880.0,24811315.0,29241.0,25.13,8.199999999999989,-4.399999999999977,1628640000.0
2021-08-09,224.45,227.5,222.3,223.0,225.0216684723727,329511.0,4123.0,74147115.0,100976.0,30.64,5.199999999999989,-1.4499999999999886,1628467200.0
2021-08-06,222.5,225.5,221.8,223.45,223.44322383685432,204725.0,2928.0,45744414.0,76922.0,37.57,3.6999999999999886,0.9499999999999886,1628208000.0
2021-08-05,225.5,231.4,221.1,222.4,225.1283139736812,440521.0,6351.0,99173750.0,106682.0,24.22,10.300000000000011,-3.0999999999999943,1628121600.0
2021-08-04,232.0,232.0,224.7,225.5,228.7222495926024,316644.0,5340.0,72423528.0,97326.0,30.74,7.300000000000011,-6.5,1628035200.0
2021-08-03,229.95,230.3,225.05,229.55,227.6652995959818,245781.0,2899.0,55955805.0,47370.0,19.27,5.25,-0.3999999999999772,1627948800.0
2021-08-02,223.05,229.65,223.05,228.5,227.49705798643765,323248.0,4807.0,73537969.0,174086.0,53.86,6.599999999999994,5.449999999999989,1627862400.0
2021-07-30,217.0,225.45,216.0,223.55,222.11360653346944,459419.0,5570.0,102043211.0,204257.0,44.46,9.449999999999989,6.550000000000011,1627603200.0
2021-07-29,221.5,223.0,215.55,216.35,217.249313708954,409083.0,7446.0,88873001.0,138327.0,33.81,7.449999999999989,-5.150000000000006,1627516800.0
2021-07-28,222.9,224.25,220.0,220.95,222.0537248077247,178130.0,3224.0,39554430.0,63998.0,35.93,4.25,-1.950000000000017,1627430400.0
2021-07-27,222.65,225.3,221.2,222.1,223.61170643310177,82775.0,1332.0,18509459.0,18911.0,22.85,4.100000000000023,-0.5500000000000114,1627344000.0
2021-07-26,227.0,227.0,221.75,222.2,222.9603744813646,140995.0,3637.0,31436298.0,67877.0,48.14,5.25,-4.800000000000011,1627257600.0
2021-07-23,227.0,227.7,224.3,226.95,226.3503069528387,84052.0,1165.0,19025196.0,21369.0,25.42,3.3999999999999773,-0.0500000000000113,1626998400.0
2021-07-22,222.35,226.85,222.35,226.45,225.3341060243508,227344.0,3188.0,51228357.0,93434.0,41.1,4.5,4.099999999999994,1626912000.0
2021-07-20,225.35,227.75,220.35,221.75,223.5701626101188,229752.0,2742.0,51365692.0,66196.0,28.81,7.400000000000006,-3.5999999999999943,1626739200.0
2021-07-19,230.05,230.05,223.0,225.3,225.38657522253027,479710.0,5987.0,108120194.0,249340.0,51.98,7.050000000000011,-4.75,1626652800.0
2021-07-16,234.0,234.0,228.2,230.9,229.730195331782,141810.0,1588.0,32578039.0,37203.0,26.23,5.800000000000011,-3.0999999999999943,1626393600.0
2021-07-15,237.8,237.8,230.55,231.1,233.36632672491288,225823.0,2769.0,52699484.0,82794.0,36.66,7.25,-6.700000000000017,1626307200.0
2021-07-14,237.0,240.95,235.8,240.45,238.8267666294465,369871.0,3589.0,88335095.0,96009.0,25.96,5.149999999999977,3.4499999999999886,1626220800.0
2021-07-13,232.0,237.45,229.75,235.7,234.76803781193624,612505.0,6875.0,143796597.0,299070.0,48.83,7.699999999999989,3.6999999999999886,1626134400.0
2021-07-12,231.0,232.7,228.6,229.85,230.7091996527528,208497.0,3239.0,48102176.0,82713.0,39.67,4.099999999999994,-1.1500000000000057,1626048000.0
2021-07-09,226.85,229.4,223.15,228.2,227.01820172437388,102298.0,1465.0,23223508.0,21914.0,21.42,6.25,1.3499999999999943,1625788800.0
2021-07-08,231.0,231.1,225.75,226.85,228.55466163202183,105403.0,1553.0,24090347.0,28282.0,26.83,5.349999999999994,-4.150000000000006,1625702400.0
2021-07-07,231.0,231.75,227.5,231.05,229.4045079059396,236784.0,2958.0,54319317.0,68899.0,29.1,4.25,0.0500000000000113,1625616000.0
2021-07-06,230.0,233.45,228.8,230.05,231.0917603220771,417043.0,5597.0,96375201.0,230020.0,55.15,4.649999999999977,0.0500000000000113,1625529600.0
2021-07-05,230.0,230.0,227.3,228.8,228.63059034834805,105785.0,1676.0,24185687.0,26220.0,24.79,2.6999999999999886,-1.1999999999999886,1625443200.0
2021-07-02,228.15,230.45,226.15,227.4,228.47582135962776,268853.0,3866.0,61426410.0,78623.0,29.24,4.299999999999983,-0.75,1625184000.0
2021-07-01,227.35,228.7,224.45,227.85,226.58681195106345,103154.0,1712.0,23373336.0,22948.0,22.25,4.25,0.5,1625097600.0
2021-06-30,229.0,229.0,223.9,225.0,226.2357354982691,113814.0,1982.0,25748794.0,37001.0,32.51,5.099999999999994,-4.0,1625011200.0
2021-06-29,231.0,236.0,225.0,226.4,229.75183390662173,648888.0,7061.0,149083208.0,151440.0,23.34,11.0,-4.599999999999994,1624924800.0
2021-06-28,220.75,230.5,220.75,229.1,226.148702584975,405884.0,5747.0,91790140.0,205356.0,50.59,9.75,8.349999999999994,1624838400.0
2021-06-25,219.9,224.3,219.25,221.3,221.67317787478584,180970.0,2099.0,40116195.0,40051.0,22.13,5.050000000000011,1.4000000000000057,1624579200.0
2021-06-24,224.5,226.45,218.95,219.75,220.68580676551883,289793.0,5458.0,63953202.0,87812.0,30.3,7.5,-4.75,1624492800.0
2021-06-23,227.2,231.5,223.55,224.2,227.90194867269653,271980.0,4068.0,61984772.0,72575.0,26.68,7.949999999999989,-3.0,1624406400.0
2021-06-22,229.7,230.25,224.25,224.85,227.51290674212024,172468.0,3114.0,39238696.0,51464.0,29.84,6.0,-4.849999999999994,1624320000.0
2021-06-21,226.8,226.8,222.3,226.1,224.54564848101765,126565.0,1984.0,28419620.0,17892.0,14.14,4.5,-0.700000000000017,1624233600.0
2021-06-18,230.2,232.7,220.0,226.8,224.89712261297848,231460.0,3266.0,52054688.0,38891.0,16.8,12.699999999999989,-3.3999999999999773,1623974400.0
2021-06-17,232.9,234.6,228.7,229.85,231.87210515767435,289394.0,4856.0,67102396.0,77404.0,26.75,5.900000000000006,-3.050000000000012,1623888000.0
2021-06-16,235.35,238.05,232.3,233.15,235.02698500902207,160163.0,3133.0,37642627.0,58611.0,36.59,5.75,-2.1999999999999886,1623801600.0
2021-06-15,238.0,240.7,234.8,235.35,237.7566247309356,191404.0,3841.0,45507569.0,74047.0,38.69,5.899999999999977,-2.6500000000000057,1623715200.0
2021-06-14,239.95,239.95,233.0,237.4,236.84441343981345,96043.0,1734.0,22747248.0,19197.0,19.99,6.949999999999989,-2.549999999999983,1623628800.0
2021-06-11,242.5,243.0,237.9,238.7,240.17746862615587,145344.0,2352.0,34908354.0,1046.0,48.76,5.099999999999994,-3.8000000000000114,1623369600.0
2021-06-10,237.65,241.45,236.25,240.75,239.48563702280248,201908.0,2920.0,48354066.0,51192.0,25.35,5.199999999999989,3.0999999999999943,1623283200.0
2021-06-09,237.8,241.05,233.1,235.5,237.6527050242941,189758.0,2919.0,45096502.0,44993.0,23.71,7.950000000000017,-2.300000000000012,1623196800.0
2021-06-08,238.0,241.5,232.75,236.0,236.54120324967008,412965.0,6112.0,97683238.0,102125.0,24.73,8.75,-2.0,1623110400.0
2021-06-07,231.0,241.2,230.6,237.45,237.58327552012543,387743.0,4812.0,92121252.0,77094.0,19.88,10.599999999999994,6.449999999999989,1623024000.0
2021-06-04,231.8,234.25,229.6,230.55,231.6561635124905,330250.0,4418.0,76504448.0,116321.0,35.22,4.650000000000006,-1.25,1622764800.0
2021-06-03,231.5,233.0,228.7,230.9,230.7769783377542,452400.0,6349.0,104403505.0,197342.0,43.62,4.300000000000011,-0.5999999999999943,1622678400.0
2021-06-02,221.5,231.9,218.5,230.1,226.3649927018553,596727.0,8264.0,135078103.0,356144.0,59.68,13.400000000000006,8.599999999999994,1622592000.0
2021-06-01,224.4,227.7,220.15,221.85,223.62173642536467,223413.0,2732.0,49960003.0,33412.0,14.96,7.549999999999983,-2.550000000000012,1622505600.0
2021-05-31,223.45,224.45,221.1,222.05,222.25709123455653,119549.0,1545.0,26570613.0,27850.0,23.3,3.3499999999999943,-1.3999999999999773,1622419200.0
2021-05-28,225.75,228.55,221.9,223.35,224.97438993475737,449706.0,5873.0,101172333.0,155505.0,34.58,6.650000000000006,-2.4000000000000057,1622160000.0
2021-05-27,223.25,224.1,218.6,223.4,221.90626293742403,224639.0,2326.0,49848801.0,23236.0,10.34,5.5,0.1500000000000056,1622073600.0
2021-05-26,221.3,224.2,219.0,222.1,222.5965852939647,230708.0,2613.0,51354813.0,55054.0,23.86,5.199999999999989,0.799999999999983,1621987200.0
2021-05-25,219.9,220.95,218.05,219.0,219.115952732644,231534.0,2364.0,50732793.0,91926.0,39.7,2.8999999999999773,-0.9000000000000057,1621900800.0
2021-05-24,215.4,220.65,215.4,218.85,218.045129590123,440620.0,5080.0,96075045.0,159112.0,36.11,5.25,3.4499999999999886,1621814400.0
2021-05-21,216.8,218.95,214.65,217.55,216.8546304146375,304314.0,3210.0,65991900.0,41852.0,13.75,4.299999999999983,0.75,1621555200.0
2021-05-20,217.8,218.25,213.45,214.0,215.41678121221665,374669.0,4260.0,80709990.0,65211.0,17.4,4.800000000000011,-3.8000000000000114,1621468800.0
2021-05-19,214.5,218.5,212.55,216.05,216.40049768664417,428382.0,4471.0,92702078.0,154565.0,36.08,5.949999999999989,1.5500000000000114,1621382400.0
2021-05-18,212.0,217.0,212.0,214.55,214.35711743827304,323157.0,2902.0,69271003.0,39204.0,12.13,5.0,2.550000000000012,1621296000.0
2021-05-17,210.0,212.15,206.6,210.15,209.806531895312,598693.0,5599.0,125609702.0,114276.0,19.09,5.550000000000011,0.1500000000000056,1621209600.0
2021-05-14,225.2,225.95,204.7,208.1,211.2496101729457,1265946.0,15561.0,267430599.0,297421.0,23.49,21.25,-17.099999999999994,1620950400.0
2021-05-12,225.8,226.1,219.6,221.45,222.9700672660412,611304.0,6720.0,136302494.0,116750.0,19.1,6.5,-4.350000000000023,1620757800.0
2021-05-11,220.0,226.85,216.9,224.1,223.56507529161263,860388.0,8241.0,192352708.0,243071.0,28.25,9.949999999999989,4.099999999999994,1620671400.0
2021-05-10,217.8,223.3,216.1,221.35,220.79744783583376,521910.0,3564.0,115236396.0,60571.0,11.61,7.200000000000017,3.549999999999983,1620585000.0
2021-05-07,214.0,216.0,209.5,213.95,212.33205173016427,326154.0,2715.0,69252948.0,60842.0,18.65,6.5,-0.0500000000000113,1620345600.0
2021-05-06,214.7,218.0,210.35,213.55,212.7580581264573,376111.0,3728.0,80020646.0,49045.0,13.04,7.650000000000006,-1.1499999999999773,1620259200.0
2021-05-05,221.2,221.3,212.0,215.1,215.12761969510265,423618.0,3390.0,91131932.0,48949.0,11.55,9.300000000000011,-6.099999999999994,1620153000.0
2021-05-04,221.0,226.2,216.25,217.6,221.6791168278677,419352.0,4463.0,92961581.0,105334.0,25.12,9.949999999999989,-3.4000000000000057,1620086400.0
2021-05-03,215.0,223.65,212.75,221.3,220.0638770235968,521596.0,5272.0,114784438.0,148947.0,28.56,10.9,6.3,1620000000.0
2021-04-30,207.85,223.55,203.45,216.8,217.42809586707736,784336.0,5835.0,170536683.0,62698.0,7.99,20.1,8.95,1619740800.0
2021-04-29,215.25,216.3,206.75,207.85,209.88891127278387,436822.0,4676.0,91684094.0,88061.0,20.16,9.55,-7.4,1619654400.0
2021-04-28,208.0,214.35,203.85,212.8,210.2525621178715,639510.0,6862.0,134458616.0,155515.0,24.32,10.5,4.8,1619568000.0
2021-04-27,200.3,206.3,200.3,205.7,204.2020567142829,258665.0,2831.0,52819925.0,136787.0,52.88,6.0,5.4,1619481600.0
2021-04-26,202.3,205.0,199.75,200.25,201.78457182624416,168121.0,1613.0,33924224.0,29539.0,17.57,5.25,-2.05,1619395200.0
2021-04-23,203.7,206.55,199.8,201.75,203.75261599210265,116495.0,1341.0,23736161.0,32311.0,27.74,6.75,-1.95,1619136000.0
2021-04-22,199.0,205.1,198.2,203.75,203.3234844319594,216437.0,2537.0,44006725.0,52822.0,24.41,6.9,4.75,1619049600.0
2021-04-20,204.2,208.45,200.5,202.3,205.52040641049865,232868.0,3177.0,47859126.0,51504.0,22.12,7.95,-1.9,1618876800.0
2021-04-19,200.0,205.1,199.7,203.8,202.5709978407889,616892.0,5039.0,124964428.0,192339.0,31.18,5.4,3.8,1618790400.0
2021-04-16,210.3,210.9,205.7,208.8,208.67431245943084,292710.0,3512.0,61081058.0,72419.0,24.74,5.2,-1.5,1618531200.0
2021-04-15,215.5,215.5,205.35,208.45,208.87146651433417,339608.0,4595.0,70934421.0,80951.0,23.84,10.15,-7.05,1618444800.0
2021-04-13,205.9,218.0,203.0,215.65,213.15179794633687,908036.0,6493.0,193549506.0,121502.0,13.38,15.0,9.75,1618272000.0
2021-04-12,216.8,219.5,202.55,203.55,208.44361078422392,567644.0,8537.0,118321765.0,126013.0,22.2,16.95,-13.25,1618185600.0
2021-04-09,226.5,228.0,222.1,223.6,224.74078330279207,160985.0,1298.0,36179895.0,21761.0,13.52,5.9,-2.9,1617926400.0
2021-04-08,224.05,229.15,223.4,224.25,226.7020155335865,177422.0,1736.0,40221925.0,28589.0,16.11,5.75,0.2,1617840000.0
2021-04-07,224.4,226.2,220.95,225.65,223.69483945601263,283536.0,2850.0,63425540.0,62741.0,22.13,5.25,1.25,1617753600.0
2021-04-06,223.25,227.45,219.9,222.75,223.5141322121,214050.0,1838.0,47843200.0,24759.0,11.57,7.55,-0.5,1617667200.0
2021-04-05,233.25,234.45,219.85,221.35,224.98802245789145,520975.0,6498.0,117213135.0,99613.0,19.12,14.6,-11.9,1617580800.0
2021-04-01,225.9,237.15,224.05,236.25,231.91264849908387,456821.0,4393.0,105942568.0,175603.0,38.44,13.1,10.35,1617235200.0
2021-03-31,221.0,227.5,221.0,223.75,225.04332489341903,231045.0,2569.0,51995135.0,66722.0,28.88,6.5,2.75,1617148800.0
2021-03-30,225.1,227.55,219.9,223.0,223.70405408563948,171136.0,1645.0,38283817.0,22072.0,12.9,7.65,-2.1,1617062400.0
2021-03-26,221.3,226.8,221.3,224.7,223.9402430103306,280235.0,2534.0,62755894.0,52973.0,18.9,5.5,3.4,1616716800.0
2021-03-25,223.95,223.95,212.5,219.2,218.7960634565832,386532.0,4397.0,84571680.0,81390.0,21.06,11.45,-4.75,1616630400.0
2021-03-24,226.1,229.9,220.3,221.85,227.08789952345208,343722.0,3532.0,78055107.0,70658.0,20.56,9.6,-4.25,1616544000.0
2021-03-23,225.5,231.15,224.1,229.25,228.35502878091668,301415.0,3766.0,68829631.0,88930.0,29.5,7.05,3.75,1616457600.0
2021-03-22,225.7,226.7,220.75,224.9,224.13691120524325,287303.0,3322.0,64395207.0,41867.0,14.57,5.95,-0.8,1616371200.0
2021-03-19,216.0,228.0,210.25,225.2,218.54197976735568,353587.0,2990.0,77273603.0,38637.0,10.93,17.75,9.2,1616112000.0
2021-03-18,223.95,228.65,208.1,216.9,218.85567084102,614706.0,7459.0,134531894.0,70752.0,11.51,20.55,-7.05,1616025600.0
2021-03-17,235.65,235.65,222.45,223.75,227.9659786290398,160311.0,1654.0,36545454.0,31092.0,19.39,13.2,-11.9,1615939200.0
2021-03-16,235.0,236.65,230.65,232.25,232.80895418256324,226464.0,1951.0,52722847.0,23635.0,10.44,6.0,-2.75,1615852800.0
2021-03-15,240.2,241.1,231.75,235.6,234.8755712778052,220777.0,1608.0,51855124.0,16003.0,7.25,9.35,-4.6,1615766400.0
2021-03-12,241.0,245.5,236.5,239.2,241.7129536194957,317116.0,2733.0,76651045.0,39043.0,12.31,9.0,-1.8,1615507200.0
2021-03-10,235.0,238.65,233.75,237.3,235.7461735121824,447081.0,4029.0,105397635.0,199037.0,44.52,4.9,2.3,1615334400.0
2021-03-09,236.0,237.85,229.15,232.05,232.93208828822785,566191.0,5579.0,131884052.0,157908.0,27.89,8.7,-3.95,1615248000.0
2021-03-08,247.45,247.45,234.2,234.8,238.1598869966468,439279.0,3736.0,104618637.0,95802.0,21.81,13.25,-12.65,1615161600.0
2021-03-05,257.0,258.85,239.05,242.55,247.19079480691408,894343.0,10312.0,221073357.0,173394.0,19.39,19.8,-14.45,1614902400.0
2021-03-04,245.0,261.2,242.6,259.05,251.89290016037688,1352439.0,14354.0,340669782.0,278282.0,20.58,18.6,14.05,1614816000.0
2021-03-03,246.0,252.15,243.6,250.05,248.33052319692928,582534.0,4773.0,144660973.0,89677.0,15.39,8.55,4.05,1614729600.0
2021-03-02,248.2,248.2,242.0,246.3,245.1929009711684,580023.0,5605.0,142217522.0,140093.0,24.15,6.2,-1.9,1614643200.0
2021-03-01,236.0,248.7,235.2,244.9,243.2244053877624,802708.0,5799.0,195238176.0,89105.0,11.1,13.5,8.9,1614556800.0
2021-02-26,235.5,238.0,227.2,232.0,232.45557721668465,572454.0,6898.0,133070125.0,96570.0,16.87,10.8,-3.5,1614297600.0
2021-02-25,242.0,243.6,239.55,241.55,241.69493387904555,528728.0,5325.0,127790879.0,183852.0,34.77,4.05,-0.45,1614211200.0
2021-02-24,234.8,252.85,227.25,239.0,238.94641539867527,1554887.0,12868.0,371534675.0,596937.0,38.39,25.6,4.2,1614124800.0
2021-02-23,228.2,232.1,223.45,229.9,228.858635245267,2092332.0,6136.0,478848246.0,446605.0,21.34,8.65,1.7,1614038400.0
2021-02-22,239.0,241.25,227.0,228.05,234.5715783250636,529441.0,4647.0,124191811.0,127734.0,24.13,14.25,-10.95,1613952000.0
2021-02-19,238.85,244.05,235.25,238.0,239.50447732629584,595668.0,4347.0,142665153.0,74853.0,12.57,8.8,-0.85,1613692800.0
2021-02-18,244.0,244.0,234.9,236.05,238.74752155310043,391475.0,3460.0,93463686.0,75912.0,19.39,9.1,-7.95,1613606400.0
2021-02-17,240.0,244.5,235.0,241.65,241.17655237103045,539449.0,4109.0,130102450.0,110193.0,20.43,9.5,1.65,1613520000.0
2021-02-16,240.0,240.6,232.75,236.2,236.31106199795047,442063.0,3103.0,104464377.0,42742.0,9.67,7.85,-3.8,1613433600.0
2021-02-15,242.9,244.45,236.9,237.85,239.9062814186496,346132.0,2644.0,83039241.0,51166.0,14.78,7.55,-5.05,1613347200.0
2021-02-12,243.0,243.35,236.6,239.5,240.1006277057004,595502.0,5104.0,142980404.0,101639.0,17.07,6.75,-3.5,1613088000.0
2021-02-11,247.25,248.8,239.0,240.05,243.3083855818622,610703.0,6555.0,148589161.0,107765.0,17.65,9.8,-7.2,1613001600.0
2021-02-10,244.0,250.9,240.3,249.2,244.7656368062432,596877.0,4771.0,146094979.0,58644.0,9.83,10.6,5.2,1612915200.0
2021-02-09,250.55,251.1,241.2,243.5,245.99525116792944,1426456.0,9920.0,350901402.0,181235.0,12.71,9.9,-7.05,1612828800.0
2021-02-08,242.0,256.55,242.0,248.9,248.9931059661299,1383225.0,11017.0,344413489.0,245150.0,17.72,14.55,6.9,1612742400.0
2021-02-05,245.0,249.9,235.15,241.4,241.66892429736768,1175864.0,10207.0,284169788.0,122343.0,10.4,14.75,-3.6,1612483200.0
2021-02-04,238.3,255.55,232.25,243.85,245.77323278288688,3998391.0,33211.0,982697482.0,226519.0,5.67,23.3,5.55,1612396800.0
2021-02-03,230.0,231.8,222.9,227.3,227.78886273066743,956572.0,6551.0,217896448.0,99101.0,10.36,8.9,-2.7,1612310400.0
2021-02-02,217.2,228.95,215.15,227.4,220.95714510021187,1675001.0,15150.0,370103439.0,259207.0,15.48,13.8,10.2,1612224000.0
2021-02-01,199.75,216.3,192.3,214.05,203.7367122247532,1122084.0,8007.0,228609705.0,100383.0,8.95,24.0,14.3,1612137600.0
2021-01-29,206.45,208.7,195.3,196.65,201.055507018698,1241897.0,9506.0,249690231.0,121651.0,9.8,13.4,-9.8,1611878400.0
2021-01-28,196.95,206.0,194.85,202.55,202.28477556865943,1136049.0,7802.0,229805417.0,45805.0,4.03,11.15,5.6,1611792000.0
2021-01-27,211.7,211.7,200.2,201.8,204.3470307279456,1167862.0,9037.0,238649132.0,75564.0,6.47,11.5,-9.9,1611705600.0
2021-01-25,235.4,239.6,209.4,211.15,220.6951918010776,1765110.0,15642.0,389551290.0,143891.0,8.15,30.2,-24.25,1611532800.0
2021-01-22,221.0,237.4,219.2,231.9,230.63554457763087,3054615.0,24933.0,704502794.0,183659.0,6.01,18.2,10.9,1611273600.0
2021-01-21,207.0,222.0,205.55,217.25,216.31327148525648,3146204.0,27531.0,680565680.0,546118.0,17.36,16.45,10.25,1611187200.0
2021-01-20,189.95,204.2,188.5,202.1,198.4742824689949,1072323.0,11497.0,212828538.0,181655.0,16.94,15.7,12.15,1611100800.0
2021-01-19,180.25,190.5,180.1,189.25,185.8402378071989,559613.0,5782.0,103998613.0,129834.0,23.2,10.4,9.0,1611014400.0
2021-01-18,185.35,185.35,174.65,179.4,178.96708000529543,453220.0,3824.0,81111460.0,38829.0,8.57,10.7,-5.95,1610928000.0
2021-01-15,191.0,192.1,181.85,183.25,186.47314977898023,495657.0,5689.0,92426722.0,136270.0,27.49,10.25,-7.75,1610668800.0
2021-01-14,192.6,194.8,188.6,190.25,191.11415154779928,416753.0,3769.0,79647396.0,67580.0,16.22,6.2,-2.35,1610582400.0
2021-01-13,196.7,196.7,187.5,191.9,192.5616496611196,338615.0,2834.0,65204263.0,43916.0,12.97,9.2,-4.8,1610496000.0
2021-01-12,191.5,198.6,191.5,192.75,195.43726173389527,615908.0,5136.0,120371373.0,147311.0,23.92,7.1,1.25,1610409600.0
2021-01-11,194.0,194.9,188.3,193.15,191.8323129783469,562876.0,3535.0,107977805.0,73488.0,13.06,6.6,-0.85,1610323200.0
2021-01-08,193.0,196.5,191.65,192.55,194.1028022881299,476896.0,4682.0,92566850.0,135376.0,28.39,4.85,-0.45,1610064000.0
2021-01-07,185.0,194.3,185.0,190.8,191.81061980697007,822256.0,7498.0,157717433.0,343722.0,41.8,9.3,5.8,1609977600.0
2021-01-06,188.15,189.8,183.8,186.45,187.16455897584083,307999.0,2329.0,57646497.0,62101.0,20.16,6.0,-1.7,1609891200.0
2021-01-05,186.1,188.45,184.3,186.85,186.20322569876927,1917228.0,8613.0,356994038.0,258802.0,13.5,4.15,0.75,1609804800.0
2021-01-04,182.0,189.65,180.9,188.6,185.14407596116564,510682.0,3770.0,94549747.0,67640.0,13.24,8.75,6.6,1609718400.0
2021-01-01,179.75,180.9,177.25,179.8,179.17557315177203,1146206.0,4515.0,205372117.0,293243.0,25.58,3.65,0.05,1609459200.0
2020-12-31,179.8,183.2,176.95,178.05,180.2258482291421,471777.0,4632.0,85026410.0,129264.0,27.4,6.25,-1.75,1609372800.0
2020-12-30,181.95,182.3,178.4,179.9,180.03699480552388,276255.0,2863.0,49736120.0,62723.0,22.7,3.9,-2.05,1609286400.0
2020-12-29,180.0,181.85,177.65,180.75,179.64610376999386,514908.0,3090.0,92501216.0,76829.0,14.92,4.2,0.75,1609200000.0
2020-12-28,178.75,179.65,176.05,177.4,177.74863044637428,294439.0,3007.0,52336129.0,75027.0,25.48,3.6,-1.35,1609113600.0
2020-12-24,180.0,181.15,174.75,175.45,177.56837181406348,406827.0,2516.0,72239608.0,131767.0,32.39,6.4,-4.55,1608768000.0
2020-12-23,177.5,179.75,173.45,178.1,177.30227930055457,565305.0,3363.0,100229865.0,59868.0,10.59,6.3,0.6,1608681600.0
2020-12-22,173.0,181.8,170.25,174.85,174.93063350201692,522082.0,6091.0,91328135.0,105069.0,20.12,11.55,1.85,1608595200.0
2020-12-21,191.5,191.5,172.35,177.1,182.15058592770487,717836.0,4561.0,130754248.0,75081.0,10.46,19.15,-14.4,1608508800.0
2020-12-18,197.55,198.4,189.7,191.45,193.7724045715485,647658.0,3675.0,125498248.0,87400.0,13.49,8.7,-6.1,1608249600.0
2020-12-17,196.9,199.7,195.55,197.55,197.42406253496017,563141.0,3534.0,111177584.0,101839.0,18.08,4.15,0.65,1608163200.0
2020-12-16,191.0,200.0,191.0,196.95,197.26988588112548,1978288.0,11896.0,390256648.0,374362.0,18.92,9.0,5.95,1608076800.0
2020-12-15,190.0,191.25,185.35,189.55,188.99351536060703,1064053.0,5446.0,201099117.0,510005.0,47.93,5.9,-0.45,1607990400.0
2020-12-14,193.75,194.45,187.7,188.4,191.4934722112576,405344.0,4091.0,77620730.0,93342.0,23.03,6.75,-5.35,1607904000.0
2020-12-11,181.5,194.65,181.5,193.1,191.29738543924992,1025373.0,6678.0,196151174.0,131346.0,12.81,13.15,11.6,1607644800.0
2020-12-10,184.0,186.2,180.8,181.4,183.6181870817868,424873.0,3682.0,78014410.0,110380.0,25.98,5.4,-2.6,1607558400.0
2020-12-09,187.0,189.95,183.05,183.7,185.26366892504208,162211.0,1450.0,30051805.0,26871.0,16.57,6.9,-3.3,1607472000.0
2020-12-08,188.65,190.75,184.95,186.75,187.3310417365324,459214.0,3372.0,86025037.0,93225.0,20.3,5.8,-1.9,1607385600.0
2020-12-07,188.25,189.1,185.6,188.1,187.4750783755172,782132.0,2682.0,146630258.0,209978.0,26.85,3.5,-0.15,1607299200.0
2020-12-04,186.5,191.2,184.75,188.2,188.49041904818904,300753.0,3007.0,56689059.0,75365.0,25.06,6.45,1.7,1607040000.0
2020-12-03,185.15,191.8,185.15,187.55,189.3150626807281,471357.0,2529.0,89234980.0,38524.0,8.17,6.65,2.4,1606953600.0
2020-12-02,186.3,189.25,185.75,188.35,187.0004613749564,678407.0,3181.0,126862422.0,34953.0,5.15,3.5,2.05,1606867200.0
2020-12-01,185.0,188.0,182.9,186.9,185.04110839577484,247565.0,2058.0,45809702.0,34012.0,13.74,5.1,1.9,1606780800.0
2020-11-27,177.0,185.35,176.0,184.4,182.7144713594232,556361.0,5593.0,101655206.0,186434.0,33.51,9.35,7.4,1606435200.0
2020-11-26,174.45,176.2,171.5,175.05,173.7463809343195,205647.0,2416.0,35730422.0,46450.0,22.59,4.7,0.6,1606348800.0
2020-11-25,177.55,178.5,172.05,173.45,175.2047602183602,463088.0,3717.0,81135222.0,116850.0,25.23,6.45,-4.1,1606262400.0
2020-11-24,174.6,179.15,174.6,177.6,177.94168991168792,613393.0,3451.0,109148187.0,69570.0,11.34,4.55,3.0,1606176000.0
2020-11-23,175.35,177.95,173.3,173.95,176.01239750837362,593829.0,3613.0,104521266.0,98891.0,16.65,4.65,-1.4,1606089600.0
2020-11-20,173.4,178.15,172.3,175.35,174.8088663714934,1360331.0,6634.0,237797920.0,220914.0,16.24,5.85,1.95,1605830400.0
2020-11-19,174.95,177.0,171.9,173.35,174.20009950886345,265303.0,2426.0,46215809.0,26731.0,10.08,5.1,-1.6,1605744000.0
2020-11-18,174.4,175.45,169.85,174.6,172.6405612179769,352519.0,3911.0,60859078.0,77189.0,21.9,5.6,0.2,1605657600.0
2020-11-17,164.8,174.65,164.5,173.15,171.01441103707864,658870.0,6302.0,112676265.0,209684.0,31.82,10.15,8.35,1605571200.0
2020-11-14,165.0,166.35,163.5,164.8,165.2283063334678,47099.0,982.0,7782088.0,27661.0,58.73,2.85,-0.2,1605312000.0
2020-11-13,165.1,165.15,162.1,164.0,163.64778656532457,194720.0,2009.0,31865497.0,50674.0,26.02,3.05,-1.1,1605225600.0
2020-11-12,161.0,165.45,159.25,164.25,163.11516784418427,286903.0,2668.0,46798231.0,56950.0,19.85,6.2,3.25,1605139200.0
2020-11-11,165.0,165.05,159.0,161.2,161.2139721850021,411217.0,4086.0,66293926.0,147296.0,35.82,6.05,-3.8,1605052800.0
2020-11-10,157.5,165.3,157.5,164.7,161.2851979180054,684728.0,7096.0,110436491.0,211910.0,30.95,7.8,7.2,1604966400.0
2020-11-09,154.2,158.2,152.75,157.5,155.28458072188707,554131.0,5777.0,86048000.0,154447.0,27.87,5.45,3.3,1604880000.0
2020-11-06,149.0,157.1,146.95,153.5,153.16971129710595,1081631.0,10296.0,165673108.0,438845.0,40.57,10.15,4.5,1604620800.0
2020-11-05,150.75,151.9,144.6,147.8,147.26764652637897,872778.0,8740.0,128531962.0,126178.0,14.46,7.3,-2.95,1604534400.0
2020-11-04,144.45,149.25,142.8,147.9,146.39942636065135,717524.0,7701.0,105045102.0,142807.0,19.9,6.45,3.45,1604448000.0
2020-11-03,140.1,146.5,140.1,142.95,144.0565262148024,285602.0,3175.0,41142832.0,70627.0,24.73,6.4,2.85,1604361600.0
2020-11-02,140.5,142.5,138.75,141.35,140.89870984322795,194550.0,2150.0,27411844.0,55956.0,28.76,3.75,0.85,1604275200.0
2020-10-30,142.85,144.25,137.7,139.9,140.1087169529768,222486.0,2033.0,31172228.0,36024.0,16.19,6.55,-2.95,1604016000.0
2020-10-29,141.1,143.55,139.05,142.9,141.34723406944047,221571.0,3506.0,31318448.0,54259.0,24.49,4.5,1.8,1603929600.0
2020-10-28,147.8,149.3,142.15,143.25,145.09297785530728,341662.0,3952.0,49572757.0,71389.0,20.89,7.15,-4.55,1603843200.0
2020-10-27,147.0,152.55,143.0,149.6,149.16100033777224,375993.0,5048.0,56083492.0,70769.0,18.82,9.55,2.6,1603756800.0
2020-10-26,149.7,150.4,144.45,148.05,146.57363607293368,628571.0,4450.0,92131937.0,126988.0,20.2,5.95,-1.65,1603670400.0
2020-10-23,141.0,150.7,141.0,149.8,147.4021458833822,566946.0,5068.0,83569057.0,113682.0,20.05,9.7,8.8,1603411200.0
2020-10-22,141.3,143.5,138.35,141.15,141.1350066050198,563965.0,5457.0,79595204.0,119164.0,21.13,5.15,-0.15,1603324800.0
2020-10-21,132.25,143.15,132.25,141.0,138.9841355377168,771977.0,7557.0,107292556.0,327886.0,42.47,10.9,8.75,1603238400.0
2020-10-20,131.3,132.5,129.85,131.75,131.5815593574507,61256.0,705.0,8060160.0,10970.0,17.91,2.65,0.45,1603152000.0
2020-10-19,130.8,131.65,128.1,131.3,130.2235067266168,112538.0,1258.0,14655093.0,19826.0,17.62,3.55,0.5,1603065600.0
2020-10-16,124.1,128.5,124.1,128.15,126.7628615663727,146619.0,1648.0,18585844.0,36761.0,25.07,4.4,4.05,1602806400.0
2020-10-15,129.35,130.1,124.3,124.95,127.8668376345612,197308.0,2004.0,25229150.0,48294.0,24.48,5.8,-4.4,1602720000.0
2020-10-14,132.0,132.0,126.8,128.7,128.28187143230235,134015.0,1985.0,17191695.0,37452.0,27.95,5.2,-3.3,1602633600.0
2020-10-13,132.55,133.45,130.3,131.65,131.9779427822669,119054.0,1353.0,15712502.0,17389.0,14.61,3.15,-0.9,1602547200.0
2020-10-12,137.5,138.65,131.85,132.25,134.5780083734542,216637.0,2319.0,29154576.0,47829.0,22.08,6.8,-5.25,1602460800.0
2020-10-09,136.75,138.55,135.7,137.8,137.16722244067347,195823.0,1401.0,26860497.0,32336.0,16.51,2.85,1.05,1602201600.0
2020-10-08,136.0,137.4,135.5,136.75,136.6266730141458,220560.0,2843.0,30134379.0,102809.0,46.61,1.9,0.75,1602115200.0
2020-10-07,135.0,137.5,134.25,136.2,135.9505526372479,181041.0,1605.0,24612624.0,31879.0,17.61,3.25,1.2,1602028800.0
2020-10-06,135.0,136.65,133.4,135.3,134.74740679257738,206019.0,2531.0,27760526.0,93395.0,45.33,3.25,0.3,1601942400.0
2020-10-05,132.85,135.3,132.2,134.9,134.0424347158218,338520.0,4190.0,45376045.0,148400.0,43.84,3.1,2.05,1601856000.0
2020-10-01,131.0,133.15,130.9,132.9,132.33160913010457,334454.0,3905.0,44258836.0,145460.0,43.49,2.25,1.9,1601510400.0
2020-09-30,131.0,131.95,129.35,130.9,130.5306015288142,198062.0,1622.0,25853152.0,37996.0,19.18,2.6,-0.1,1601424000.0
2020-09-29,129.9,130.8,126.65,130.15,129.04685695593344,201763.0,2004.0,26036881.0,36021.0,17.85,4.15,0.25,1601337600.0
2020-09-28,124.95,129.35,121.0,128.35,126.69063634862992,387712.0,4306.0,49119480.0,53332.0,13.76,8.35,3.4,1601251200.0
2020-09-25,115.85,121.25,113.65,120.15,118.14532830937247,556533.0,3830.0,65751774.0,80444.0,14.45,7.6,4.3,1600992000.0
2020-09-24,119.95,119.95,114.5,115.8,116.75715515849524,185810.0,2902.0,21694647.0,48680.0,26.2,5.45,-4.15,1600905600.0
2020-09-23,125.5,126.0,119.4,121.35,121.70765003684356,335201.0,3377.0,40796526.0,79035.0,23.58,6.6,-4.15,1600819200.0
2020-09-22,124.5,124.7,117.8,124.25,121.77172217471497,618619.0,3439.0,75330301.0,48151.0,7.78,6.9,-0.25,1600732800.0
2020-09-21,132.0,133.1,123.0,124.35,128.70558303794957,614737.0,7520.0,79120084.0,132009.0,21.47,10.1,-7.65,1600646400.0
2020-09-18,135.55,135.55,129.7,130.7,132.26150459137784,382456.0,4550.0,50584206.0,139245.0,36.41,5.85,-4.85,1600387200.0
2020-09-17,128.95,135.35,127.2,134.6,132.44270052752157,605852.0,4913.0,80240675.0,94605.0,15.62,8.15,5.65,1600300800.0
2020-09-16,127.5,128.9,126.1,128.6,127.3872495842984,477506.0,4526.0,60828176.0,77172.0,16.16,2.8,1.1,1600214400.0
2020-09-15,125.95,130.35,124.45,127.75,128.34217698544649,468547.0,4423.0,60134342.0,118153.0,25.22,5.9,1.8,1600128000.0
2020-09-14,116.0,126.4,116.0,125.55,122.39704323016493,1097752.0,12045.0,134361599.0,416296.0,37.92,10.4,9.55,1600041600.0
2020-09-11,116.0,117.45,115.2,116.25,116.50252782743364,468782.0,4202.0,54614288.0,112179.0,23.93,2.25,0.25,1599782400.0
2020-09-10,117.2,117.4,113.35,116.35,115.66206074702993,383492.0,2822.0,44355475.0,64862.0,16.91,4.05,-0.85,1599696000.0
2020-09-09,113.2,115.1,109.6,113.35,112.1752412727092,432809.0,4398.0,48550454.0,96511.0,22.3,5.5,0.15,1599609600.0
2020-09-08,121.4,121.4,112.35,113.55,115.40353460385931,251287.0,2302.0,28999408.0,62244.0,24.77,9.05,-7.85,1599523200.0
2020-09-07,121.0,123.05,117.55,118.75,119.6254846595834,385322.0,3920.0,46094331.0,77095.0,20.01,5.5,-2.25,1599436800.0
2020-09-04,121.3,124.2,118.95,121.0,122.48333602887254,451363.0,3867.0,55284446.0,93572.0,20.73,5.25,-0.3,1599177600.0
2020-09-03,124.0,125.7,122.15,123.7,123.89207461237496,310029.0,2056.0,38410136.0,39410.0,12.71,3.55,-0.3,1599091200.0
2020-09-02,124.0,124.35,120.0,122.5,122.34093005605756,324131.0,3269.0,39654488.0,69261.0,21.37,4.35,-1.5,1599004800.0
2020-09-01,122.95,125.85,117.95,122.5,121.70083669566968,437196.0,5344.0,53207119.0,101006.0,23.1,7.9,-0.45,1598918400.0
2020-08-31,130.1,135.3,121.7,123.7,128.32317388935337,666211.0,9236.0,85490310.0,185028.0,27.77,13.6,-6.4,1598832000.0
2020-08-28,136.9,137.9,132.7,133.6,135.21433868684173,341147.0,3518.0,46127966.0,103420.0,30.32,5.2,-3.3,1598572800.0
2020-08-27,133.35,138.95,132.9,135.3,136.35964399036837,1244236.0,9715.0,169663578.0,341944.0,27.48,6.05,1.95,1598486400.0
2020-08-26,126.9,132.5,126.4,132.05,130.3045448062958,694177.0,7344.0,90454418.0,84697.0,12.2,6.1,5.15,1598400000.0
2020-08-25,130.0,130.0,126.2,126.7,127.29944267333316,261606.0,2151.0,33302298.0,47185.0,18.04,3.8,-3.3,1598313600.0
2020-08-24,133.5,133.5,127.25,128.4,129.96898527699923,200163.0,2347.0,26014982.0,52237.0,26.1,6.25,-5.1,1598227200.0
2020-08-21,130.4,132.9,129.7,131.2,131.3577638468815,300212.0,2553.0,39435177.0,52854.0,17.61,3.2,0.8,1597968000.0
2020-08-20,127.65,130.0,126.45,128.7,128.6395950218896,360217.0,3386.0,46338169.0,82136.0,22.8,3.55,1.05,1597881600.0
2020-08-19,129.55,129.55,127.25,127.95,128.09154756280023,203184.0,1667.0,26026153.0,38365.0,18.88,2.3,-1.6,1597795200.0
2020-08-18,130.0,130.95,126.85,128.35,128.734117795698,411577.0,3305.0,52984002.0,80119.0,19.47,4.1,-1.65,1597708800.0
2020-08-17,130.75,132.5,128.45,129.3,130.90901300339303,516942.0,4001.0,67672367.0,108312.0,20.95,4.05,-1.45,1597622400.0
2020-08-14,133.0,134.25,128.75,129.95,131.6732408591004,600023.0,3855.0,79006973.0,84526.0,14.09,5.5,-3.05,1597363200.0
2020-08-13,131.3,133.65,129.35,131.8,131.97582061399703,368992.0,2949.0,48698022.0,55544.0,15.05,4.3,0.5,1597276800.0
2020-08-12,124.1,130.15,123.75,129.4,126.98905270720428,896386.0,10896.0,113831209.0,313602.0,34.99,6.4,5.3,1597190400.0
2020-08-11,127.45,129.4,124.3,126.4,127.38944886828163,357156.0,2613.0,45497906.0,80700.0,22.6,5.1,-1.05,1597104000.0
2020-08-10,123.6,128.15,122.9,127.4,126.1082981651165,651867.0,4934.0,82205838.0,136554.0,20.95,5.25,3.8,1597017600.0
2020-08-07,116.0,124.9,114.5,123.45,122.30335444251124,2436381.0,13798.0,297977569.0,537424.0,22.06,10.4,7.45,1596758400.0
2020-08-06,115.6,116.25,111.0,115.6,113.46151187546658,723340.0,4213.0,82071250.0,88604.0,12.25,5.25,0.0,1596672000.0
2020-08-05,116.2,117.7,115.05,115.8,116.40151612449776,988837.0,6677.0,115102126.0,276273.0,27.94,2.65,-0.4,1596585600.0
2020-08-04,109.2,116.05,108.95,115.3,113.4314631484096,1155269.0,7913.0,131043853.0,444649.0,38.49,7.1,6.1,1596499200.0
2020-08-03,108.25,110.65,107.6,108.15,109.0273680318018,270425.0,2048.0,29483726.0,67168.0,24.84,3.05,-0.1,1596412800.0
2020-07-31,107.05,109.4,107.05,108.35,108.17572269525913,190260.0,1369.0,20581513.0,25842.0,13.58,2.35,1.3,1596153600.0
2020-07-30,110.0,111.2,107.6,108.3,109.25397026831035,220640.0,2001.0,24105796.0,44044.0,19.96,3.6,-1.7,1596067200.0
2020-07-29,111.0,111.95,109.35,110.4,110.4547519569102,317848.0,1593.0,35107822.0,54457.0,17.13,2.6,-0.6,1595980800.0
2020-07-28,106.7,111.25,106.7,110.75,109.69113248280075,307572.0,1887.0,33737921.0,79625.0,25.89,4.55,4.05,1595894400.0
2020-07-27,109.5,109.7,105.9,106.7,107.06717173570092,272570.0,1610.0,29183299.0,80424.0,29.51,3.8,-2.8,1595808000.0
2020-07-24,109.0,110.85,108.4,108.95,109.45671315527832,293692.0,1796.0,32146561.0,47114.0,16.04,2.45,-0.05,1595548800.0
2020-07-23,110.0,111.2,108.85,109.45,109.86036539584548,239740.0,1839.0,26337924.0,104044.0,43.4,2.35,-0.55,1595462400.0
2020-07-22,110.45,111.05,106.9,109.55,108.95763058204216,472251.0,3869.0,51455350.0,105482.0,22.34,4.15,-0.9,1595376000.0
2020-07-21,111.9,112.25,109.7,110.25,110.98690361318435,293287.0,1563.0,32551016.0,122476.0,41.76,2.55,-1.65,1595289600.0
2020-07-20,109.4,113.1,109.15,109.65,111.1036587456149,612587.0,4053.0,68060657.0,173946.0,28.4,3.95,0.25,1595203200.0
2020-07-17,110.8,111.0,107.8,109.6,109.34997888835204,229731.0,1724.0,25121080.0,64580.0,28.11,3.2,-1.2,1594944000.0
2020-07-16,114.0,114.0,108.8,109.45,110.10828769989266,219868.0,1731.0,24209289.0,52004.0,23.65,5.2,-4.55,1594857600.0
2020-07-15,112.45,114.8,110.5,112.15,113.23558214921944,616354.0,3629.0,69793204.0,61442.0,9.97,4.3,-0.3,1594771200.0
2020-07-14,114.0,114.0,110.05,110.4,111.52437906058628,128676.0,1327.0,14350511.0,35536.0,27.62,3.95,-3.6,1594684800.0
2020-07-13,113.3,115.2,112.35,114.1,113.5184969055388,121669.0,1001.0,13811682.0,28576.0,23.49,2.85,0.8,1594598400.0
2020-07-10,116.0,117.0,112.8,113.2,114.57978680514118,124018.0,1041.0,14209956.0,32737.0,26.4,4.2,-2.8,1594339200.0
2020-07-09,117.0,117.0,114.25,115.35,115.42329631690782,158128.0,1457.0,18251655.0,26661.0,16.86,2.75,-1.65,1594252800.0
2020-07-08,118.0,119.5,115.0,115.95,117.79613554175523,356997.0,3809.0,42052867.0,95522.0,26.76,4.5,-2.05,1594166400.0
2020-07-07,117.4,118.25,115.5,117.35,116.94558069706096,427624.0,2426.0,50008737.0,55086.0,12.88,2.75,-0.05,1594080000.0
2020-07-06,115.05,118.15,114.75,117.8,116.71785009207088,617459.0,6033.0,72068487.0,248035.0,40.17,3.4,2.75,1593993600.0
2020-07-03,112.0,114.8,111.75,114.35,113.69049232473444,323181.0,2800.0,36742607.0,67685.0,20.94,3.05,2.35,1593734400.0
2020-07-02,110.0,111.75,110.0,110.8,110.86346882196575,315254.0,2463.0,34950152.0,98800.0,31.34,1.75,0.8,1593648000.0
2020-07-01,108.2,110.85,108.2,109.8,109.80600164744288,460107.0,3728.0,50522510.0,89719.0,19.5,2.65,1.6,1593561600.0
2020-06-30,108.7,110.75,107.5,108.2,108.96284336688193,204082.0,1438.0,22237355.0,39638.0,19.42,3.25,-0.5,1593475200.0
2020-06-29,111.0,111.0,107.25,108.4,108.65337371231362,288599.0,3113.0,31357255.0,77667.0,26.91,3.75,-2.6,1593388800.0
2020-06-26,114.3,114.95,110.6,111.0,112.8191902880004,985832.0,6114.0,111220768.0,142799.0,14.49,4.35,-3.3,1593129600.0
2020-06-25,108.8,113.35,107.15,112.3,111.40483190988006,1000267.0,6736.0,111434577.0,159976.0,15.99,6.2,3.5,1593043200.0
2020-06-24,113.2,114.35,107.1,108.95,112.32758852521336,602399.0,5334.0,67666027.0,150243.0,24.94,7.25,-4.25,1592956800.0
2020-06-23,112.5,114.0,111.4,112.05,112.8315002199736,400048.0,2711.0,45138016.0,77910.0,19.48,2.6,-0.45,1592870400.0
2020-06-22,110.0,113.3,108.9,111.75,111.19541495173848,615915.0,4582.0,68486924.0,81633.0,13.25,4.4,1.75,1592784000.0
2020-06-19,105.2,109.85,105.2,108.9,108.25484310527251,886518.0,10601.0,95969867.0,238252.0,26.88,4.65,3.7,1592524800.0
2020-06-18,105.0,106.5,104.8,106.05,105.49820764451242,580521.0,4073.0,61243925.0,47018.0,8.1,1.7,1.05,1592438400.0
2020-06-17,106.0,107.7,104.4,105.35,105.97066535056602,324190.0,2629.0,34354630.0,57473.0,17.73,3.3,-0.65,1592352000.0
2020-06-16,108.8,109.4,104.25,105.85,107.17826538131833,664930.0,4529.0,71266044.0,139777.0,21.02,5.15,-2.95,1592265600.0
2020-06-15,110.0,112.6,106.0,106.9,108.99311751303472,1100329.0,7515.0,119928288.0,180871.0,16.44,6.6,-3.1,1592179200.0
2020-06-12,99.9,107.7,98.0,106.35,103.07228033214552,364539.0,2938.0,37573866.0,38967.0,10.69,9.7,6.45,1591920000.0
2020-06-11,107.25,109.15,104.45,104.95,106.9152577872166,444029.0,3157.0,47473475.0,137897.0,31.06,4.7,-2.3,1591833600.0
2020-06-10,104.0,106.4,103.7,105.7,104.90673175284005,445768.0,2620.0,46764064.0,116257.0,26.08,2.7,1.7,1591747200.0
2020-06-09,107.05,108.2,104.25,104.7,106.46304334192624,302963.0,3224.0,32254363.0,64531.0,21.3,3.95,-2.35,1591660800.0
2020-06-08,105.1,109.5,105.1,106.25,107.6107946168127,722323.0,4333.0,77729752.0,162578.0,22.51,4.4,1.15,1591574400.0
2020-06-05,103.0,105.35,102.6,104.6,104.15840887370037,345290.0,3335.0,35964857.0,64975.0,18.82,2.75,1.6,1591315200.0
2020-06-04,106.95,107.7,101.85,102.45,104.2955246724508,530531.0,3158.0,55332009.0,128983.0,24.31,5.85,-4.5,1591228800.0
2020-06-03,105.5,109.85,104.95,106.8,107.91913790471352,700897.0,5566.0,75640200.0,99496.0,14.2,4.9,1.3,1591142400.0
2020-06-02,105.8,106.5,102.45,104.0,104.23638854035968,478200.0,3972.0,49845841.0,72439.0,15.15,4.05,-1.8,1591056000.0
2020-06-01,99.4,105.4,98.7,104.7,101.6033635368998,755871.0,4518.0,76799036.0,107134.0,14.17,6.7,5.3,1590969600.0
2020-05-29,98.95,100.8,96.35,97.1,98.8807437805446,931834.0,4411.0,92140439.0,97377.0,10.45,4.45,-1.85,1590710400.0
2020-05-28,94.85,98.35,94.6,98.0,97.10416650454688,642529.0,3071.0,62392243.0,116363.0,18.11,3.75,3.15,1590624000.0
2020-05-27,93.0,95.45,91.7,94.8,93.44529799384044,313983.0,1835.0,29340235.0,52115.0,16.6,3.75,1.8,1590537600.0
2020-05-26,91.2,92.9,90.5,92.4,91.60559400975202,201394.0,1404.0,18448817.0,24011.0,11.92,2.4,1.2,1590451200.0
2020-05-22,92.0,92.95,89.9,90.35,91.36774926829978,275386.0,1741.0,25161399.0,33851.0,12.29,3.05,-1.65,1590105600.0
2020-05-21,91.5,93.0,90.35,91.95,92.07102293585304,313265.0,1909.0,28842629.0,35754.0,11.41,2.65,0.45,1590019200.0
2020-05-20,93.8,94.35,89.05,90.35,91.30388313857428,999269.0,6028.0,91237140.0,123160.0,12.32,5.3,-3.45,1589932800.0
2020-05-19,92.6,95.85,90.25,91.75,93.52650262400697,651294.0,4317.0,60913250.0,44614.0,6.85,5.6,-0.85,1589846400.0
2020-05-18,93.4,93.6,89.8,91.65,92.0481726551096,519278.0,3022.0,47798591.0,34184.0,6.58,3.8,-1.75,1589760000.0
2020-05-15,93.4,93.4,90.5,91.8,91.76364551504192,224506.0,1410.0,20601489.0,26873.0,11.97,2.9,-1.6,1589500800.0
2020-05-14,93.5,94.6,91.5,92.55,93.13654394908367,228139.0,1221.0,21248078.0,26242.0,11.5,3.1,-0.95,1589414400.0
2020-05-13,95.1,96.0,92.15,94.35,93.98431403710912,377535.0,2443.0,35482368.0,51237.0,13.57,3.85,-0.75,1589328000.0
2020-05-12,93.5,93.5,88.0,90.85,90.1073528727611,429900.0,2758.0,38737151.0,38163.0,8.88,5.5,-2.65,1589241600.0
2020-05-11,90.05,94.35,90.05,93.1,92.7651482893245,389846.0,2659.0,36164122.0,79709.0,20.45,4.3,3.05,1589155200.0
2020-05-08,91.5,93.0,88.8,90.05,90.6939449175472,351110.0,2710.0,31843551.0,55744.0,15.88,4.2,-1.45,1588896000.0
2020-05-07,86.5,90.5,85.55,89.7,88.69587615454662,499655.0,4218.0,44317338.0,86509.0,17.31,4.95,3.2,1588809600.0
2020-05-06,83.0,88.2,81.6,87.0,84.78348785672291,442220.0,2927.0,37492954.0,48060.0,10.87,6.6,4.0,1588723200.0
2020-05-05,93.4,93.4,84.4,85.85,88.15581941544885,421520.0,3672.0,37159441.0,100149.0,23.76,9.0,-7.55,1588636800.0
2020-05-04,96.0,96.0,87.15,88.85,88.95745607178125,505313.0,3895.0,44951359.0,125478.0,24.83,8.85,-7.15,1588550400.0
2020-04-30,97.55,103.25,95.8,96.25,99.52958909954818,899926.0,7074.0,89569265.0,151157.0,16.8,7.45,-1.3,1588204800.0
2020-04-29,90.0,96.8,89.75,95.7,93.97090705192616,403053.0,3599.0,37875256.0,109535.0,27.18,7.05,5.7,1588118400.0
2020-04-28,91.0,92.4,89.2,89.5,90.32198498338975,252254.0,2036.0,22784082.0,61945.0,24.56,3.2,-1.5,1588032000.0
2020-04-27,90.0,92.45,89.3,89.75,90.55773868167957,213150.0,2141.0,19302382.0,47261.0,22.17,3.15,-0.25,1587945600.0
2020-04-24,97.0,97.0,89.6,90.0,91.41254489294604,123349.0,1510.0,11275646.0,44449.0,36.04,7.4,-7.0,1587686400.0
2020-04-23,95.8,96.25,92.85,93.2,94.66643075348271,250092.0,1522.0,23675317.0,41196.0,16.47,3.4,-2.6,1587600000.0
2020-04-22,92.0,95.35,90.0,94.4,93.67779236357072,282619.0,2025.0,26475124.0,30728.0,10.87,5.35,2.4,1587513600.0
2020-04-21,96.0,96.0,91.3,91.95,92.42540719771593,164969.0,1774.0,15247327.0,50280.0,30.48,4.7,-4.05,1587427200.0
2020-04-20,104.8,104.8,95.95,97.4,99.37859573465872,492528.0,5444.0,48946741.0,115303.0,23.41,8.85,-7.4,1587340800.0
2020-04-17,98.7,99.35,95.0,98.05,96.899118198192,522453.0,3670.0,50625235.0,86220.0,16.5,4.35,-0.65,1587081600.0
2020-04-16,89.0,95.9,89.0,93.95,93.79648315677478,846839.0,6586.0,79430520.0,116081.0,13.71,6.9,4.95,1586995200.0
2020-04-15,88.1,89.85,86.1,88.0,88.34407672231401,647530.0,4488.0,57205440.0,61693.0,9.53,3.75,-0.1,1586908800.0
2020-04-13,93.0,93.0,85.15,85.95,87.42376156601141,1930765.0,10957.0,168794739.0,146506.0,7.59,7.85,-7.05,1586736000.0
2020-04-09,88.7,90.9,84.6,89.75,88.95163861866777,420232.0,3718.0,37380325.0,58629.0,13.95,6.3,1.05,1586390400.0
2020-04-08,83.5,87.1,82.05,83.4,84.33778712524227,193992.0,1818.0,16360856.0,23616.0,12.17,5.05,-0.1,1586304000.0
2020-04-07,82.0,84.0,79.75,83.45,81.64501016529655,294138.0,2192.0,24014900.0,48627.0,16.53,4.25,1.45,1586217600.0
2020-04-03,82.0,82.0,76.85,78.55,78.26877250409164,244400.0,1406.0,19128888.0,27538.0,11.27,5.15,-3.45,1585872000.0
2020-04-01,80.0,80.0,76.8,78.0,77.83551783599246,229648.0,1706.0,17874771.0,36075.0,15.71,3.2,-2.0,1585699200.0
2020-03-31,85.0,85.0,78.75,79.35,79.78984293508786,199408.0,1972.0,15910733.0,52957.0,26.56,6.25,-5.65,1585612800.0
2020-03-30,82.0,83.2,77.45,81.95,80.03177510965482,211801.0,1943.0,16950810.0,27919.0,13.18,5.75,-0.05,1585526400.0
2020-03-27,85.0,85.8,78.75,82.75,82.55978076010625,232257.0,1796.0,19175087.0,49704.0,21.4,7.05,-2.25,1585267200.0
2020-03-26,82.0,86.75,79.5,82.35,83.51669804816488,248023.0,1912.0,20714062.0,41822.0,16.86,7.25,0.35,1585180800.0
2020-03-25,78.1,82.5,75.0,80.9,79.27949819556623,145475.0,1675.0,11533185.0,25221.0,17.34,7.5,2.8,1585094400.0
2020-03-24,77.0,81.1,73.55,78.55,78.449532908063,165385.0,1481.0,12974376.0,24046.0,14.54,7.55,1.55,1585008000.0
2020-03-23,85.0,85.0,75.85,76.75,79.39727186957172,113411.0,1827.0,9004524.0,45457.0,40.08,9.15,-8.25,1584921600.0
2020-03-20,87.95,92.35,84.8,89.1,87.97203706965547,323607.0,2692.0,28468367.0,59584.0,18.41,7.55,1.15,1584662400.0
2020-03-19,89.0,91.3,83.75,86.2,87.29126919137529,379793.0,3750.0,33152613.0,51076.0,13.45,7.55,-2.8,1584576000.0
2020-03-18,95.0,97.5,88.1,89.4,91.02927350523288,222727.0,2430.0,20274677.0,49043.0,22.02,9.4,-5.6,1584489600.0
2020-03-17,99.8,101.5,92.6,93.5,97.89655956889156,210991.0,2270.0,20655293.0,29960.0,14.2,8.9,-6.3,1584403200.0
2020-03-16,101.9,102.3,97.0,97.9,99.34604433409302,161907.0,1658.0,16084820.0,39610.0,24.46,5.3,-4.0,1584316800.0
2020-03-13,95.0,105.0,89.0,104.0,98.63224568138196,302180.0,4622.0,29804692.0,51124.0,16.92,16.0,9.0,1584057600.0
2020-03-12,105.0,107.0,96.75,100.25,100.55925401480428,447033.0,3523.0,44953305.0,83767.0,18.74,10.25,-4.75,1583971200.0
2020-03-11,126.7,127.25,114.1,114.95,118.66837110814838,382530.0,6055.0,45394212.0,133937.0,35.01,13.15,-11.75,1583884800.0
2020-03-09,134.0,134.0,125.5,126.75,129.24664694795112,210629.0,2066.0,27223092.0,75157.0,35.68,8.5,-7.25,1583712000.0
2020-03-06,136.9,136.9,131.4,135.0,134.12636631108336,182517.0,3839.0,24480342.0,54519.0,29.87,5.5,-1.9,1583452800.0
2020-03-05,140.0,142.6,138.7,139.2,140.62030338389732,132835.0,2013.0,18679298.0,49565.0,37.31,3.9,-0.8,1583366400.0
2020-03-04,139.0,140.7,136.7,139.85,138.85314079779644,121259.0,1292.0,16837193.0,10617.0,8.76,4.0,0.85,1583280000.0
2020-03-03,139.8,142.7,136.5,141.8,139.47761627334816,203228.0,2576.0,28345757.0,24651.0,12.13,6.2,2.0,1583193600.0
2020-03-02,143.5,145.8,134.5,136.25,139.91771655281812,294397.0,3846.0,41191356.0,48503.0,16.48,11.3,-7.25,1583107200.0
2020-02-28,148.8,148.8,141.0,142.95,144.58007931120716,167946.0,1798.0,24281646.0,25415.0,15.13,7.8,-5.85,1582848000.0
2020-02-27,150.05,151.6,145.5,150.3,148.83665163038893,213262.0,2068.0,31741202.0,21576.0,10.12,6.1,0.25,1582761600.0
2020-02-26,153.1,158.1,146.1,148.85,151.15382328066315,410289.0,3629.0,62016751.0,42585.0,10.38,12.0,-4.25,1582675200.0
2020-02-25,152.0,155.6,150.5,154.4,153.5420724602046,93541.0,1213.0,14362479.0,10158.0,10.86,5.1,2.4,1582588800.0
2020-02-24,159.4,159.4,151.5,151.95,154.8969806988975,74918.0,1110.0,11604572.0,20947.0,27.96,7.9,-7.45,1582502400.0
2020-02-20,150.8,159.15,149.8,158.15,156.8552965691025,206360.0,2100.0,32368659.0,36012.0,17.45,9.35,7.35,1582156800.0
2020-02-19,152.8,153.1,150.5,150.8,151.4482954868818,87855.0,1935.0,13305490.0,33881.0,38.56,2.6,-2.0,1582070400.0
2020-02-18,154.5,154.5,150.5,151.45,151.65922286102693,70618.0,998.0,10709871.0,24255.0,34.35,4.0,-3.05,1581984000.0
2020-02-17,159.9,159.9,153.4,154.4,155.3466968699691,70191.0,909.0,10903940.0,17186.0,24.48,6.5,-5.5,1581897600.0
2020-02-14,162.75,163.2,158.5,159.0,160.64926411797802,33769.0,610.0,5424965.0,10257.0,30.37,4.7,-3.75,1581638400.0
2020-02-13,162.0,162.0,160.1,161.25,161.09440089066197,43114.0,1390.0,6945424.0,9982.0,23.15,1.9,-0.75,1581552000.0
2020-02-12,162.3,162.65,160.4,161.85,161.47439600238388,43626.0,626.0,7044482.0,12232.0,28.04,2.25,-0.45,1581465600.0
2020-02-11,164.9,164.9,160.7,161.25,162.2415461823396,50214.0,586.0,8146797.0,12739.0,25.37,4.2,-3.65,1581379200.0
2020-02-10,164.9,164.9,159.8,162.1,161.6494154147276,96051.0,974.0,15526588.0,19930.0,20.75,5.1,-2.8,1581292800.0
2020-02-07,166.0,166.7,163.5,163.85,164.94679388000688,81438.0,782.0,13432937.0,13676.0,16.79,3.2,-2.15,1581033600.0
2020-02-06,171.05,171.05,163.4,165.05,166.33718859620387,167909.0,1625.0,27929511.0,23496.0,13.99,7.65,-6.0,1580947200.0
2020-02-05,163.2,169.4,161.5,168.35,165.2781365635343,501847.0,4442.0,82944337.0,37844.0,7.54,7.9,5.15,1580860800.0
2020-02-04,163.8,165.0,160.8,161.5,162.922157506034,69191.0,895.0,11272747.0,13985.0,20.21,4.2,-2.3,1580774400.0
2020-02-03,165.45,170.45,159.7,161.05,164.56205587318473,135378.0,1551.0,22278082.0,14647.0,10.82,10.75,-4.4,1580688000.0
2020-02-01,167.05,169.75,163.3,165.4,167.24135916779557,160922.0,2357.0,26912814.0,49512.0,30.77,6.45,-1.65,1580515200.0
2020-01-31,171.25,172.25,165.7,166.45,167.30209373028163,87165.0,942.0,14582887.0,16112.0,18.48,6.55,-4.8,1580428800.0
2020-01-30,175.0,175.25,170.2,171.25,171.7235849210359,61357.0,529.0,10536444.0,13499.0,22.0,5.05,-3.75,1580342400.0
2020-01-29,174.6,175.6,173.6,174.15,174.62190952933275,32762.0,352.0,5720963.0,7994.0,24.4,2.0,-0.45,1580256000.0
2020-01-28,175.65,177.1,172.85,173.85,174.99113469108335,58430.0,594.0,10224732.0,8881.0,15.2,4.25,-1.8,1580169600.0
2020-01-27,176.0,178.2,173.9,174.65,175.99957772945123,47363.0,587.0,8335868.0,13363.0,28.21,4.3,-1.35,1580083200.0
2020-01-24,175.8,178.75,174.65,177.45,177.62255969548923,50967.0,659.0,9052889.0,11191.0,21.96,4.1,1.65,1579824000.0
2020-01-23,175.9,177.1,174.7,175.05,175.55357337499544,55046.0,614.0,9663522.0,13753.0,24.98,2.4,-0.85,1579737600.0
2020-01-22,174.9,175.15,173.35,174.3,174.22447474112727,36601.0,399.0,6376790.0,7904.0,21.6,1.8,-0.6,1579651200.0
2020-01-21,172.0,175.6,172.0,174.9,174.1720332748571,53013.0,701.0,9233382.0,6002.0,11.32,3.6,2.9,1579564800.0
2020-01-20,180.05,180.1,173.3,173.95,175.56002919738916,94529.0,896.0,16595514.0,19222.0,20.33,6.8,-6.1,1579478400.0
2020-01-17,177.75,182.3,177.2,179.95,179.77840109266168,191093.0,2137.0,34354394.0,40537.0,21.21,5.1,2.2,1579219200.0
2020-01-16,175.95,177.0,174.2,175.85,175.6648361934477,64100.0,742.0,11260116.0,22097.0,34.47,2.8,-0.1,1579132800.0
2020-01-15,174.7,176.65,172.7,175.95,174.70767905841825,69670.0,806.0,12171884.0,15928.0,22.86,3.95,1.25,1579046400.0
2020-01-14,171.3,175.5,171.25,173.6,173.4083983302777,96543.0,1173.0,16741367.0,17853.0,18.49,4.25,2.3,1578960000.0
2020-01-13,169.2,170.85,168.2,170.55,169.71387851928134,54379.0,518.0,9228871.0,12139.0,22.32,2.65,1.35,1578873600.0
2020-01-10,165.9,169.5,165.5,168.6,167.85011617202227,91244.0,917.0,15315316.0,17829.0,19.54,4.0,2.7,1578614400.0
2020-01-09,163.4,166.8,163.15,165.35,165.0791486402967,103552.0,884.0,17094276.0,17776.0,17.17,3.65,1.95,1578528000.0
2020-01-08,159.0,162.75,159.0,162.35,161.44030018677287,88878.0,731.0,14348491.0,22817.0,25.67,3.75,3.35,1578441600.0
2020-01-07,161.75,165.35,158.55,161.2,161.83256412350923,146904.0,1200.0,23773851.0,21781.0,14.83,6.8,-0.55,1578355200.0
2020-01-06,163.3,164.1,160.05,160.65,161.75113444679383,84182.0,654.0,13616534.0,21528.0,25.57,4.05,-2.65,1578268800.0
2020-01-03,170.0,170.0,164.05,165.05,166.3965137776213,102231.0,888.0,17010882.0,28493.0,27.87,5.95,-4.95,1578009600.0
2020-01-02,166.0,170.8,163.5,170.3,167.54196844733363,129371.0,1172.0,21675072.0,21807.0,16.86,7.3,4.3,1577923200.0
2020-01-01,165.0,165.0,163.1,163.45,163.74188471375172,30498.0,254.0,4993800.0,3598.0,11.8,1.9,-1.55,1577836800.0
2019-12-31,165.0,165.5,163.45,163.95,164.66045523520484,32950.0,293.0,5425562.0,6951.0,21.1,2.05,-1.05,1577750400.0
2019-12-30,165.7,166.5,164.4,165.1,165.45704049212463,73965.0,490.0,12238030.0,13386.0,18.1,2.1,-0.6,1577664000.0
2019-12-27,160.3,164.4,160.3,163.7,163.15633612854043,51159.0,401.0,8346915.0,11740.0,22.95,4.1,3.4,1577404800.0
2019-12-26,163.0,163.95,161.05,161.25,162.44965519674068,56699.0,439.0,9210733.0,14453.0,25.49,2.9,-1.75,1577318400.0
2019-12-24,165.6,165.6,161.75,162.95,163.015637726014,49112.0,489.0,8006024.0,11974.0,24.38,3.85,-2.65,1577145600.0
2019-12-23,164.0,164.65,163.1,163.5,163.81261056355825,31656.0,290.0,5185652.0,10875.0,34.35,1.55,-0.5,1577059200.0
2019-12-20,165.0,165.25,163.15,163.55,164.24099187203893,46014.0,435.0,7557385.0,11220.0,24.38,2.1,-1.45,1576800000.0
2019-12-19,163.2,166.2,163.2,164.85,165.1956017197428,52566.0,413.0,8683672.0,8215.0,15.63,3.0,1.65,1576713600.0
2019-12-18,165.5,166.65,163.75,164.55,165.10612640782884,69078.0,531.0,11405201.0,12286.0,17.79,2.9,-0.95,1576627200.0
2019-12-17,166.0,167.5,165.05,165.5,166.16233849713956,62228.0,569.0,10339950.0,13438.0,21.59,2.45,-0.5,1576540800.0
2019-12-16,166.7,168.3,163.55,164.3,166.0058159823194,77373.0,757.0,12844368.0,15621.0,20.19,4.75,-2.4,1576454400.0
2019-12-13,165.5,169.2,165.5,166.7,167.22308904346488,78063.0,537.0,13053936.0,11166.0,14.3,3.7,1.2,1576195200.0
2019-12-12,164.95,166.5,163.65,165.6,165.03325607175248,79384.0,764.0,13101000.0,7671.0,9.66,2.85,0.65,1576108800.0
2019-12-11,161.6,166.0,159.35,164.35,163.21803953200828,528129.0,3809.0,86200180.0,83530.0,15.82,6.65,2.75,1576022400.0
2019-12-10,169.65,171.8,161.05,162.5,165.83904434728294,160100.0,1480.0,26550831.0,22238.0,13.89,10.75,-7.15,1575936000.0
2019-12-09,175.8,175.8,168.9,170.05,171.34517455983263,112798.0,931.0,19327393.0,14202.0,12.59,6.9,-5.75,1575849600.0
2019-12-06,178.15,178.15,171.2,173.75,174.20955884957527,423461.0,3865.0,73770954.0,49507.0,11.69,6.95,-4.4,1575590400.0
2019-12-05,171.2,174.1,169.0,173.2,171.8490319935901,107334.0,1047.0,18445244.0,18046.0,16.81,5.1,2.0,1575504000.0
2019-12-04,166.0,170.7,165.5,170.1,168.5706496411595,85832.0,655.0,14468756.0,17441.0,20.32,5.2,4.1,1575417600.0
2019-12-03,173.5,173.5,164.55,166.1,166.44958795401365,68803.0,574.0,11452231.0,19255.0,27.99,8.95,-7.4,1575331200.0
2019-12-02,170.0,170.0,166.35,168.1,167.61376631368427,78002.0,722.0,13074209.0,7870.0,10.09,3.65,-1.9,1575244800.0
2019-11-29,173.0,173.0,167.4,168.3,169.10142526362964,147271.0,1082.0,24903736.0,34650.0,23.53,5.6,-4.7,1574985600.0
2019-11-28,172.3,172.6,169.6,171.25,171.27879199631812,136887.0,1254.0,23445840.0,11877.0,8.68,3.0,-1.05,1574899200.0
2019-11-27,170.0,172.55,168.1,171.65,170.17099504800703,135501.0,1220.0,23058340.0,10836.0,8.0,4.45,1.65,1574812800.0
2019-11-26,172.55,173.15,167.75,168.5,170.31186711570297,350380.0,2068.0,59673872.0,24916.0,7.11,5.4,-4.05,1574726400.0
2019-11-25,165.05,171.0,165.05,170.25,169.5904250014958,100282.0,998.0,17006867.0,18281.0,18.23,5.95,5.2,1574640000.0
2019-11-22,165.9,168.45,162.6,167.95,166.8951925847983,149207.0,1342.0,24901931.0,21280.0,14.26,5.85,2.05,1574380800.0
2019-11-21,168.0,168.1,164.9,165.25,166.1537284016762,104522.0,899.0,17366720.0,21561.0,20.63,3.2,-2.75,1574294400.0
2019-11-20,168.0,170.7,166.9,167.55,168.860206934425,160244.0,1016.0,27058835.0,21748.0,13.57,3.8,-0.45,1574208000.0
2019-11-19,170.8,170.8,167.45,167.8,168.55545518766863,86349.0,569.0,14554595.0,22456.0,26.01,3.35,-3.0,1574121600.0
2019-11-18,168.95,170.05,167.25,169.1,168.76687234996035,145045.0,978.0,24478791.0,21576.0,14.88,2.8,0.15,1574035200.0
2019-11-15,165.0,169.5,164.35,167.95,167.57644825806125,317692.0,2056.0,53237697.0,45618.0,14.36,5.15,2.95,1573776000.0
2019-11-14,164.5,165.1,161.95,162.6,163.73328073154065,283894.0,1233.0,46482896.0,26970.0,9.5,3.15,-1.9,1573689600.0
2019-11-13,168.45,168.45,162.9,163.45,165.16486310614093,82984.0,759.0,13706041.0,17628.0,21.24,5.55,-5.0,1573603200.0
2019-11-11,167.95,168.15,163.9,166.25,166.01311252675697,78017.0,734.0,12951845.0,12039.0,15.43,4.25,-1.7,1573430400.0
2019-11-08,165.6,168.8,164.65,165.2,167.04253149567447,121604.0,915.0,20313040.0,26926.0,22.14,4.15,-0.4,1573171200.0
2019-11-07,169.0,169.6,166.0,167.05,167.67914542945886,158723.0,1612.0,26614537.0,26366.0,16.61,3.6,-1.95,1573084800.0
2019-11-06,179.65,179.65,167.35,168.55,171.39839477124184,382500.0,3212.0,65559886.0,115538.0,30.21,12.3,-11.1,1572998400.0
2019-11-05,186.0,187.6,178.0,180.25,183.38389345054253,610646.0,4975.0,111982641.0,36173.0,5.92,9.6,-5.75,1572912000.0
2019-11-04,190.0,190.6,185.0,185.65,187.29407245699505,156203.0,1092.0,29255896.0,18408.0,11.78,5.6,-4.35,1572825600.0
2019-11-01,192.0,196.7,188.2,189.1,191.32494994338745,324133.0,2150.0,62014730.0,50265.0,15.51,8.5,-2.9,1572566400.0
2019-10-31,190.0,194.4,189.15,190.3,191.90130755445887,222094.0,1780.0,42620129.0,34468.0,15.52,5.25,0.3,1572480000.0
2019-10-30,188.5,189.0,184.5,187.65,187.1688209557036,69938.0,600.0,13090213.0,10266.0,14.68,4.5,-0.85,1572393600.0
2019-10-29,182.0,190.1,181.35,186.8,186.02402427716427,118630.0,1133.0,22068030.0,14647.0,12.35,8.75,4.8,1572307200.0
2019-10-27,184.75,184.75,181.0,181.75,182.06187818490656,4121.0,87.0,750277.0,1220.0,29.6,3.75,-3.0,1572134400.0
2019-10-25,182.3,184.2,179.2,181.2,181.0487480090864,114897.0,731.0,20801958.0,9047.0,7.87,5.0,-1.1,1571961600.0
2019-10-24,184.15,184.4,180.85,181.7,182.48174334140435,41300.0,368.0,7536496.0,2456.0,5.95,3.55,-2.45,1571875200.0
2019-10-23,184.85,185.3,181.5,183.5,183.86855832539928,298292.0,1294.0,54846520.0,8571.0,2.87,3.8,-1.35,1571788800.0
2019-10-22,184.5,188.25,183.45,184.75,185.78050850263187,906190.0,1868.0,168352439.0,48369.0,5.34,4.8,0.25,1571702400.0
2019-10-18,179.9,186.8,179.35,185.95,183.7501531341455,88158.0,725.0,16199046.0,12857.0,14.58,7.45,6.05,1571356800.0
2019-10-17,176.1,182.25,175.15,180.95,178.1255061252474,77303.0,654.0,13769636.0,9078.0,11.74,7.1,4.85,1571270400.0
2019-10-16,173.85,177.75,172.9,177.5,176.6213500122984,56918.0,603.0,10052934.0,11591.0,20.36,4.85,3.65,1571184000.0
2019-10-15,169.85,173.85,167.85,173.4,172.17895728643217,159200.0,1156.0,27410890.0,39361.0,24.72,6.0,3.55,1571097600.0
2019-10-14,169.6,172.15,166.3,169.9,169.51353880599623,114338.0,884.0,19381839.0,9782.0,8.56,5.85,0.3,1571011200.0
2019-10-11,168.5,170.25,165.8,166.45,167.267585759468,61655.0,502.0,10312883.0,6311.0,10.24,4.45,-2.05,1570752000.0
2019-10-10,169.95,169.95,164.95,165.95,166.85381729293388,70364.0,576.0,11740502.0,6362.0,9.04,5.0,-4.0,1570665600.0
2019-10-09,164.0,169.8,162.7,168.75,166.35080650419224,76689.0,716.0,12757277.0,12093.0,15.77,7.1,4.75,1570579200.0
2019-10-07,168.75,168.75,163.5,164.3,164.9991913671472,71726.0,737.0,11834732.0,8848.0,12.34,5.25,-4.45,1570406400.0
2019-10-04,167.0,174.5,167.0,168.75,171.27328360270755,144780.0,1047.0,24796946.0,6736.0,4.65,7.5,1.75,1570147200.0
2019-10-03,169.9,172.6,167.3,168.9,170.019892628812,134673.0,954.0,22897089.0,7517.0,5.58,5.3,-1.0,1570060800.0
2019-10-01,181.9,182.95,167.3,169.0,172.61156146239517,221062.0,1925.0,38157857.0,19206.0,8.69,15.65,-12.9,1569888000.0
2019-09-30,183.95,184.2,176.5,181.35,180.29557583353653,176327.0,1312.0,31790978.0,12327.0,6.99,7.7,-2.6,1569801600.0
2019-09-27,185.0,185.6,181.15,181.75,183.2721308944972,64785.0,683.0,11873285.0,5840.0,9.01,4.45,-3.25,1569542400.0
2019-09-26,185.75,188.5,183.85,184.25,186.29938532736668,196202.0,1174.0,36552312.0,10639.0,5.42,4.65,-1.5,1569456000.0
2019-09-25,186.3,187.3,181.95,184.9,184.241284983222,172547.0,1148.0,31790281.0,8119.0,4.71,5.35,-1.4,1569369600.0
2019-09-24,191.9,191.9,185.35,186.15,187.27280797535664,112647.0,806.0,21095720.0,14365.0,12.75,6.55,-5.75,1569283200.0
2019-09-23,187.0,192.2,184.9,189.2,188.3673352271097,278808.0,1828.0,52518320.0,24513.0,8.79,7.3,2.2,1569196800.0
2019-09-20,176.0,189.0,173.45,185.2,183.1842797730216,335186.0,2210.0,61400806.0,36847.0,10.99,15.55,9.2,1568937600.0
2019-09-19,180.0,181.15,174.5,175.6,178.55486442231444,97103.0,695.0,17338213.0,13070.0,13.46,6.65,-4.4,1568851200.0
2019-09-18,177.0,181.9,177.0,179.75,180.00522561774267,147351.0,1081.0,26523950.0,20108.0,13.65,4.9,2.75,1568764800.0
2019-09-17,180.0,180.55,176.15,177.65,178.92248120139675,186716.0,1586.0,33407690.0,54469.0,29.17,4.4,-2.35,1568678400.0
2019-09-16,179.7,183.0,177.15,180.6,180.60772775390743,128472.0,987.0,23203036.0,15082.0,11.74,5.85,0.9,1568592000.0
2019-09-13,180.0,180.9,175.25,180.5,178.46517930343424,131732.0,786.0,23509575.0,16360.0,12.42,5.65,0.5,1568332800.0
2019-09-12,179.45,181.65,176.75,177.1,179.2927715095693,87833.0,666.0,15747822.0,9053.0,10.31,4.9,-2.35,1568246400.0
2019-09-11,176.65,180.0,176.3,179.1,178.78121860035665,110471.0,779.0,19750140.0,13712.0,12.41,3.7,2.45,1568160000.0
2019-09-09,175.3,177.9,174.0,176.65,176.06791311945688,129327.0,778.0,22770335.0,9348.0,7.23,3.9,1.35,1567987200.0
2019-09-06,175.0,176.9,174.75,175.3,175.48459094610558,87189.0,664.0,15300326.0,22414.0,25.71,2.15,0.3,1567728000.0
2019-09-05,175.85,175.85,173.0,173.7,174.222157366332,111358.0,1000.0,19401031.0,12272.0,11.02,2.85,-2.15,1567641600.0
2019-09-04,170.0,176.9,169.0,175.85,173.46765248397583,162099.0,1833.0,28118933.0,22888.0,14.12,7.9,5.85,1567555200.0
2019-09-03,170.8,176.45,167.8,170.75,172.9209942843136,179506.0,1573.0,31040356.0,19945.0,11.11,8.65,-0.05,1567468800.0
2019-08-30,169.6,172.0,168.85,171.15,170.76622799656437,101291.0,1082.0,17297082.0,7611.0,7.51,3.15,1.55,1567123200.0
2019-08-29,168.3,172.45,167.75,169.55,170.64920268362354,182738.0,1483.0,31184094.0,9550.0,5.23,4.7,1.25,1567036800.0
2019-08-28,174.0,174.0,166.95,168.3,169.74265357894657,129689.0,2000.0,22013755.0,26339.0,20.31,7.05,-5.7,1566950400.0
2019-08-27,169.95,172.9,168.2,172.0,171.062471428758,76563.0,1093.0,13097056.0,12874.0,16.81,4.7,2.05,1566864000.0
2019-08-26,168.0,168.0,164.1,166.4,166.00444871821966,94634.0,706.0,15709665.0,9751.0,10.3,3.9,-1.6,1566777600.0
2019-08-23,162.0,168.2,161.9,165.6,165.52175183257197,188260.0,1233.0,31161125.0,12361.0,6.57,6.3,3.6,1566518400.0
2019-08-22,160.3,165.25,160.3,163.15,163.49447095121232,240819.0,1480.0,39372575.0,32744.0,13.6,4.95,2.85,1566432000.0
2019-08-21,165.4,167.95,160.35,162.3,163.08435814152523,142547.0,1242.0,23247186.0,11762.0,8.25,7.6,-3.1,1566345600.0
2019-08-20,163.1,165.9,163.1,165.05,164.84343583678296,121752.0,1040.0,20070018.0,26437.0,21.71,2.8,1.95,1566259200.0
2019-08-19,162.0,165.85,162.0,163.75,164.60520528439204,126410.0,876.0,20807744.0,9049.0,7.16,3.85,1.75,1566172800.0
2019-08-16,162.25,166.45,162.0,164.3,164.37045100746047,272368.0,1451.0,44769251.0,43239.0,15.88,4.45,2.05,1565913600.0
2019-08-14,159.2,163.85,157.0,162.95,160.58392057377304,127716.0,1055.0,20509136.0,15889.0,12.44,6.85,3.75,1565740800.0
2019-08-13,164.85,165.0,158.1,158.85,161.80962493325396,162931.0,1370.0,26363804.0,9065.0,5.56,6.9,-6.0,1565654400.0
2019-08-09,159.0,165.0,157.75,162.65,161.5464140358994,414993.0,2658.0,67040631.0,63785.0,15.37,7.25,3.65,1565308800.0
2019-08-08,152.0,157.95,151.6,156.85,154.05210127757113,142223.0,1683.0,21909752.0,13727.0,9.65,6.35,4.85,1565222400.0
2019-08-07,152.25,154.95,149.15,150.0,152.29307160637188,161899.0,1579.0,24656096.0,12947.0,8.0,5.8,-2.25,1565136000.0
2019-08-06,145.95,153.4,145.95,150.95,150.73541281843185,272311.0,1318.0,41046911.0,16291.0,5.98,7.45,5.0,1565049600.0
2019-08-05,149.3,151.75,146.35,147.1,148.769207878183,218426.0,1342.0,32495063.0,51348.0,23.51,5.4,-2.2,1564963200.0
2019-08-02,154.25,154.25,144.05,150.2,148.58567442588182,230092.0,2125.0,34188375.0,18582.0,8.08,10.2,-4.05,1564704000.0
2019-08-01,157.5,157.85,151.8,154.25,154.9853305494553,184874.0,1600.0,28652758.0,12168.0,6.58,6.05,-3.25,1564617600.0
2019-07-31,148.9,158.25,145.3,157.55,152.69959165135123,1422314.0,9150.0,217186767.0,820468.0,57.69,12.95,8.65,1564531200.0
2019-07-30,151.35,154.65,149.0,149.65,152.2808678479584,184318.0,1810.0,28068105.0,40125.0,21.77,5.65,-1.7,1564444800.0
2019-07-29,164.0,164.0,153.1,154.2,157.0987586466815,254722.0,2319.0,40016510.0,58363.0,22.91,10.9,-9.8,1564358400.0
2019-07-26,162.0,165.5,160.75,164.05,163.29004789298145,110037.0,788.0,17967947.0,14585.0,13.25,4.75,2.05,1564099200.0
2019-07-25,164.55,165.3,160.75,161.2,161.89830988352432,127151.0,1040.0,20585532.0,32726.0,25.74,4.55,-3.35,1564012800.0
2019-07-24,168.8,168.8,162.6,164.65,164.82136826840943,302046.0,1342.0,49783635.0,162416.0,53.77,6.2,-4.15,1563926400.0
2019-07-23,174.65,174.65,166.0,167.55,168.09327345230432,278107.0,2497.0,46747916.0,33082.0,11.9,8.65,-7.1,1563840000.0
2019-07-22,177.8,177.8,172.7,175.0,174.56284846604424,106359.0,743.0,18566330.0,10335.0,9.72,5.1,-2.8,1563753600.0
2019-07-19,180.0,180.7,174.2,174.8,176.33173394433587,148390.0,1400.0,26165866.0,45279.0,30.51,6.5,-5.2,1563494400.0
2019-07-18,185.15,186.25,178.6,179.3,181.70961501059463,97691.0,1087.0,17751394.0,26208.0,26.83,7.65,-5.85,1563408000.0
2019-07-17,186.8,189.15,184.1,184.7,186.4465722913792,146366.0,1352.0,27289439.0,44986.0,30.74,5.05,-2.1,1563321600.0
2019-07-16,185.0,188.05,184.5,187.25,186.91526011284307,83656.0,660.0,15636583.0,26157.0,31.27,3.55,2.25,1563235200.0
2019-07-15,187.25,187.65,184.25,184.9,185.5664410691452,160315.0,1043.0,29749084.0,33523.0,20.91,3.4,-2.35,1563148800.0
2019-07-12,188.5,189.1,186.45,187.15,187.82166372994527,53915.0,535.0,10126405.0,9554.0,17.72,2.65,-1.35,1562889600.0
2019-07-11,187.1,189.15,184.5,188.1,186.9953070089276,91626.0,854.0,17133632.0,24907.0,27.18,4.65,1.0,1562803200.0
2019-07-10,189.45,189.45,185.75,187.05,186.9531812349388,63906.0,588.0,11947430.0,9660.0,15.12,3.7,-2.4,1562716800.0
2019-07-09,186.3,189.25,185.15,186.4,187.11422385258223,128397.0,1046.0,24024905.0,35629.0,27.75,4.1,0.1,1562630400.0
2019-07-08,194.5,194.5,186.6,187.5,189.13560880780588,133745.0,1221.0,25295942.0,20649.0,15.44,7.9,-7.0,1562544000.0
2019-07-05,200.0,200.75,194.95,195.45,198.13637263411144,65673.0,616.0,13012210.0,10482.0,15.96,5.8,-4.55,1562284800.0
2019-07-04,202.95,202.95,199.0,199.45,200.0135295312924,59056.0,467.0,11811999.0,11004.0,18.63,3.95,-3.5,1562198400.0
2019-07-03,201.4,202.35,199.35,200.9,201.1602022837006,87402.0,672.0,17581804.0,25115.0,28.74,3.0,-0.5,1562112000.0
2019-07-02,202.0,202.0,197.4,200.05,199.4685029401008,71086.0,659.0,14179418.0,12315.0,17.32,4.6,-1.95,1562025600.0
2019-07-01,200.65,204.55,200.0,200.45,202.3185424179161,131725.0,973.0,26650410.0,30301.0,23.0,4.55,-0.2,1561939200.0
2019-06-28,204.95,205.0,199.25,200.6,201.69867626388225,64741.0,641.0,13058174.0,10777.0,16.65,5.75,-4.35,1561680000.0
2019-06-27,200.6,204.0,200.3,202.95,202.55194500735087,125835.0,1262.0,25488124.0,25811.0,20.51,3.7,2.35,1561593600.0
2019-06-26,203.0,203.6,198.9,200.55,200.42800020953007,171813.0,2253.0,34436136.0,22202.0,12.92,4.7,-2.45,1561507200.0
2019-06-25,197.7,205.5,197.2,200.35,202.28072235414507,304892.0,2584.0,61673774.0,42045.0,13.79,8.3,2.65,1561420800.0
2019-06-24,198.0,200.6,195.45,199.35,198.74526216949693,87329.0,836.0,17356225.0,13467.0,15.42,5.15,1.35,1561334400.0
2019-06-21,194.85,199.95,192.6,197.45,197.16954586739328,110100.0,930.0,21708367.0,13242.0,12.03,7.35,2.6,1561075200.0
2019-06-20,190.8,196.3,188.25,195.2,193.4619002444044,124384.0,1048.0,24063565.0,12171.0,9.78,8.05,4.4,1560988800.0
2019-06-19,193.95,195.75,186.95,189.1,192.2168219518433,136845.0,1081.0,26303911.0,8698.0,6.36,8.8,-4.85,1560902400.0
2019-06-18,200.95,201.0,192.0,193.95,195.2861210907104,483208.0,3449.0,94363816.0,42057.0,8.7,9.0,-7.0,1560816000.0
2019-06-17,184.0,202.45,184.0,200.0,199.70728436430733,10175507.0,9809.0,2032122870.0,8644519.0,84.95,18.45,16.0,1560729600.0
2019-06-14,188.5,188.5,184.1,185.4,186.1419375484633,81247.0,895.0,15123474.0,15231.0,18.75,4.4,-3.1,1560470400.0
2019-06-13,190.6,191.65,185.7,187.6,187.6638077835604,209056.0,1464.0,39232245.0,43783.0,20.94,5.95,-3.0,1560384000.0
2019-06-12,194.9,198.0,191.05,192.05,194.0713941337951,101633.0,785.0,19724058.0,29638.0,29.16,6.95,-2.85,1560297600.0
2019-06-11,196.7,196.7,191.05,195.55,194.5427548648324,91627.0,933.0,17825369.0,17606.0,19.21,5.65,-1.15,1560211200.0
2019-06-10,198.0,198.0,190.95,193.95,193.25587480892293,77194.0,948.0,14918194.0,14383.0,18.63,7.05,-4.05,1560124800.0
2019-06-07,199.65,200.15,191.3,192.25,195.5552942325945,143288.0,1459.0,28020727.0,34762.0,24.26,8.85,-7.4,1559865600.0
2019-06-06,199.0,200.8,196.0,199.0,198.42924292349835,125945.0,1043.0,24991171.0,14070.0,11.17,4.8,0.0,1559779200.0
2019-06-04,195.75,201.85,194.65,197.65,199.7965186682013,266737.0,2166.0,53293124.0,42972.0,16.11,7.2,1.9,1559606400.0
2019-06-03,194.5,197.0,192.0,195.75,195.23939562734995,71810.0,607.0,14020141.0,10277.0,14.31,5.0,1.25,1559520000.0
2019-05-31,197.2,198.55,191.5,194.9,194.3346923393175,175128.0,1419.0,34033446.0,34952.0,19.96,7.05,-2.3,1559260800.0
2019-05-30,192.6,199.25,192.6,197.2,196.7025260653558,71455.0,722.0,14055379.0,15666.0,21.92,6.65,4.6,1559174400.0
2019-05-29,197.15,197.45,193.0,194.25,194.7024415510189,55989.0,549.0,10901195.0,13794.0,24.64,4.45,-2.9,1559088000.0
2019-05-28,200.0,200.0,194.75,198.05,196.6264660622193,96176.0,860.0,18910747.0,11032.0,11.47,5.25,-1.95,1559001600.0
2019-05-27,195.05,202.05,194.65,199.3,198.8031944406545,109941.0,1038.0,21856622.0,20256.0,18.42,7.4,4.25,1558915200.0
2019-05-24,185.15,196.3,184.45,194.55,190.5568559236812,183965.0,1481.0,35055792.0,37182.0,20.21,11.85,9.4,1558656000.0
2019-05-23,185.0,189.6,182.6,183.7,186.2823654768247,122005.0,1083.0,22727380.0,22060.0,18.08,7.0,-1.3,1558569600.0
2019-05-22,182.25,184.25,179.6,183.15,182.36403075677865,61775.0,555.0,11265538.0,10048.0,16.27,4.65,0.9,1558483200.0
2019-05-21,184.4,184.4,180.5,182.1,182.530171919518,113367.0,1335.0,20692898.0,26097.0,23.02,3.9,-2.3,1558396800.0
2019-05-20,179.0,188.9,179.0,182.55,183.6920364410208,113718.0,1090.0,20889091.0,28684.0,25.22,9.9,3.55,1558310400.0
2019-05-17,176.6,178.8,175.2,177.0,176.92715470176745,83341.0,708.0,14745286.0,13950.0,16.74,3.6,0.4,1558051200.0
2019-05-16,177.15,179.4,174.2,176.2,175.77109655915731,110409.0,912.0,19406711.0,25031.0,22.67,5.2,-0.95,1557964800.0
2019-05-15,179.0,182.8,175.5,177.1,179.5394007620367,92384.0,1013.0,16586568.0,21643.0,23.43,7.3,-1.9,1557878400.0
2019-05-14,185.8,185.8,178.35,179.85,180.05083037897452,216347.0,2154.0,38953457.0,56511.0,26.12,7.45,-5.95,1557792000.0
2019-05-13,190.6,190.6,184.1,185.75,187.75923943784537,114915.0,864.0,21576353.0,20908.0,18.19,6.5,-4.85,1557705600.0
2019-05-10,185.0,193.0,184.0,191.05,188.9353641390263,274538.0,1776.0,51869937.0,32855.0,11.97,9.0,6.05,1557446400.0
2019-05-09,190.85,192.25,182.2,184.9,186.13011828027777,501267.0,4020.0,93300886.0,47627.0,9.5,10.05,-5.95,1557360000.0
2019-05-08,195.4,196.95,190.6,191.85,193.23704352674127,125555.0,1198.0,24261877.0,30479.0,24.28,6.35,-3.55,1557273600.0
2019-05-07,197.45,198.95,194.75,195.35,196.83429042750208,64257.0,804.0,12647981.0,15951.0,24.82,4.2,-2.1,1557187200.0
2019-05-06,201.95,202.5,197.0,197.45,199.4744993300092,109703.0,1375.0,21882951.0,31140.0,28.39,5.5,-4.5,1557100800.0
2019-05-03,203.1,204.5,201.1,201.55,202.41366629100185,67436.0,942.0,13649968.0,17845.0,26.46,3.4,-1.55,1556841600.0
2019-05-02,206.5,206.6,201.3,202.05,204.14654532433164,114497.0,1094.0,23374167.0,21953.0,19.17,5.3,-4.45,1556755200.0
2019-04-30,209.1,209.4,204.35,205.7,206.2551487996741,78562.0,1274.0,16203817.0,18726.0,23.84,5.05,-3.4,1556582400.0
2019-04-26,209.0,210.0,205.45,209.1,207.79589711756992,99881.0,1100.0,20754862.0,14507.0,14.52,4.55,0.1,1556236800.0
2019-04-25,211.5,211.5,207.5,209.1,208.8810287214037,73917.0,801.0,15439859.0,21699.0,29.36,4.0,-2.4,1556150400.0
2019-04-24,212.0,212.0,208.0,208.85,209.00371652704467,82604.0,1296.0,17264543.0,30523.0,36.95,4.0,-3.15,1556064000.0
2019-04-23,211.5,213.5,207.25,211.6,211.3322211440041,75227.0,841.0,15897889.0,8350.0,11.1,6.25,0.1,1555977600.0
2019-04-22,217.0,217.0,209.0,209.85,212.4100319744205,125100.0,1261.0,26572495.0,45469.0,36.35,8.0,-7.15,1555891200.0
2019-04-18,218.0,221.15,214.35,218.85,218.43958584344725,102087.0,852.0,22299842.0,17744.0,17.38,6.8,0.85,1555545600.0
2019-04-16,218.75,219.0,215.4,216.2,216.2065743121552,88283.0,949.0,19087365.0,30418.0,34.46,3.6,-2.55,1555372800.0
2019-04-15,215.25,219.6,215.25,218.1,218.185661522894,98825.0,727.0,21562198.0,24873.0,25.17,4.35,2.85,1555286400.0
2019-04-12,214.7,215.95,213.0,214.75,214.4961562710852,90407.0,735.0,19391954.0,30155.0,33.35,2.95,0.05,1555027200.0
2019-04-11,215.9,216.15,212.8,213.75,214.2753329611612,62695.0,570.0,13433992.0,18178.0,28.99,3.35,-2.15,1554940800.0
2019-04-10,216.5,219.3,215.0,215.55,216.7850909005826,170956.0,3237.0,37060712.0,61364.0,35.89,4.3,-0.95,1554854400.0
2019-04-09,219.5,219.55,214.5,215.95,216.18133348195207,107658.0,1140.0,23273650.0,27953.0,25.96,5.05,-3.55,1554768000.0
2019-04-08,224.95,225.05,219.4,220.2,221.79664398028632,59654.0,602.0,13231057.0,21041.0,35.27,5.65,-4.75,1554681600.0
2019-04-05,223.9,224.25,221.0,223.4,223.0560749223732,59902.0,510.0,13361505.0,15272.0,25.49,3.25,-0.5,1554422400.0
2019-04-04,220.75,222.95,217.05,222.3,220.3713973603089,66826.0,1013.0,14726539.0,15788.0,23.63,5.9,1.55,1554336000.0
2019-04-03,220.1,224.75,218.55,219.4,221.93352584519744,104236.0,1141.0,23133463.0,24874.0,23.86,6.2,-0.7,1554249600.0
2019-04-02,225.5,226.6,219.8,221.65,222.82519026494649,98284.0,926.0,21900151.0,16693.0,16.98,6.8,-3.85,1554163200.0
2019-04-01,224.0,227.5,220.0,225.75,225.10642833715968,134156.0,1333.0,30199378.0,46098.0,34.36,7.5,1.75,1554076800.0
2019-03-29,218.75,223.3,217.9,221.75,221.20917826974244,154844.0,1567.0,34252914.0,33094.0,21.37,5.4,3.0,1553817600.0
2019-03-28,212.0,218.45,212.0,217.7,215.9226150193892,93093.0,852.0,20100884.0,26531.0,28.5,6.45,5.7,1553731200.0
2019-03-27,215.0,217.4,213.2,214.1,215.46510815279456,117334.0,841.0,25281383.0,42048.0,35.84,4.2,-0.9,1553644800.0
2019-03-26,213.6,214.9,210.3,213.95,212.55534836065573,97600.0,1055.0,20745402.0,15352.0,15.73,4.6,0.35,1553558400.0
2019-03-25,214.0,217.95,212.1,213.6,213.75202183769773,108070.0,1035.0,23100181.0,26755.0,24.76,5.85,-0.4,1553472000.0
2019-03-22,222.0,222.5,215.0,215.75,218.85080329258736,93179.0,769.0,20392299.0,21151.0,22.7,7.5,-6.25,1553212800.0
2019-03-20,220.95,223.55,219.3,220.4,221.2031337657353,101603.0,886.0,22474902.0,28133.0,27.69,4.25,-0.55,1553040000.0
2019-03-19,219.95,222.5,215.1,220.8,217.94379261066257,109861.0,1007.0,23943523.0,27180.0,24.74,7.4,0.85,1552953600.0
2019-03-18,220.15,223.9,217.5,218.5,219.1487431330115,120140.0,1287.0,26328530.0,31258.0,26.02,6.4,-1.65,1552867200.0
2019-03-15,223.95,225.05,221.2,221.95,222.7638402478448,148480.0,1251.0,33075975.0,23970.0,16.14,3.85,-2.0,1552608000.0
2019-03-14,225.05,226.95,220.1,223.1,223.03547586356163,147847.0,1337.0,32975126.0,21719.0,14.69,6.85,-1.95,1552521600.0
2019-03-13,235.7,235.7,224.05,225.45,229.1758781732562,669344.0,7688.0,153397499.0,158728.0,23.71,11.65,-10.25,1552435200.0
2019-03-12,218.0,228.0,218.0,226.65,224.6363692771352,112815.0,986.0,25342352.0,26965.0,23.9,10.0,8.65,1552348800.0
2019-03-11,213.9,219.05,212.7,217.6,216.59129126884773,107042.0,855.0,23184365.0,38954.0,36.39,6.35,3.7,1552262400.0
2019-03-08,216.0,216.95,211.6,212.5,213.7901086918288,56858.0,971.0,12155678.0,21315.0,37.49,5.35,-3.5,1552003200.0
2019-03-07,219.9,219.95,215.9,216.25,217.2722316865417,76310.0,715.0,16580044.0,30162.0,39.53,4.05,-3.65,1551916800.0
2019-03-06,223.5,224.9,218.0,219.75,221.59901588503192,81901.0,1303.0,18149181.0,19291.0,23.55,6.9,-3.75,1551830400.0
2019-03-05,222.0,224.0,219.0,223.5,222.86087106302816,272862.0,1508.0,60810263.0,163692.0,59.99,5.0,1.5,1551744000.0
2019-03-01,218.0,221.0,217.35,219.95,219.0629214988612,134342.0,1009.0,29429351.0,8684.0,6.46,3.65,1.95,1551398400.0
2019-02-28,216.0,219.25,212.7,217.1,215.40474855322776,89164.0,850.0,19206349.0,12434.0,13.95,6.55,1.1,1551312000.0
2019-02-27,211.25,216.3,211.25,213.85,213.85709716047964,121922.0,1032.0,26073885.0,22937.0,18.81,5.05,2.6,1551225600.0
2019-02-26,210.95,211.1,206.45,209.25,208.5824576895824,561682.0,1371.0,117157012.0,359464.0,64.0,4.65,-1.7,1551139200.0
2019-02-25,211.2,214.35,210.15,210.95,211.818709292538,122367.0,932.0,25919620.0,26023.0,21.27,4.2,-0.25,1551052800.0
2019-02-22,210.0,212.1,206.5,210.25,208.59686345132909,106614.0,1099.0,22239346.0,7169.0,6.72,5.6,0.25,1550793600.0
2019-02-21,210.05,211.4,207.1,208.75,208.86136378950204,118728.0,1165.0,24797692.0,21558.0,18.16,4.3,-1.3,1550707200.0
2019-02-20,203.4,210.8,203.4,208.95,208.51592116726448,127409.0,1645.0,26566805.0,28024.0,22.0,7.4,5.55,1550620800.0
2019-02-19,203.1,208.85,201.05,202.5,206.2208081427612,136956.0,1319.0,28243177.0,15669.0,11.44,7.8,-0.6,1550534400.0
2019-02-18,201.2,203.75,199.7,202.0,201.73498977926377,63107.0,507.0,12730890.0,13206.0,20.93,4.05,0.8,1550448000.0
2019-02-15,202.3,202.5,196.85,200.55,198.85890227959507,139981.0,1029.0,27836468.0,21592.0,15.42,5.65,-1.75,1550188800.0
2019-02-14,197.1,204.2,197.1,202.75,200.90253564729184,76233.0,757.0,15315403.0,12587.0,16.51,7.1,5.65,1550102400.0
2019-02-13,201.05,203.8,198.0,199.5,201.2951173756528,98615.0,1067.0,19850718.0,12123.0,12.29,5.8,-1.55,1550016000.0
2019-02-12,202.5,205.1,199.5,201.25,201.99770077431987,67414.0,711.0,13617473.0,12037.0,17.86,5.6,-1.25,1549929600.0
2019-02-11,204.0,204.8,200.0,201.75,202.5901510692564,76455.0,725.0,15489030.0,11811.0,15.45,4.8,-2.25,1549843200.0
2019-02-08,207.3,209.75,202.45,203.7,206.09226421367617,108276.0,1067.0,22314846.0,14372.0,13.27,7.3,-3.6,1549584000.0
2019-02-07,199.7,208.4,197.9,207.35,204.97525137943592,178515.0,1403.0,36591157.0,28206.0,15.8,10.5,7.65,1549497600.0
2019-02-06,203.0,203.0,193.85,198.85,197.8916255294289,171175.0,1436.0,33874099.0,18771.0,10.97,9.15,-4.15,1549411200.0
2019-02-05,200.0,205.35,196.5,202.5,201.5019319554096,472837.0,3558.0,95277569.0,24409.0,5.16,8.85,2.5,1549324800.0
2019-02-04,210.7,210.7,197.5,200.35,200.92806658582057,187187.0,1511.0,37611122.0,34316.0,18.33,13.2,-10.35,1549238400.0
2019-02-01,204.4,211.6,203.65,208.4,207.3173143442208,108413.0,995.0,22475892.0,21722.0,20.04,7.95,4.0,1548979200.0
2019-01-31,205.35,205.7,199.65,204.4,202.7346029393156,110638.0,908.0,22430151.0,26469.0,23.92,6.05,-0.95,1548892800.0
2019-01-30,204.0,206.45,201.0,203.25,201.7886181335118,493065.0,1238.0,99494905.0,412822.0,83.73,5.45,-0.75,1548806400.0
2019-01-29,207.5,208.45,200.1,203.9,204.41196809707128,155597.0,1300.0,31805889.0,27428.0,17.63,8.35,-3.6,1548720000.0
2019-01-28,210.0,212.0,207.7,209.7,209.71593224334472,118778.0,851.0,24909639.0,23479.0,19.77,4.3,-0.3,1548633600.0
2019-01-25,217.5,218.65,208.95,211.1,214.67063988766543,157387.0,1152.0,33786368.0,46133.0,29.31,9.7,-6.4,1548374400.0
2019-01-24,216.8,218.9,216.0,216.65,217.0932471939975,48913.0,355.0,10618682.0,12743.0,26.05,2.9,-0.15,1548288000.0
2019-01-23,219.0,219.5,217.1,217.9,218.1086467688096,71599.0,415.0,15616361.0,23257.0,32.48,2.4,-1.1,1548201600.0
2019-01-22,215.5,220.15,214.95,218.9,217.49724551738657,113996.0,769.0,24793816.0,12322.0,10.81,5.2,3.4,1548115200.0
2019-01-21,220.0,220.0,215.7,217.05,217.7136730604736,85343.0,637.0,18580338.0,23884.0,27.99,4.3,-2.95,1548028800.0
2019-01-18,218.7,220.7,217.2,218.25,218.9175180351112,119905.0,1093.0,26249305.0,44695.0,37.28,3.5,-0.45,1547769600.0
2019-01-17,219.5,221.85,217.65,218.3,219.4380420467028,182987.0,1595.0,40154309.0,55046.0,30.08,4.2,-1.2,1547683200.0
2019-01-16,221.0,227.25,218.0,219.0,221.93593454040635,169998.0,1201.0,37728665.0,44718.0,26.31,9.25,-2.0,1547596800.0
2019-01-15,224.1,225.5,222.75,223.45,223.9249528925083,92342.0,613.0,20677678.0,11036.0,11.95,2.75,-0.65,1547510400.0
2019-01-14,225.0,225.0,222.0,223.35,223.1823263333505,58143.0,702.0,12976490.0,14087.0,24.23,3.0,-1.65,1547424000.0
2019-01-11,227.35,227.35,224.75,226.15,225.8988274057564,51595.0,330.0,11655250.0,16100.0,31.2,2.6,-1.2,1547164800.0
2019-01-10,222.0,227.8,222.0,227.1,225.85036945812809,55216.0,522.0,12470554.0,9324.0,16.89,5.8,5.1,1547078400.0
2019-01-09,230.55,230.65,223.1,224.1,225.74726764099103,149779.0,1336.0,33812200.0,35705.0,23.84,7.55,-6.45,1546992000.0
2019-01-08,230.0,232.15,228.0,228.8,229.5315831987076,86660.0,601.0,19891207.0,19053.0,21.99,4.15,-1.2,1546905600.0
2019-01-07,235.9,235.9,229.0,230.2,231.4431082813168,95963.0,657.0,22209975.0,22825.0,23.79,6.9,-5.7,1546819200.0
2019-01-04,226.4,234.35,226.3,233.05,230.4900722021661,97504.0,997.0,22473704.0,11845.0,12.15,8.05,6.65,1546560000.0
2019-01-03,230.6,232.45,227.0,228.05,229.32269644994017,55154.0,553.0,12648064.0,9692.0,17.57,5.45,-2.55,1546473600.0
2019-01-02,232.7,235.0,229.0,230.4,231.93112011186653,82956.0,698.0,19240078.0,14226.0,17.15,6.0,-2.3,1546387200.0
2019-01-01,236.8,236.85,232.5,234.45,234.25146876559305,62127.0,493.0,14553341.0,9363.0,15.07,4.35,-2.35,1546300800.0
2018-12-31,234.9,237.3,234.0,235.9,235.74705047458528,67638.0,656.0,15945459.0,12527.0,18.52,3.3,1.0,1546214400.0
2018-12-28,233.5,236.1,231.55,234.9,234.57098494315017,80827.0,668.0,18959669.0,17590.0,21.76,4.55,1.4,1545955200.0
2018-12-27,234.0,235.0,230.45,231.2,232.50377625103545,123138.0,871.0,28630050.0,18813.0,15.28,4.55,-2.8,1545868800.0
2018-12-26,228.8,234.8,225.9,233.2,230.73256054468672,116030.0,970.0,26771899.0,17727.0,15.28,8.9,4.4,1545782400.0
2018-12-24,230.8,233.0,225.4,228.8,228.86995560599485,179754.0,1615.0,41140290.0,15033.0,8.36,7.6,-2.0,1545609600.0
2018-12-21,240.7,242.8,232.55,233.3,235.3557322014277,129575.0,1308.0,30496219.0,30622.0,23.63,10.25,-7.4,1545350400.0
2018-12-20,241.9,244.9,238.45,239.8,242.13054712539355,352570.0,2921.0,85367967.0,63955.0,18.14,6.45,-2.1,1545264000.0
2018-12-19,238.5,240.3,236.7,239.5,238.85024970515863,137362.0,1194.0,32808948.0,24620.0,17.92,3.6,1.0,1545177600.0
2018-12-18,234.25,241.9,233.5,235.8,237.46100854023925,267674.0,3007.0,63562138.0,33204.0,12.4,8.4,1.55,1545091200.0
2018-12-17,235.35,236.5,232.05,234.9,234.4081749343224,64710.0,694.0,15168553.0,7195.0,11.12,4.45,-0.45,1545004800.0
2018-12-14,235.0,237.1,230.55,235.35,233.33572920775444,136902.0,1296.0,31944128.0,18305.0,13.37,6.55,0.35,1544745600.0
2018-12-13,238.9,238.9,233.0,234.15,234.81317711854624,121286.0,935.0,28479551.0,43326.0,35.72,5.9,-4.75,1544659200.0
2018-12-12,229.55,238.7,229.55,237.45,235.69950969351515,115438.0,942.0,27208680.0,24699.0,21.4,9.15,7.9,1544572800.0
2018-12-11,220.0,234.85,220.0,233.9,230.49765142687576,138169.0,1216.0,31847630.0,30495.0,22.07,14.85,13.9,1544486400.0
2018-12-10,224.75,226.0,220.8,224.5,224.19841366916629,106283.0,806.0,23828480.0,9029.0,8.5,5.2,-0.25,1544400000.0
2018-12-07,226.95,228.1,222.6,225.55,224.89349079923096,109230.0,822.0,24565116.0,11706.0,10.72,5.5,-1.4,1544140800.0
2018-12-06,225.6,226.9,222.45,225.2,224.8111699000588,51030.0,520.0,11472114.0,10243.0,20.07,4.45,-0.4,1544054400.0
2018-12-05,230.75,235.35,226.0,228.0,230.37527952680784,131025.0,1509.0,30184921.0,27858.0,21.26,9.35,-2.75,1543968000.0
2018-12-04,234.9,236.6,230.65,232.75,233.2530210337448,92518.0,749.0,21580103.0,12290.0,13.28,5.95,-2.15,1543881600.0
2018-12-03,241.05,242.0,233.45,234.9,235.9775512157764,125352.0,1377.0,29580258.0,26505.0,21.14,8.55,-6.15,1543795200.0
2018-11-30,237.15,239.9,234.65,238.4,237.48037760356263,129342.0,1436.0,30716187.0,19507.0,15.08,5.25,1.25,1543536000.0
2018-11-29,238.9,240.65,234.4,235.55,238.44300873457007,221648.0,2091.0,52850416.0,47020.0,21.21,6.25,-3.35,1543449600.0
2018-11-28,229.5,236.95,229.5,234.9,234.95249791226604,325712.0,3419.0,76526848.0,57155.0,17.55,7.45,5.4,1543363200.0
2018-11-27,224.65,230.5,222.3,229.65,227.41953425386308,206765.0,2390.0,47022400.0,47882.0,23.16,8.2,5.0,1543276800.0
2018-11-26,219.15,224.9,218.75,224.1,221.97900987364497,202762.0,1626.0,45008908.0,38666.0,19.07,6.15,4.95,1543190400.0
2018-11-22,226.55,227.35,216.7,219.0,221.67927911380505,228663.0,2274.0,50689849.0,64796.0,28.34,10.65,-7.55,1542844800.0
2018-11-21,227.25,231.7,224.85,225.45,227.7159487174181,386564.0,4174.0,88026788.0,120228.0,31.1,6.85,-1.8,1542758400.0
2018-11-20,229.0,229.5,224.5,225.25,226.16629908180684,108365.0,1331.0,24508511.0,30440.0,28.09,5.0,-3.75,1542672000.0
2018-11-19,226.95,229.55,223.05,228.6,226.8246763264385,84267.0,934.0,19113835.0,10248.0,12.16,6.5,1.65,1542585600.0
2018-11-16,229.0,231.25,224.2,226.6,226.91175118881247,106619.0,1089.0,24193104.0,14687.0,13.78,7.05,-2.4,1542326400.0
2018-11-15,223.95,231.0,219.45,229.8,227.3162733081236,199394.0,1906.0,45325501.0,53748.0,26.96,11.55,5.85,1542240000.0
2018-11-14,226.95,230.6,220.2,223.15,226.00567974138275,1756418.0,2998.0,396960444.0,52855.0,3.01,10.4,-3.8,1542153600.0
2018-11-13,215.9,224.4,212.0,222.4,218.98348198178607,850889.0,6964.0,186330636.0,78182.0,9.19,12.4,6.5,1542067200.0
2018-11-12,224.5,224.5,213.8,214.5,216.82443928343096,153286.0,1365.0,33236151.0,31591.0,20.61,10.7,-10.0,1541980800.0
2018-11-09,220.5,224.15,219.0,221.5,221.3040685485096,164555.0,1378.0,36416691.0,20034.0,12.17,5.15,1.0,1541721600.0
2018-11-07,214.9,221.0,214.9,220.1,219.3638599758196,71959.0,804.0,15785204.0,19788.0,27.5,6.1,5.2,1541548800.0
2018-11-06,218.0,219.75,212.05,212.95,216.3619497144492,97881.0,956.0,21177724.0,23952.0,24.47,7.7,-5.05,1541462400.0
2018-11-05,222.0,222.0,213.8,215.25,216.3743153041256,111911.0,1008.0,24214666.0,18786.0,16.79,8.2,-6.75,1541376000.0
2018-11-02,223.6,229.1,219.1,220.35,223.92672419303287,234675.0,2193.0,52550004.0,34571.0,14.73,10.0,-3.25,1541116800.0
2018-11-01,219.0,223.85,216.8,218.3,219.8280728657612,118684.0,1070.0,26090075.0,12569.0,10.59,7.05,-0.7,1541030400.0
2018-10-31,215.9,219.3,209.75,218.35,214.6901292544389,111795.0,1051.0,24001283.0,8806.0,7.88,9.55,2.45,1540944000.0
2018-10-30,215.0,219.5,214.0,214.8,216.90448280781848,525675.0,1024.0,114021264.0,436207.0,82.98,5.5,-0.2,1540857600.0
2018-10-29,208.4,215.9,205.0,214.7,210.94979226041275,145615.0,1210.0,30717454.0,19112.0,13.13,10.9,6.3,1540771200.0
2018-10-26,205.0,213.5,200.85,207.4,207.38554633471645,237144.0,1991.0,49180238.0,21269.0,8.97,12.65,2.4,1540512000.0
2018-10-25,203.8,207.9,199.5,206.5,204.64126848524128,135784.0,1128.0,27787010.0,16271.0,11.98,8.4,2.7,1540425600.0
2018-10-24,200.0,206.5,199.9,204.8,203.72029113954787,164732.0,1392.0,33559251.0,25056.0,15.21,6.6,4.8,1540339200.0
2018-10-23,205.0,207.8,192.1,196.05,197.89880414722344,666470.0,3028.0,131893616.0,416487.0,62.49,15.7,-8.95,1540252800.0
2018-10-22,208.0,209.45,205.65,206.35,207.2316126528236,92754.0,802.0,19221561.0,13573.0,14.63,3.8,-1.65,1540166400.0
2018-10-19,212.7,212.7,204.7,206.1,208.03361872411708,128946.0,1207.0,26825103.0,27920.0,21.65,8.0,-6.6,1539907200.0
2018-10-17,225.0,225.0,207.95,208.95,213.56853714701248,115514.0,1302.0,24670156.0,30502.0,26.41,17.05,-16.05,1539734400.0
2018-10-16,218.5,222.25,217.45,219.8,219.96599525670567,89811.0,879.0,19755366.0,13458.0,14.98,4.8,1.3,1539648000.0
2018-10-15,218.6,219.9,213.0,216.4,216.1687686366525,81828.0,881.0,17688658.0,19732.0,24.11,6.9,-2.2,1539561600.0
2018-10-12,211.5,218.75,209.8,216.3,215.7155760573947,170608.0,1877.0,36802803.0,40157.0,23.54,8.95,4.8,1539302400.0
2018-10-11,205.6,212.0,204.6,205.75,208.0204805710765,94138.0,1090.0,19582632.0,17524.0,18.62,7.4,0.15,1539216000.0
2018-10-10,202.1,214.95,202.0,213.9,210.6633984447772,144931.0,1888.0,30531657.0,27168.0,18.75,12.95,11.8,1539129600.0
2018-10-09,205.05,208.05,200.4,202.4,205.26886379705007,142853.0,1578.0,29323273.0,32600.0,22.82,7.65,-2.65,1539043200.0
2018-10-08,196.2,207.0,194.4,204.9,201.13785602359664,216980.0,2615.0,43642892.0,37604.0,17.33,12.6,8.7,1538956800.0
2018-10-05,203.25,204.1,194.7,197.95,200.69399210871364,165499.0,1835.0,33214655.0,34763.0,21.0,9.4,-5.3,1538697600.0
2018-10-04,201.0,205.75,198.45,203.25,202.9913871051077,216768.0,2855.0,44002037.0,48307.0,22.29,7.3,2.25,1538611200.0
2018-10-03,212.7,212.9,205.1,206.55,208.7658563048236,217516.0,2411.0,45409914.0,40365.0,18.56,7.8,-6.15,1538524800.0
2018-10-01,211.7,215.0,202.75,213.05,208.35520551108624,307453.0,2258.0,64059433.0,29026.0,9.44,12.25,1.35,1538352000.0
2018-09-28,217.5,221.2,206.1,212.35,213.81791280209552,485608.0,4578.0,103831689.0,58603.0,12.07,15.1,-5.15,1538092800.0
2018-09-27,232.4,236.4,220.0,221.75,229.03087068580723,416706.0,4508.0,95438538.0,81244.0,19.5,16.4,-10.65,1538006400.0
2018-09-26,235.95,235.95,226.7,228.3,229.9887437019564,96657.0,1306.0,22230022.0,24675.0,25.53,9.25,-7.65,1537920000.0
2018-09-25,227.05,232.4,220.5,230.05,226.77748347118867,144596.0,1303.0,32791117.0,15938.0,11.02,11.9,3.0,1537833600.0
2018-09-24,232.0,233.25,223.35,225.55,226.33101863471825,179289.0,3831.0,40578662.0,49375.0,27.54,9.9,-6.45,1537747200.0
2018-09-21,243.0,243.6,217.0,231.75,232.77654252993648,352246.0,3054.0,81994606.0,72819.0,20.67,26.6,-11.25,1537488000.0
2018-09-19,240.6,241.8,236.25,239.9,239.25573339770835,178123.0,1141.0,42616949.0,59157.0,33.21,5.55,-0.7,1537315200.0
2018-09-18,242.6,244.45,237.95,238.7,240.6089046196099,206814.0,1871.0,49761290.0,99469.0,48.1,6.5,-3.9,1537228800.0
2018-09-17,241.5,244.5,236.55,243.4,241.77994603293288,123038.0,1087.0,29748121.0,29987.0,24.37,7.95,1.9,1537142400.0
2018-09-14,231.65,242.3,231.65,241.3,237.62957359009627,305340.0,2334.0,72557814.0,106475.0,34.87,10.65,9.65,1536883200.0
2018-09-12,232.0,233.3,225.9,230.7,229.94670015692387,202646.0,1721.0,46597779.0,43546.0,21.49,7.4,-1.3,1536710400.0
2018-09-11,238.35,242.6,229.45,230.75,235.07133935161528,211356.0,2192.0,49683738.0,57150.0,27.04,13.15,-7.6,1536624000.0
2018-09-10,249.9,250.8,235.9,240.8,244.6089056920815,114264.0,1243.0,27949992.0,43497.0,38.07,14.9,-9.1,1536537600.0
2018-09-07,246.4,250.2,245.15,247.25,248.0381302199484,114345.0,984.0,28361920.0,20528.0,17.95,5.05,0.85,1536278400.0
2018-09-06,247.5,247.5,242.8,246.15,245.0009407659545,116926.0,1105.0,28646980.0,32100.0,27.45,4.7,-1.35,1536192000.0
2018-09-05,242.0,245.5,237.45,244.45,241.5702725418448,195126.0,1935.0,47136641.0,44540.0,22.83,8.05,2.45,1536105600.0
2018-09-04,250.15,250.5,240.0,241.05,243.6218704281337,217362.0,2093.0,52954137.0,61692.0,28.38,10.5,-9.1,1536019200.0
2018-09-03,254.8,254.8,248.25,250.15,252.11480976919583,101298.0,889.0,25538726.0,38998.0,38.5,6.55,-4.65,1535932800.0
2018-08-31,253.0,254.6,250.8,251.35,252.398618144271,91037.0,888.0,22977613.0,17533.0,19.26,3.8,-1.65,1535673600.0
2018-08-30,253.0,253.0,248.8,250.65,250.5085433358284,108213.0,1282.0,27108281.0,21347.0,19.73,4.2,-2.35,1535587200.0
2018-08-29,254.25,256.6,250.05,251.1,253.09597403722697,126951.0,1702.0,32130787.0,33150.0,26.11,6.55,-3.15,1535500800.0
2018-08-28,264.1,264.95,253.1,254.25,256.22659350836443,272104.0,2792.0,69720281.0,94518.0,34.74,11.85,-9.85,1535414400.0
2018-08-27,262.0,265.7,261.45,263.9,263.96933629003144,96955.0,1438.0,25593147.0,25921.0,26.74,4.25,1.9,1535328000.0
2018-08-24,259.1,264.2,257.4,261.05,260.1604523641763,899806.0,1074.0,234093936.0,825498.0,91.74,6.8,1.95,1535068800.0
2018-08-23,262.75,262.75,256.05,258.95,258.5296252202981,192353.0,2049.0,49728949.0,28008.0,14.56,6.7,-3.8,1534982400.0
2018-08-21,258.2,264.6,256.45,262.7,261.8488987689376,267655.0,2991.0,70085167.0,46733.0,17.46,8.15,4.5,1534809600.0
2018-08-20,269.0,269.0,261.35,261.7,262.72509498100374,175035.0,1647.0,45986087.0,48059.0,27.46,7.65,-7.3,1534723200.0
2018-08-17,264.0,268.9,264.0,266.4,266.6721810550316,77192.0,930.0,20584959.0,12043.0,15.6,4.9,2.4,1534464000.0
2018-08-16,268.0,268.0,261.75,263.75,263.76377338877336,103896.0,1012.0,27404001.0,21102.0,20.31,6.25,-4.25,1534377600.0
2018-08-14,262.55,267.7,262.0,267.15,266.00402756332414,200121.0,1423.0,53232992.0,79765.0,39.86,5.7,4.6,1534204800.0
2018-08-13,262.5,265.5,260.0,261.4,262.8156133297961,98006.0,948.0,25757507.0,20798.0,21.22,5.5,-1.1,1534118400.0
2018-08-10,272.1,272.1,263.0,263.9,267.18813387004786,120983.0,1114.0,32325222.0,30690.0,25.37,9.1,-8.2,1533859200.0
2018-08-09,272.8,275.9,270.5,271.85,272.86392607100726,92413.0,912.0,25216174.0,30312.0,32.8,5.4,-0.95,1533772800.0
2018-08-08,277.4,277.75,271.9,272.85,274.6839093746388,103812.0,920.0,28515486.0,16798.0,16.18,5.85,-4.55,1533686400.0
2018-08-07,275.65,277.9,272.45,276.3,275.77118151378005,135885.0,1467.0,37473167.0,28113.0,20.69,5.45,0.65,1533600000.0
2018-08-06,289.0,289.0,273.1,275.65,277.87491526643834,333398.0,3207.0,92642941.0,87335.0,26.2,15.9,-13.35,1533513600.0
2018-08-03,290.0,290.65,285.15,286.5,287.6438363866373,106715.0,933.0,30695912.0,18218.0,17.07,5.5,-3.5,1533254400.0
2018-08-02,292.3,294.35,285.0,286.3,289.7374373211496,269429.0,2008.0,78063668.0,35339.0,13.12,9.35,-6.0,1533168000.0
2018-08-01,296.0,299.8,287.5,292.1,293.8721965630009,714926.0,6812.0,210096874.0,109698.0,15.34,12.3,-3.9,1533081600.0
2018-07-31,289.75,296.0,287.65,292.8,292.11657192591184,147068.0,1583.0,42961000.0,29000.0,19.72,8.35,3.05,1532995200.0
2018-07-30,290.45,296.55,286.35,291.35,289.99022195884066,185620.0,1703.0,53827985.0,22191.0,11.96,10.2,0.9,1532908800.0
2018-07-27,287.8,293.8,283.8,290.45,289.3296589852315,117209.0,1846.0,33912040.0,25378.0,21.65,10.0,2.65,1532649600.0
2018-07-26,278.2,289.95,277.15,287.35,284.65037563305566,208315.0,2451.0,59296943.0,57804.0,27.75,12.8,9.15,1532563200.0
2018-07-25,274.0,282.5,271.25,276.7,276.42355013339545,231642.0,1830.0,64031304.0,114135.0,49.27,11.25,2.7,1532476800.0
2018-07-24,277.0,280.55,271.0,274.7,275.31773144330566,152802.0,1799.0,42069100.0,12890.0,8.44,9.55,-2.3,1532390400.0
2018-07-23,282.6,282.6,269.75,275.6,272.74545551185287,244582.0,1954.0,66708629.0,94930.0,38.81,12.85,-7.0,1532304000.0
2018-07-20,277.75,289.9,274.7,280.05,281.3704424460123,233294.0,2073.0,65642036.0,25389.0,10.88,15.2,2.3,1532044800.0
2018-07-19,276.0,281.3,270.0,277.65,276.4057139082472,151385.0,1606.0,41843679.0,23730.0,15.68,11.3,1.65,1531958400.0
2018-07-18,277.25,277.25,269.6,271.25,272.22390295042686,100155.0,1120.0,27264585.0,23466.0,23.43,7.65,-6.0,1531872000.0
2018-07-17,268.95,279.45,267.3,277.2,274.7024136370493,132580.0,1961.0,36420046.0,30079.0,22.69,12.15,8.25,1531785600.0
2018-07-16,268.35,269.0,263.7,267.45,266.4227901726613,71759.0,613.0,19118233.0,11823.0,16.48,5.3,-0.9,1531699200.0
2018-07-13,265.55,269.45,258.65,268.3,265.0960676009069,100117.0,1064.0,26540623.0,13738.0,13.72,10.8,2.75,1531440000.0
2018-07-12,266.65,272.0,265.7,266.45,269.28799663035807,102088.0,1148.0,27491073.0,20441.0,20.02,6.3,-0.2,1531353600.0
2018-07-11,268.75,268.75,262.0,264.75,265.1372624269006,54720.0,704.0,14508311.0,8583.0,15.69,6.75,-4.0,1531267200.0
2018-07-10,262.4,268.0,261.8,266.3,265.74610711690286,141733.0,1110.0,37664993.0,22841.0,16.12,6.2,3.9,1531180800.0
2018-07-09,261.15,268.0,261.15,262.4,264.1281086297216,72540.0,1072.0,19159853.0,24177.0,33.33,6.85,1.25,1531094400.0
2018-07-06,251.0,262.75,251.0,260.7,258.0170721267533,142513.0,1535.0,36770787.0,26800.0,18.81,11.75,9.7,1530835200.0
2018-07-05,253.2,256.1,251.0,251.65,253.10466635088773,69669.0,663.0,17633549.0,16131.0,23.15,5.1,-1.55,1530748800.0
2018-07-04,251.5,254.15,246.75,253.2,250.0185644298407,84301.0,1056.0,21076815.0,9480.0,11.25,7.4,1.7,1530662400.0
2018-07-03,252.25,255.45,250.9,251.45,252.85763949769344,165397.0,1085.0,41821895.0,67973.0,41.1,4.55,-0.8,1530576000.0
2018-07-02,258.0,258.2,251.35,252.7,254.4554822198276,74240.0,708.0,18890775.0,14220.0,19.15,6.85,-5.3,1530489600.0
2018-06-29,254.0,258.75,251.3,255.15,254.81199132116595,101857.0,1106.0,25954385.0,8497.0,8.34,7.45,1.15,1530230400.0
2018-06-28,255.1,260.0,246.85,255.0,253.98938142641148,689829.0,1821.0,175209241.0,531983.0,77.12,13.15,-0.1,1530144000.0
2018-06-27,265.1,266.3,258.0,259.95,260.2679621174961,265030.0,945.0,68978818.0,191223.0,72.15,8.3,-5.15,1530057600.0
2018-06-26,267.0,270.6,264.0,265.4,267.2505550186748,114861.0,1161.0,30696666.0,39911.0,34.75,6.6,-1.6,1529971200.0
2018-06-25,273.7,273.7,268.35,269.15,269.83144960840406,42646.0,490.0,11507232.0,8457.0,19.83,5.35,-4.55,1529884800.0
2018-06-22,272.45,274.15,267.55,273.05,271.3853705054132,71308.0,799.0,19351948.0,6793.0,9.53,6.6,0.6,1529625600.0
2018-06-21,274.0,275.5,268.9,273.85,273.1831261604881,109329.0,1350.0,29866838.0,18373.0,16.81,6.6,-0.15,1529539200.0
2018-06-20,267.65,272.2,261.55,271.2,266.21634497747453,138954.0,1379.0,36991826.0,9191.0,6.61,10.65,3.55,1529452800.0
2018-06-19,271.0,274.2,267.75,268.65,270.0433071560928,56665.0,532.0,15302004.0,15094.0,26.64,6.45,-2.35,1529366400.0
2018-06-18,270.7,274.0,268.5,271.0,271.45558135076993,46951.0,616.0,12745111.0,8452.0,18.0,5.5,0.3,1529280000.0
2018-06-15,276.55,277.5,267.7,269.3,272.2351136175153,96464.0,1054.0,26260888.0,16789.0,17.4,9.8,-7.25,1529020800.0
2018-06-14,275.3,276.6,273.45,275.65,274.97128702322607,112632.0,700.0,30970566.0,41167.0,36.55,3.15,0.35,1528934400.0
2018-06-13,275.05,279.0,274.4,275.25,276.3882497470733,69190.0,622.0,19123303.0,14586.0,21.08,4.6,0.2,1528848000.0
2018-06-12,274.65,276.95,273.3,275.95,275.5623108420865,179744.0,2200.0,49530672.0,57849.0,32.18,3.65,1.3,1528761600.0
2018-06-11,277.95,278.7,273.6,275.15,276.8689785583796,62402.0,780.0,17277178.0,10871.0,17.42,5.1,-2.8,1528675200.0
2018-06-08,275.0,276.55,273.5,275.65,275.01686278743387,46315.0,480.0,12737406.0,8353.0,18.04,3.05,0.65,1528416000.0
2018-06-07,273.35,277.2,272.6,275.35,274.74388917781664,169208.0,774.0,46488864.0,110477.0,65.29,4.6,2.0,1528329600.0
2018-06-06,270.0,274.0,267.05,273.05,271.86125334022927,58005.0,655.0,15769312.0,10539.0,18.17,6.95,3.05,1528243200.0
2018-06-05,266.5,271.4,260.65,268.95,265.9289780578124,72372.0,869.0,19245812.0,15624.0,21.59,10.75,2.45,1528156800.0
2018-06-04,273.0,273.0,264.85,266.05,266.840169970077,106607.0,1038.0,28447030.0,21401.0,20.07,8.15,-6.95,1528070400.0
2018-06-01,270.1,271.6,263.2,265.65,266.2562680839215,82601.0,959.0,21993034.0,13402.0,16.22,8.4,-4.45,1527811200.0
2018-05-31,276.0,277.65,267.0,269.15,272.1632309985097,83875.0,944.0,22827691.0,27367.0,32.63,10.65,-6.85,1527724800.0
2018-05-30,280.0,280.8,274.1,276.3,276.9493801554152,104623.0,1026.0,28975275.0,23445.0,22.41,6.7,-3.7,1527638400.0
2018-05-29,287.1,291.0,279.25,280.25,285.7305843522949,90288.0,979.0,25798043.0,15607.0,17.29,11.75,-6.85,1527552000.0
2018-05-28,282.0,296.65,281.0,287.0,290.2819851475279,240768.0,2762.0,69890613.0,33016.0,13.71,15.65,5.0,1527465600.0
2018-05-25,272.85,280.0,271.35,279.15,277.13359765051393,68100.0,594.0,18872798.0,16923.0,24.85,8.65,6.3,1527206400.0
2018-05-24,276.0,276.05,266.2,272.5,270.7343261961885,110455.0,987.0,29903960.0,17107.0,15.49,9.85,-3.5,1527120000.0
2018-05-23,270.1,277.15,270.1,273.95,274.03020682356726,130401.0,1195.0,35733813.0,23528.0,18.04,7.05,3.85,1527033600.0
2018-05-22,276.9,277.8,269.75,274.65,274.5461509386418,79370.0,1185.0,21790728.0,12989.0,16.37,8.05,-2.25,1526947200.0
2018-05-21,284.0,286.3,273.85,276.9,278.0227402823229,185178.0,2189.0,51483695.0,42703.0,23.06,12.45,-7.1,1526860800.0
2018-05-18,289.0,290.3,284.65,286.05,287.71198940538966,82306.0,749.0,23680423.0,13513.0,16.42,5.65,-2.95,1526601600.0
2018-05-17,294.5,295.0,287.0,288.95,289.6257629589141,87816.0,928.0,25433776.0,12401.0,14.12,8.0,-5.55,1526515200.0
2018-05-16,285.9,294.75,285.1,293.3,291.715423089334,161148.0,1465.0,47009357.0,33249.0,20.63,9.65,7.4,1526428800.0
2018-05-15,289.0,290.55,284.0,287.6,287.47326949384404,127925.0,1116.0,36775018.0,34193.0,26.73,6.55,-1.4,1526342400.0
2018-05-14,279.0,287.75,278.85,286.6,284.4441480417036,130828.0,1453.0,37213259.0,44130.0,33.73,8.9,7.6,1526256000.0
2018-05-11,290.0,290.0,271.15,278.95,280.23162265404414,301050.0,2908.0,84363730.0,70779.0,23.51,18.85,-11.05,1525996800.0
2018-05-10,288.95,291.95,282.1,283.85,286.5381983092476,217418.0,1639.0,62298562.0,39925.0,18.36,9.85,-5.1,1525910400.0
2018-05-09,288.0,292.5,286.05,287.05,288.08984151162366,137865.0,1343.0,39717506.0,16535.0,11.99,6.45,-0.95,1525824000.0
2018-05-08,297.0,297.0,288.55,289.5,291.2577371812123,126338.0,893.0,36796920.0,33339.0,26.39,8.45,-7.5,1525737600.0
2018-05-07,293.0,294.6,285.5,293.75,291.5508335658482,114688.0,999.0,33437382.0,24174.0,21.08,9.1,0.75,1525651200.0
2018-05-04,285.0,287.8,282.0,285.85,285.3334854014598,76720.0,764.0,21890785.0,15065.0,19.64,5.8,0.85,1525392000.0
2018-05-03,291.0,295.0,285.1,286.55,290.1938192880136,146941.0,1235.0,42641370.0,21767.0,14.81,9.9,-4.45,1525305600.0
2018-05-02,295.0,300.4,287.9,290.1,295.3816159405712,203807.0,1755.0,60200841.0,38354.0,18.82,12.5,-4.9,1525219200.0
2018-04-30,295.0,296.65,293.25,294.45,294.7263333263038,94838.0,997.0,27951256.0,30967.0,32.65,3.4,-0.55,1525046400.0
2018-04-27,287.2,293.25,286.65,291.95,290.5752041259621,897730.0,1862.0,260858078.0,724354.0,80.69,6.6,4.75,1524787200.0
2018-04-26,284.45,288.0,282.2,286.2,285.0308287908018,77233.0,639.0,22013786.0,15394.0,19.93,5.8,1.75,1524700800.0
2018-04-25,289.1,289.1,282.35,284.45,285.8670514761544,84544.0,693.0,24168344.0,19643.0,23.23,6.75,-4.65,1524614400.0
2018-04-24,288.1,292.95,286.65,288.15,289.4892978637987,94654.0,896.0,27401320.0,15203.0,16.06,6.3,0.05,1524528000.0
2018-04-23,285.25,290.45,283.75,289.1,287.40072407494506,91427.0,964.0,26276186.0,15547.0,17.0,6.7,3.85,1524441600.0
2018-04-20,292.5,293.4,286.5,287.9,288.6735581116441,146752.0,1235.0,42363422.0,31804.0,21.67,6.9,-4.6,1524182400.0
2018-04-19,290.45,295.9,286.6,293.0,291.92533703771176,219560.0,2132.0,64095127.0,59341.0,27.03,9.3,2.55,1524096000.0
2018-04-18,296.35,298.3,287.85,289.45,291.20782646010827,207399.0,1365.0,60396212.0,77631.0,37.43,10.45,-6.9,1524009600.0
2018-04-17,301.9,307.15,295.55,296.8,301.1191473024507,466238.0,4903.0,140393189.0,85292.0,18.29,11.6,-5.1,1523923200.0
2018-04-16,295.5,302.0,291.0,300.0,298.2507160668554,118704.0,1255.0,35403553.0,34042.0,28.68,11.0,4.5,1523836800.0
2018-04-13,297.0,300.3,293.65,295.5,297.3795137375005,282111.0,2438.0,83894032.0,52488.0,18.61,6.65,-1.5,1523577600.0
2018-04-12,288.0,297.1,285.0,294.65,292.36027308228574,180019.0,1937.0,52630404.0,29596.0,16.44,12.1,6.65,1523491200.0
2018-04-11,291.0,291.6,285.95,287.05,287.8392460699102,111257.0,857.0,32024131.0,21010.0,18.88,5.65,-3.95,1523404800.0
2018-04-10,296.6,296.6,288.45,290.75,290.4434000565305,194585.0,1328.0,56515929.0,30168.0,15.5,8.15,-5.85,1523318400.0
2018-04-09,294.0,297.65,290.7,293.15,293.97553255605226,230633.0,1918.0,67800459.0,31588.0,13.7,6.95,-0.85,1523232000.0
2018-04-06,293.0,296.5,289.0,294.7,293.21623507574645,286614.0,2180.0,84039878.0,24334.0,8.49,7.5,1.7,1522972800.0
2018-04-05,285.0,295.35,285.0,292.55,292.5983484919628,345018.0,2852.0,100951697.0,42815.0,12.41,10.35,7.55,1522886400.0
2018-04-04,288.4,289.15,280.25,281.9,284.62667407450726,136792.0,1081.0,38934652.0,13375.0,9.78,8.9,-6.5,1522800000.0
2018-04-03,277.1,288.8,276.1,285.4,284.8731583748092,201724.0,2447.0,57465753.0,37009.0,18.35,12.7,8.3,1522713600.0
2018-04-02,279.7,279.7,273.45,276.45,276.39899984724354,124381.0,1255.0,34378784.0,21936.0,17.64,6.25,-3.25,1522627200.0
2018-03-28,275.5,279.5,271.7,275.4,274.47729512955885,148118.0,1283.0,40655028.0,26112.0,17.63,7.8,-0.1,1522195200.0
2018-03-27,269.0,275.8,268.95,274.65,273.5733268565804,156457.0,1400.0,42802462.0,31793.0,20.32,6.85,5.65,1522108800.0
2018-03-26,258.0,269.0,256.1,267.65,263.1973923650689,100014.0,1058.0,26323424.0,21184.0,21.18,12.9,9.65,1522022400.0
2018-03-23,254.0,258.1,252.0,257.15,256.27804509293367,83339.0,698.0,21357956.0,16583.0,19.9,6.1,3.15,1521763200.0
2018-03-22,262.55,264.25,259.4,260.3,262.0982789126588,74604.0,492.0,19553580.0,19508.0,26.15,4.85,-2.25,1521676800.0
2018-03-21,265.55,267.2,262.0,262.95,264.3669631647835,37437.0,332.0,9897106.0,5068.0,13.54,5.2,-2.6,1521590400.0
2018-03-20,262.0,264.9,257.95,262.9,262.1691966066998,57643.0,508.0,15112219.0,13112.0,22.75,6.95,0.9,1521504000.0
2018-03-19,265.25,265.25,256.75,261.05,261.6268045656717,93305.0,1285.0,24411089.0,31495.0,33.75,8.5,-4.2,1521417600.0
2018-03-16,265.9,268.6,263.5,265.15,265.9622426331904,113991.0,831.0,30317302.0,16311.0,14.31,5.1,-0.75,1521158400.0
2018-03-15,266.4,271.0,263.0,266.55,266.23957835665266,131865.0,948.0,35107682.0,9171.0,6.95,8.0,0.15,1521072000.0
2018-03-14,264.35,268.0,261.8,266.75,265.5409647650061,88747.0,678.0,23565964.0,11038.0,12.44,6.2,2.4,1520985600.0
2018-03-13,257.2,267.85,257.2,264.6,265.12416279638234,81820.0,806.0,21692459.0,12518.0,15.3,10.65,7.4,1520899200.0
2018-03-12,261.9,262.6,256.2,261.95,259.9754190362167,80184.0,734.0,20845869.0,11394.0,14.21,6.4,0.05,1520812800.0
2018-03-09,260.15,264.9,257.55,259.15,260.90972015203454,107344.0,1019.0,28007093.0,15335.0,14.29,7.35,-1.0,1520553600.0
2018-03-08,256.0,260.9,252.5,259.3,257.8798925556408,93816.0,769.0,24193260.0,14634.0,15.6,8.4,3.3,1520467200.0
2018-03-07,258.5,258.75,251.0,255.05,254.52854537357115,94306.0,977.0,24003569.0,19108.0,20.26,7.75,-3.45,1520380800.0
2018-03-06,260.0,263.0,255.2,258.0,258.7738750214561,110691.0,1192.0,28643939.0,8990.0,8.12,7.8,-2.0,1520294400.0
2018-03-05,266.1,267.3,256.6,259.25,260.5505456097756,112443.0,1101.0,29297085.0,16056.0,14.28,10.7,-6.85,1520208000.0
2018-03-01,275.0,275.0,265.3,266.1,268.84280771131984,105196.0,1214.0,28281188.0,26964.0,25.63,9.7,-8.9,1519862400.0
2018-02-28,267.1,275.3,262.05,274.6,271.2255154953487,204997.0,2346.0,55600417.0,33605.0,16.39,13.25,7.5,1519776000.0
2018-02-27,267.55,270.1,262.35,264.95,264.74004230885464,66180.0,745.0,17520496.0,9143.0,13.82,7.75,-2.6,1519689600.0
2018-02-26,270.0,270.6,266.05,267.15,267.15084550839725,1556460.0,1750.0,415809605.0,130101.0,8.36,4.55,-2.85,1519603200.0
2018-02-23,263.5,269.95,263.0,269.1,267.72115553409986,91144.0,865.0,24401177.0,22760.0,24.97,6.95,5.6,1519344000.0
2018-02-22,260.15,264.85,260.15,263.0,262.5921606011328,71332.0,608.0,18731224.0,8569.0,12.01,4.7,2.85,1519257600.0
2018-02-21,265.7,266.6,259.1,261.7,261.929200807505,84210.0,796.0,22057058.0,19756.0,23.46,7.5,-4.0,1519171200.0
2018-02-20,255.1,266.5,253.85,265.05,262.47693933403383,168447.0,1805.0,44213453.0,28618.0,16.99,12.65,9.95,1519084800.0
2018-02-19,262.0,262.9,250.35,254.35,255.77745559356168,115186.0,1073.0,29461982.0,16761.0,14.55,12.55,-7.65,1518998400.0
2018-02-16,273.25,276.0,260.0,261.4,265.565238642006,128896.0,1097.0,34230297.0,24411.0,18.94,16.0,-11.85,1518739200.0
2018-02-15,275.0,278.9,267.65,272.75,274.4794759446915,184637.0,1484.0,50679067.0,38627.0,20.92,11.25,-2.25,1518652800.0
2018-02-14,277.0,279.9,273.0,274.05,276.630323068062,133687.0,1418.0,36981878.0,26832.0,20.07,6.9,-2.95,1518566400.0
2018-02-12,272.0,277.8,271.4,274.95,274.81223569618254,278562.0,3294.0,76552246.0,49311.0,17.7,6.4,2.95,1518393600.0
2018-02-09,267.0,271.7,263.1,270.55,268.8933813481665,124406.0,1224.0,33451950.0,14429.0,11.6,8.6,3.55,1518134400.0
2018-02-08,260.0,271.75,255.0,270.05,267.25177277706246,208148.0,1910.0,55627922.0,33496.0,16.09,16.75,10.05,1518048000.0
2018-02-07,247.55,264.35,247.55,260.85,259.258445738434,203505.0,3194.0,52760390.0,25311.0,12.44,16.8,13.3,1517961600.0
2018-02-06,243.0,255.6,229.6,248.45,246.33117714254257,435954.0,5005.0,107389062.0,50402.0,11.56,26.0,5.45,1517875200.0
2018-02-05,240.0,255.15,239.1,252.2,248.12545962771256,113407.0,1323.0,28139164.0,19568.0,17.25,16.05,12.2,1517788800.0
2018-02-02,262.25,262.25,246.25,249.7,251.92862542522363,190488.0,2500.0,47989380.0,27363.0,14.36,16.0,-12.55,1517529600.0
2018-02-01,254.5,268.25,248.9,262.25,262.00286446977304,249959.0,2569.0,65489974.0,42553.0,17.02,19.35,7.75,1517443200.0
2018-01-31,264.5,264.5,253.8,254.75,257.5729843613239,129103.0,1199.0,33253445.0,23752.0,18.4,10.7,-9.75,1517356800.0
2018-01-30,257.0,265.0,251.0,258.8,256.19871378697866,163270.0,2293.0,41829564.0,49943.0,30.59,14.0,1.8,1517270400.0
2018-01-29,263.2,263.2,255.3,257.4,259.7364193827901,90018.0,918.0,23380953.0,27878.0,30.97,7.9,-5.8,1517184000.0
2018-01-25,269.0,269.5,261.05,262.75,264.237856464859,48462.0,630.0,12805495.0,8644.0,17.84,8.45,-6.25,1516838400.0
2018-01-24,264.75,269.75,261.0,267.25,265.2421285063926,73366.0,888.0,19459754.0,22284.0,30.37,8.75,2.5,1516752000.0
2018-01-23,261.7,267.75,260.2,264.6,264.62194272847125,67503.0,886.0,17862775.0,15414.0,22.83,7.55,2.9,1516665600.0
2018-01-22,264.0,267.0,257.65,260.9,260.9474517961437,62495.0,847.0,16307911.0,14215.0,22.75,9.35,-3.1,1516579200.0
2018-01-19,261.2,265.75,260.6,264.85,263.20390891840606,52700.0,802.0,13870846.0,13024.0,24.71,5.15,3.65,1516320000.0
2018-01-18,274.0,274.25,259.8,262.15,266.1167252958107,103191.0,1201.0,27460851.0,28841.0,27.95,14.45,-11.85,1516233600.0
2018-01-17,272.0,274.85,269.65,274.0,272.666109803326,92183.0,1146.0,25135180.0,23356.0,25.34,5.2,2.0,1516147200.0
2018-01-16,278.25,278.25,268.85,271.35,272.9591759888291,127474.0,1351.0,34795198.0,40504.0,31.77,9.4,-6.9,1516060800.0
2018-01-15,279.5,281.7,277.5,278.15,279.20437358447106,78151.0,780.0,21820101.0,16636.0,21.29,4.2,-1.35,1515974400.0
2018-01-12,281.0,281.65,275.0,278.75,278.9719402359841,143230.0,1650.0,39957151.0,30698.0,21.43,6.65,-2.25,1515715200.0
2018-01-11,279.95,280.35,275.85,278.55,278.3311148761756,98567.0,722.0,27434263.0,32057.0,32.52,4.5,-1.4,1515628800.0
2018-01-10,288.8,288.8,276.1,278.05,280.6243344109537,252408.0,2354.0,70831827.0,56593.0,22.42,12.7,-10.75,1515542400.0
2018-01-09,283.05,288.65,280.85,285.6,285.39691070727633,231833.0,3501.0,66164422.0,54896.0,23.68,7.8,2.55,1515456000.0
2018-01-08,282.0,285.0,273.0,283.8,279.8469893017678,381091.0,4758.0,106647169.0,132612.0,34.8,12.0,1.8,1515369600.0
2018-01-05,270.8,285.0,270.5,281.5,278.8256941783269,386212.0,3884.0,107685829.0,130274.0,33.73,14.5,10.7,1515110400.0
2018-01-04,270.75,271.75,268.55,270.8,270.1583365770012,95057.0,849.0,25680441.0,21936.0,23.08,3.2,0.05,1515024000.0
2018-01-03,268.95,271.0,268.0,269.85,269.5542170890499,108748.0,752.0,29313482.0,20225.0,18.6,3.0,0.9,1514937600.0
2018-01-02,268.4,271.95,262.5,267.5,267.5831549392743,185918.0,1356.0,49748525.0,43431.0,23.36,9.45,-0.9,1514851200.0
2018-01-01,269.0,272.45,266.6,268.65,269.4593150656343,95834.0,781.0,25823364.0,23095.0,24.1,5.85,-0.35,1514764800.0
2017-12-29,269.5,270.15,266.25,268.8,268.4343795954774,82962.0,722.0,22269853.0,15866.0,19.12,3.9,-0.7,1514505600.0
2017-12-28,266.15,271.0,266.1,268.55,269.08773808799367,82165.0,961.0,22109594.0,21005.0,25.56,4.9,2.4,1514419200.0
2017-12-27,269.7,271.0,262.8,268.55,266.5903215224921,179863.0,1529.0,47949735.0,29879.0,16.61,8.2,-1.15,1514332800.0
2017-12-26,266.5,269.5,261.0,267.1,266.26218483493005,129218.0,1225.0,34405867.0,33383.0,25.83,8.5,0.6,1514246400.0
2017-12-22,265.75,268.9,262.25,264.6,266.0925282499139,159735.0,1595.0,42504290.0,31654.0,19.82,6.65,-1.15,1513900800.0
2017-12-21,262.7,266.0,256.25,264.7,263.1242182618615,174451.0,1791.0,45902283.0,36191.0,20.75,9.75,2.0,1513814400.0
2017-12-20,260.0,262.45,258.15,259.95,260.093400768436,148093.0,1427.0,38518012.0,27399.0,18.5,4.3,-0.05,1513728000.0
2017-12-19,255.0,260.45,254.85,259.4,258.9648934429582,97788.0,1280.0,25323659.0,31692.0,32.41,5.6,4.4,1513641600.0
2017-12-18,250.9,259.5,240.55,254.3,252.84350762369965,249354.0,2911.0,63047540.0,49740.0,19.95,18.95,3.4,1513555200.0
2017-12-15,241.0,253.75,241.0,249.55,250.34371472259136,1199422.0,2139.0,300267759.0,43973.0,3.67,12.75,8.55,1513296000.0
2017-12-14,248.0,248.0,239.4,240.9,241.7505382545175,52020.0,653.0,12575863.0,16323.0,31.38,8.6,-7.1,1513209600.0
2017-12-13,245.55,246.6,241.9,245.0,244.46962471110456,54518.0,567.0,13327995.0,11784.0,21.61,4.7,-0.55,1513123200.0
2017-12-12,244.1,249.6,243.05,244.25,246.04148085600443,75794.0,691.0,18648468.0,6900.0,9.1,6.55,0.15,1513036800.0
2017-12-11,249.7,250.35,245.3,246.55,247.2544257077817,45247.0,560.0,11187521.0,8450.0,18.68,5.05,-3.15,1512950400.0
2017-12-08,244.05,249.95,244.05,247.7,247.21481012913773,148601.0,1114.0,36736368.0,32118.0,21.61,5.9,3.65,1512691200.0
2017-12-07,247.0,247.0,238.9,242.7,242.5151706173,107873.0,790.0,26160839.0,20621.0,19.12,8.1,-4.3,1512604800.0
2017-12-06,238.5,241.7,237.25,238.1,239.29824660665489,176743.0,1734.0,42294290.0,55996.0,31.68,4.45,-0.4,1512518400.0
2017-12-05,242.9,244.0,236.75,239.7,239.08494585436364,211005.0,2819.0,50448119.0,63528.0,30.11,7.25,-3.2,1512432000.0
2017-12-04,247.0,247.0,241.0,241.95,243.08468225680247,115030.0,1292.0,27962031.0,26086.0,22.68,6.0,-5.05,1512345600.0
2017-12-01,255.8,255.8,243.05,243.9,250.06593399447243,153775.0,1125.0,38453889.0,21159.0,13.76,12.75,-11.9,1512086400.0
2017-11-30,258.0,258.0,249.05,250.7,252.3716016381784,203885.0,1797.0,51454784.0,54401.0,26.68,8.95,-7.3,1512000000.0
2017-11-29,256.3,259.5,254.95,258.8,258.0218778185978,181828.0,1149.0,46915602.0,65634.0,36.1,4.55,2.5,1511913600.0
2017-11-28,256.75,259.5,255.35,256.75,256.73378670788253,113225.0,1025.0,29068683.0,37782.0,33.37,4.15,0.0,1511827200.0
2017-11-27,252.7,257.0,251.0,256.6,255.20177246971025,173656.0,1425.0,44317319.0,49803.0,28.68,6.0,3.9,1511740800.0
2017-11-24,254.0,255.0,251.4,253.4,253.2987243410604,198956.0,1493.0,50395301.0,53975.0,27.13,3.6,-0.6,1511481600.0
2017-11-23,249.9,253.65,248.05,252.2,251.07009451084383,403869.0,3442.0,101399428.0,140707.0,34.84,5.6,2.3,1511395200.0
2017-11-22,247.0,249.4,243.55,247.65,247.28781186527328,217121.0,1903.0,53691377.0,57104.0,26.3,5.85,0.65,1511308800.0
2017-11-21,236.55,246.7,236.5,245.5,243.0938336527648,378798.0,7615.0,92083458.0,119801.0,31.63,10.2,8.95,1511222400.0
2017-11-20,239.0,239.0,234.5,235.5,236.0954736095807,117069.0,1822.0,27639461.0,35821.0,30.6,4.5,-3.5,1511136000.0
2017-11-17,235.35,238.7,234.4,236.3,236.53344269352672,134723.0,1626.0,31866495.0,35857.0,26.62,4.3,0.95,1510876800.0
2017-11-16,233.0,236.7,231.45,233.25,233.53200431360293,99221.0,1087.0,23171279.0,18414.0,18.56,5.25,0.25,1510790400.0
2017-11-15,234.9,241.1,229.75,231.85,235.38562107588984,365688.0,4885.0,86077697.0,83531.0,22.84,11.35,-3.05,1510704000.0
2017-11-14,236.55,237.0,230.65,231.45,232.29655420732365,138865.0,1574.0,32257861.0,36367.0,26.19,6.35,-5.1,1510617600.0
2017-11-13,238.0,239.1,235.2,235.95,236.92601848035173,116448.0,1151.0,27589561.0,35816.0,30.76,3.9,-2.05,1510531200.0
2017-11-10,234.0,238.0,230.3,235.2,234.63147513167664,141445.0,1318.0,33187449.0,40488.0,28.62,7.7,1.2,1510272000.0
2017-11-09,232.35,233.8,228.3,232.65,231.45465522327643,145761.0,1650.0,33737062.0,27605.0,18.94,5.5,0.3,1510185600.0
2017-11-08,235.9,236.55,228.3,229.65,232.25125974332727,152412.0,2555.0,35397879.0,43884.0,28.79,8.25,-6.25,1510099200.0
2017-11-07,243.0,243.55,232.25,234.15,237.6589609474512,221394.0,3245.0,52616268.0,58392.0,26.37,11.3,-8.85,1510012800.0
2017-11-06,236.45,244.0,234.25,242.9,240.15406528960887,323298.0,3985.0,77641329.0,82535.0,25.53,9.75,6.45,1509926400.0
2017-11-03,238.8,239.8,233.0,236.35,236.3994156307037,255318.0,2701.0,60357026.0,79081.0,30.97,6.8,-2.45,1509667200.0
2017-11-02,242.8,250.1,235.35,237.05,241.58451944589896,462154.0,6288.0,111649252.0,140529.0,30.41,14.75,-5.75,1509580800.0
2017-11-01,247.5,248.0,240.85,244.65,244.8021206568019,219366.0,3117.0,53701262.0,57825.0,26.36,7.15,-2.85,1509494400.0
2017-10-31,246.8,249.0,243.7,245.3,245.2301324244868,192185.0,1630.0,47129553.0,56025.0,29.15,5.3,-1.5,1509408000.0
2017-10-30,244.0,249.7,243.75,246.95,247.20782489169943,249537.0,2403.0,61687499.0,87775.0,35.18,5.95,2.95,1509321600.0
2017-10-27,238.15,244.6,238.1,243.55,242.9095363271267,410850.0,3079.0,99799383.0,100517.0,24.47,6.5,5.4,1509062400.0
2017-10-26,240.15,242.3,237.3,238.9,240.2064628153416,240731.0,2676.0,57825142.0,95419.0,39.64,5.0,-1.25,1508976000.0
2017-10-25,241.9,242.5,238.5,241.25,240.84257106871453,118301.0,1338.0,28491917.0,34899.0,29.5,4.0,-0.65,1508889600.0
2017-10-24,239.45,243.5,239.45,240.3,241.05036864571207,77310.0,1230.0,18635604.0,24081.0,31.15,4.05,0.85,1508803200.0
2017-10-23,239.0,242.4,237.1,239.95,239.6652594024082,168175.0,3533.0,40305705.0,63917.0,38.01,5.3,0.95,1508716800.0
2017-10-19,244.0,244.0,239.3,241.35,242.03259475476537,22611.0,282.0,5472599.0,7329.0,32.41,4.7,-2.65,1508371200.0
2017-10-18,247.0,248.85,242.95,243.5,245.91713891137675,125994.0,1689.0,30984084.0,37246.0,29.56,5.9,-3.5,1508284800.0
2017-10-17,244.8,246.0,241.2,245.45,244.15580794090488,108300.0,1211.0,26442074.0,32387.0,29.9,4.8,0.65,1508198400.0
2017-10-16,241.0,245.35,240.4,242.3,242.50441266111287,113197.0,1319.0,27450772.0,34021.0,30.05,4.95,1.3,1508112000.0
2017-10-13,244.2,245.0,240.5,241.8,241.88408304498267,102884.0,1179.0,24886002.0,26648.0,25.9,4.5,-2.4,1507852800.0
2017-10-12,239.0,242.9,238.55,241.8,241.0627094945316,104418.0,902.0,25171286.0,21100.0,20.21,4.35,2.8,1507766400.0
2017-10-11,244.0,244.15,236.15,237.7,240.99094386859028,156579.0,1204.0,37734121.0,38425.0,24.54,8.0,-6.3,1507680000.0
2017-10-10,239.0,242.8,238.4,242.2,241.07377019662448,166612.0,1250.0,40165783.0,43151.0,25.9,4.4,3.2,1507593600.0
2017-10-09,242.5,243.8,237.2,238.7,239.7545384830654,275147.0,1796.0,65967742.0,80793.0,29.36,6.6,-3.8,1507507200.0
2017-10-06,238.2,243.85,237.55,242.4,241.85048442868347,271557.0,1938.0,65676192.0,66232.0,24.39,6.3,4.2,1507248000.0
2017-10-05,238.0,240.95,236.0,239.45,238.6941973157803,269203.0,2098.0,64257194.0,75407.0,28.01,4.95,1.45,1507161600.0
2017-10-04,245.0,246.3,237.5,238.8,242.50924593531127,334958.0,2744.0,81230412.0,83309.0,24.87,8.8,-6.2,1507075200.0
2017-10-03,248.1,249.95,242.1,243.65,245.34869011995937,188147.0,2102.0,46161620.0,45708.0,24.29,7.85,-4.45,1506988800.0
2017-09-29,244.5,249.3,244.2,244.95,246.55941801305053,194781.0,1776.0,48025090.0,53018.0,27.22,5.1,0.45,1506643200.0
2017-09-28,241.5,246.5,240.9,243.0,243.3765167543717,165897.0,1474.0,40375434.0,31829.0,19.19,5.6,1.5,1506556800.0
2017-09-27,247.0,250.25,240.0,242.0,245.80198115207463,155667.0,1352.0,38263257.0,22302.0,14.33,10.25,-5.0,1506470400.0
2017-09-26,244.0,251.7,243.0,248.0,247.89119198536608,282084.0,2385.0,69926139.0,61653.0,21.86,8.7,4.0,1506384000.0
2017-09-25,250.45,252.3,245.0,249.4,248.4128060447772,286396.0,1956.0,71144434.0,93850.0,32.77,7.3,-1.05,1506297600.0
2017-09-22,259.35,263.3,248.0,251.45,257.1856002197129,349547.0,2900.0,89898455.0,73761.0,21.1,15.3,-7.9,1506038400.0
2017-09-21,263.0,263.7,254.8,257.1,257.36771804482083,244663.0,1938.0,62968358.0,67241.0,27.48,8.9,-5.9,1505952000.0
2017-09-20,266.5,268.75,261.15,262.25,264.6509856201833,407307.0,3664.0,107794199.0,96569.0,23.71,7.6,-4.25,1505865600.0
2017-09-19,262.0,263.5,257.8,258.6,260.8521160026329,129135.0,1230.0,33685138.0,37990.0,29.42,5.7,-3.4,1505779200.0
2017-09-18,262.0,262.6,255.55,261.65,259.8622001540783,189514.0,1426.0,49247525.0,48441.0,25.56,7.05,-0.35,1505692800.0
2017-09-15,260.1,261.35,254.1,256.45,256.79990507091344,141158.0,1255.0,36249361.0,38976.0,27.61,7.25,-3.65,1505433600.0
2017-09-14,263.7,263.7,258.1,259.6,260.56912074273686,145839.0,1354.0,38001140.0,47854.0,32.81,5.6,-4.1,1505347200.0
2017-09-13,266.5,266.6,258.5,259.7,263.40014137762535,421566.0,3274.0,111040544.0,109058.0,25.87,8.1,-6.8,1505260800.0
2017-09-12,256.85,264.9,256.5,263.3,261.41195210333484,299144.0,2391.0,78199817.0,83923.0,28.05,8.4,6.45,1505174400.0
2017-09-11,256.0,257.4,252.35,256.3,255.54594228360287,126931.0,1409.0,32436702.0,29182.0,22.99,5.05,0.3,1505088000.0
2017-09-08,251.25,255.35,250.4,252.35,252.6114673838092,145020.0,1373.0,36633715.0,33359.0,23.0,4.95,1.1,1504828800.0
2017-09-07,256.15,257.8,252.9,253.8,255.13670165985727,179654.0,1427.0,45836329.0,53132.0,29.57,4.9,-2.35,1504742400.0
2017-09-06,252.4,257.4,250.3,255.0,254.36535550418344,170434.0,1374.0,43352505.0,28800.0,16.9,7.1,2.6,1504656000.0
2017-09-05,249.2,255.45,249.2,253.45,253.5298843141481,139170.0,1237.0,35283754.0,24548.0,17.64,6.25,4.25,1504569600.0
2017-09-04,258.0,258.0,248.6,250.65,252.31018400171115,191683.0,1596.0,48363573.0,28336.0,14.78,9.4,-7.35,1504483200.0
2017-09-01,254.9,256.9,252.8,256.2,255.0260717807901,206852.0,1736.0,52752653.0,39334.0,19.02,4.1,1.3,1504224000.0
2017-08-31,248.0,254.45,248.0,253.2,251.8915342991796,229160.0,1889.0,57723464.0,45549.0,19.88,6.45,5.2,1504137600.0
2017-08-30,250.9,252.9,247.65,248.3,249.93623609765103,216690.0,1973.0,54158683.0,60712.0,28.02,5.25,-2.6,1504051200.0
2017-08-29,250.0,254.5,246.3,249.7,249.89250756597744,378008.0,3749.0,94461367.0,87340.0,23.11,8.2,-0.3,1503964800.0
2017-08-28,258.0,258.2,251.5,252.3,253.11035188082664,245424.0,1952.0,62119355.0,56856.0,23.17,6.7,-5.7,1503878400.0
2017-08-24,261.0,261.5,253.75,256.6,256.4162747840587,256667.0,2026.0,65813596.0,28630.0,11.15,7.75,-4.4,1503532800.0
2017-08-23,258.0,262.65,256.05,260.2,259.12186044839177,278105.0,1963.0,72063085.0,20637.0,7.42,6.6,2.2,1503446400.0
2017-08-22,268.55,269.95,255.8,259.9,260.0228118844556,290901.0,3399.0,75640896.0,27385.0,9.41,14.15,-8.65,1503360000.0
2017-08-21,274.25,275.0,266.25,267.95,269.60521914791445,241572.0,2118.0,65129072.0,34365.0,14.23,8.75,-6.3,1503273600.0
2017-08-18,269.0,271.95,265.4,269.65,268.80425850978463,228061.0,1872.0,61303768.0,13623.0,5.97,6.55,0.65,1503014400.0
2017-08-17,273.4,274.75,268.3,269.25,271.5762595203498,222287.0,2051.0,60367872.0,21576.0,9.71,6.45,-4.15,1502928000.0
2017-08-16,263.5,273.45,259.7,272.35,267.065913585184,272569.0,2323.0,72793889.0,21475.0,7.88,13.75,8.85,1502841600.0
2017-08-14,258.0,264.8,258.0,263.0,261.5511670155572,325317.0,2384.0,85087041.0,20514.0,6.31,6.8,5.0,1502668800.0
2017-08-11,261.5,262.0,252.4,257.05,258.29312059426286,364014.0,3028.0,94022312.0,37265.0,10.24,9.6,-4.45,1502409600.0
2017-08-10,272.0,275.8,257.5,262.4,267.6886372392032,381571.0,4840.0,102142221.0,51221.0,13.42,18.3,-9.6,1502323200.0
2017-08-09,278.25,278.8,267.7,270.25,271.13014047756303,659180.0,2891.0,178723566.0,428549.0,65.01,11.1,-8.0,1502236800.0
2017-08-08,286.0,286.0,271.95,279.7,278.0059092262319,466897.0,4502.0,129800125.0,51658.0,11.06,14.05,-6.3,1502150400.0
2017-08-07,259.9,288.3,257.0,285.8,281.516072694237,1787597.0,15141.0,503237287.0,148301.0,8.3,31.3,25.9,1502064000.0
2017-08-04,261.7,270.45,259.5,262.35,265.0510586546513,1354266.0,6393.0,358949637.0,727563.0,53.72,10.95,0.65,1501804800.0
2017-08-03,279.0,279.0,269.7,270.9,274.1825862838072,302635.0,3111.0,82977247.0,39250.0,12.97,9.3,-8.1,1501718400.0
2017-08-02,266.1,278.35,264.0,277.3,273.3577605267885,578904.0,5726.0,158247901.0,131813.0,22.77,14.35,11.2,1501632000.0
2017-08-01,268.1,268.15,263.0,266.1,265.5995272678468,134114.0,1278.0,35620615.0,28327.0,21.12,5.15,-2.0,1501545600.0
2017-07-31,265.0,270.0,261.3,266.55,265.94935319677217,201375.0,1921.0,53555551.0,37822.0,18.78,8.7,1.55,1501459200.0
2017-07-28,264.3,265.1,259.35,262.95,262.0331427506059,160910.0,1544.0,42163753.0,29187.0,18.14,5.75,-1.35,1501200000.0
2017-07-27,266.0,267.0,259.0,261.8,262.0359007782847,130415.0,2060.0,34173412.0,38665.0,29.65,8.0,-4.2,1501113600.0
2017-07-26,266.0,268.65,264.5,266.2,266.5311419588673,382956.0,3372.0,102069700.0,78745.0,20.56,4.15,0.2,1501027200.0
2017-07-25,254.0,265.9,252.75,264.8,261.37277309970176,669316.0,5194.0,174940979.0,170545.0,25.48,13.15,10.8,1500940800.0
2017-07-24,255.8,255.8,250.9,253.8,253.0544794513208,447912.0,2554.0,113346138.0,76426.0,17.06,4.9,-2.0,1500854400.0
2017-07-21,253.95,255.5,250.5,252.7,252.63810090674232,236892.0,1835.0,59847945.0,20678.0,8.73,5.0,-1.25,1500595200.0
2017-07-20,256.35,257.55,252.3,253.7,254.48895573769823,246327.0,1666.0,62687501.0,27899.0,11.33,5.25,-2.65,1500508800.0
2017-07-19,253.0,256.8,253.0,255.75,255.07559224244704,255132.0,1722.0,65077946.0,37338.0,14.63,3.8,2.75,1500422400.0
2017-07-18,253.5,256.9,250.1,252.7,252.389342206422,733604.0,2046.0,185153831.0,538439.0,73.4,6.8,-0.8,1500336000.0
2017-07-17,249.0,254.55,247.1,253.55,250.26689405949108,453547.0,1809.0,113507799.0,253988.0,56.0,7.45,4.55,1500249600.0
2017-07-14,252.0,252.3,248.9,251.05,250.7908856329339,67432.0,683.0,16911331.0,18220.0,27.02,3.4,-0.95,1499990400.0
2017-07-13,253.0,255.0,250.2,251.65,251.9468314662927,183981.0,1606.0,46353430.0,26179.0,14.23,4.8,-1.35,1499904000.0
2017-07-12,248.0,253.75,245.55,252.25,250.0572677237309,286706.0,2770.0,71692919.0,53960.0,18.82,8.2,4.25,1499817600.0
2017-07-11,256.2,259.75,248.3,249.85,254.9165692007797,328320.0,4174.0,83694208.0,82798.0,25.22,11.45,-6.35,1499731200.0
2017-07-10,258.0,261.0,256.3,257.3,258.15115396687287,251697.0,1839.0,64975871.0,62009.0,24.64,4.7,-0.7,1499644800.0
2017-07-07,256.0,259.75,253.1,258.4,257.29989610322974,155924.0,1568.0,40119229.0,14451.0,9.27,6.65,2.4,1499385600.0
2017-07-06,258.0,260.0,255.15,256.4,257.7867790412757,263642.0,2007.0,67963422.0,48857.0,18.53,4.85,-1.6,1499299200.0
2017-07-05,253.0,257.8,251.2,254.75,255.4597191268378,233771.0,1775.0,59719074.0,28534.0,12.21,6.6,1.75,1499212800.0
2017-07-04,256.0,256.9,250.7,251.55,253.11357108218,214456.0,1570.0,54281724.0,32938.0,15.36,6.2,-4.45,1499126400.0
2017-07-03,242.0,255.0,242.0,254.35,250.4751165473158,416140.0,3290.0,104232715.0,66170.0,15.9,13.0,12.35,1499040000.0
2017-06-30,230.85,248.5,230.85,241.0,241.0800908809589,245596.0,1584.0,59208306.0,38957.0,15.86,17.65,10.15,1498780800.0
2017-06-29,245.0,247.1,241.9,242.9,244.44335737682368,116317.0,1086.0,28432918.0,30876.0,26.54,5.2,-2.1,1498694400.0
2017-06-28,243.0,244.9,237.75,243.5,241.35931615595112,184545.0,2863.0,44541655.0,26325.0,14.26,7.15,0.5,1498608000.0
2017-06-27,244.0,246.0,239.3,243.05,242.621470645862,239881.0,1975.0,58200281.0,54506.0,22.72,6.7,-0.95,1498521600.0
2017-06-23,257.9,257.9,245.25,247.0,249.68323116289025,313039.0,2471.0,78160589.0,54307.0,17.35,12.65,-10.9,1498176000.0
2017-06-22,259.0,263.25,256.0,257.4,260.4700953481653,183433.0,1646.0,47778811.0,22913.0,12.49,7.25,-1.6,1498089600.0
2017-06-21,262.0,266.3,259.0,260.55,263.3600104252058,448912.0,3550.0,118225469.0,61505.0,13.7,7.3,-1.45,1498003200.0
2017-06-20,257.0,264.8,257.0,261.65,262.53763794583426,389102.0,3187.0,102153920.0,45651.0,11.73,7.8,4.65,1497916800.0
2017-06-19,258.9,258.9,253.25,256.8,256.37843840206045,183261.0,2078.0,46984169.0,39993.0,21.82,5.65,-2.1,1497830400.0
2017-06-16,258.55,259.5,254.25,255.4,256.7696401338643,188848.0,1383.0,48490433.0,17002.0,9.0,5.25,-3.15,1497571200.0
2017-06-15,258.0,260.55,255.15,257.25,258.0966816408171,243976.0,2301.0,62969396.0,42584.0,17.45,5.4,-0.75,1497484800.0
2017-06-14,254.25,259.7,251.6,258.35,256.33356552127714,1095377.0,6304.0,280781892.0,575944.0,52.58,8.1,4.1,1497398400.0
2017-06-13,261.7,266.4,254.3,257.95,263.1427987401564,587057.0,6868.0,154479822.0,143737.0,24.48,12.1,-3.75,1497312000.0
2017-06-12,261.7,262.3,254.35,260.15,259.5689950494016,287238.0,3193.0,74558079.0,44475.0,15.48,7.95,-1.55,1497225600.0
2017-06-09,261.9,262.1,255.8,257.75,259.29049166838985,928512.0,4666.0,240754333.0,60500.0,6.52,6.3,-4.15,1496966400.0
2017-06-08,260.3,264.0,257.1,258.2,261.0826842785194,427288.0,4298.0,111557498.0,51695.0,12.1,6.9,-2.1,1496880000.0
2017-06-07,261.65,264.8,257.4,259.3,261.3300655408945,576434.0,5789.0,150639535.0,77909.0,13.52,7.4,-2.35,1496793600.0
2017-06-06,248.1,260.6,242.0,259.3,254.1190879143214,496927.0,5190.0,126278636.0,94688.0,19.05,18.6,11.2,1496707200.0
2017-06-05,246.0,254.2,245.75,248.1,250.22332902929224,295846.0,3118.0,74027571.0,44892.0,15.17,8.45,2.1,1496620800.0
2017-06-02,243.55,248.35,241.8,246.55,246.23301113494136,714777.0,5562.0,176001693.0,95400.0,13.35,6.55,3.0,1496361600.0
2017-06-01,228.5,243.45,227.8,242.75,240.33124124695263,809718.0,6252.0,194600532.0,116304.0,14.36,15.65,14.25,1496275200.0
2017-05-31,228.65,231.55,227.0,228.4,227.5235107847272,502748.0,1390.0,114386990.0,352141.0,70.04,4.55,-0.25,1496188800.0
2017-05-30,224.6,229.9,223.1,228.45,227.81312168462736,149493.0,1226.0,34056467.0,17209.0,11.51,6.8,3.85,1496102400.0
2017-05-29,233.0,234.1,224.0,224.95,227.36463183223128,204472.0,1597.0,46489701.0,24111.0,11.79,10.1,-8.05,1496016000.0
2017-05-26,227.0,235.7,224.0,232.25,231.64439179830768,324177.0,3245.0,75093784.0,48584.0,14.99,11.7,5.25,1495756800.0
2017-05-25,222.5,228.0,219.0,227.5,223.96341722578097,197634.0,1710.0,44262786.0,36994.0,18.72,9.0,5.0,1495670400.0
2017-05-24,228.4,230.05,217.5,221.45,222.6576620636747,417120.0,3296.0,92874964.0,91785.0,22.0,12.55,-6.95,1495584000.0
2017-05-23,231.55,232.75,226.05,230.6,230.2719797440972,244077.0,2225.0,56204094.0,24178.0,9.91,6.7,-0.95,1495497600.0
2017-05-22,236.5,237.45,230.85,233.3,234.72863346576733,259752.0,2485.0,60971232.0,107151.0,41.25,6.6,-3.2,1495411200.0
2017-05-19,236.5,237.65,230.1,234.5,234.86217120868693,303536.0,2202.0,71289124.0,81287.0,26.78,7.55,-2.0,1495152000.0
2017-05-18,235.0,239.8,231.0,232.85,235.24460600260727,409622.0,2651.0,96361366.0,131160.0,32.02,8.8,-2.15,1495065600.0
2017-05-17,235.0,238.5,231.95,237.35,236.41965896359875,631956.0,3730.0,149406822.0,97927.0,15.5,6.55,2.35,1494979200.0
2017-05-16,233.0,235.3,230.95,234.5,234.01783075722608,361398.0,2390.0,84573576.0,78843.0,21.82,4.35,1.5,1494892800.0
2017-05-15,227.4,232.5,225.25,232.15,230.529343176254,266723.0,1934.0,61487478.0,48215.0,18.08,7.25,4.75,1494806400.0
2017-05-12,231.0,232.75,225.5,227.3,228.3241226858248,217140.0,1793.0,49578300.0,51640.0,23.78,7.25,-3.7,1494547200.0
2017-05-11,232.0,235.25,229.6,230.5,232.37835908577,451090.0,3319.0,104823554.0,63065.0,13.98,5.65,-1.5,1494460800.0
2017-05-10,236.0,236.0,229.0,231.2,231.73712742559968,349192.0,2856.0,80920751.0,60538.0,17.34,7.0,-4.8,1494374400.0
2017-05-09,244.0,244.0,232.7,234.25,236.6065706605721,385045.0,4502.0,91104177.0,109705.0,28.49,11.3,-9.75,1494288000.0
2017-05-08,242.5,244.6,238.45,240.55,241.32417609865408,560504.0,4029.0,135263166.0,45098.0,8.05,6.15,-1.95,1494201600.0
2017-05-05,242.8,247.2,239.75,245.4,243.7251859181654,490135.0,4334.0,119458244.0,48488.0,9.89,7.45,2.6,1493942400.0
2017-05-04,244.45,250.0,241.1,242.85,246.37088210775224,315483.0,2549.0,77725825.0,57011.0,18.07,8.9,-1.6,1493856000.0
2017-05-03,251.1,252.95,243.9,244.9,248.01809827745927,616357.0,4908.0,152867691.0,73647.0,11.95,9.05,-6.2,1493769600.0
2017-05-02,244.0,253.0,241.1,250.65,247.34908142089844,327680.0,2799.0,81051347.0,80090.0,24.44,11.9,6.65,1493683200.0
2017-04-28,247.85,248.0,242.3,244.1,244.9163682838508,197174.0,1915.0,48291140.0,34119.0,17.3,5.7,-3.75,1493337600.0
2017-04-27,249.9,249.9,245.4,247.85,247.72278070354096,274952.0,2599.0,68111874.0,33523.0,12.19,4.5,-2.05,1493251200.0
2017-04-26,243.0,249.5,242.1,247.4,246.57368016071808,621212.0,6315.0,153174529.0,124095.0,19.98,7.4,4.4,1493164800.0
2017-04-25,242.0,244.0,239.0,242.65,241.9997346794539,437207.0,3092.0,105803978.0,68634.0,15.7,5.0,0.65,1493078400.0
2017-04-24,236.5,241.9,235.75,241.3,239.817260938,3987292.0,4306.0,956221446.0,3472648.0,87.09,6.15,4.8,1492992000.0
2017-04-21,242.7,243.0,233.25,236.9,237.31778619688384,405691.0,4569.0,96277690.0,88735.0,21.87,9.75,-5.8,1492732800.0
2017-04-20,230.35,241.0,229.0,239.95,236.8356594025788,683270.0,5647.0,161822701.0,182063.0,26.65,12.0,9.6,1492646400.0
2017-04-19,228.0,233.0,226.35,230.55,230.09408432381736,264433.0,3123.0,60844469.0,54910.0,20.77,6.65,2.55,1492560000.0
2017-04-18,229.1,236.5,225.5,226.65,232.07937441681204,640874.0,8574.0,148733637.0,226291.0,35.31,11.0,-2.45,1492473600.0
2017-04-17,222.4,231.4,220.95,229.5,227.7587366111176,555965.0,5656.0,126625886.0,216044.0,38.86,10.45,7.1,1492387200.0
2017-04-13,221.5,227.25,220.95,222.4,224.8685412395997,398064.0,2858.0,89512071.0,38102.0,9.57,6.3,0.9,1492041600.0
2017-04-12,229.8,230.0,220.0,221.25,223.25538169139503,451438.0,4871.0,100785963.0,81412.0,18.03,10.0,-8.55,1491955200.0
2017-04-11,218.55,233.0,216.85,228.7,225.33673530193016,990113.0,8794.0,223108831.0,200556.0,20.26,16.15,10.15,1491868800.0
2017-04-10,215.0,218.0,214.5,216.8,216.6784606792248,427929.0,2581.0,92722997.0,81944.0,19.15,3.5,1.8,1491782400.0
2017-04-07,211.05,216.15,210.25,212.75,214.31591886724817,334760.0,2741.0,71744397.0,56361.0,16.84,5.9,1.7,1491523200.0
2017-04-06,211.85,215.2,210.5,213.2,213.49093750601705,311614.0,2400.0,66526765.0,73665.0,23.64,4.7,1.35,1491436800.0
2017-04-05,211.0,214.0,210.85,211.85,212.50943800560745,223988.0,1973.0,47599564.0,55698.0,24.87,3.15,0.85,1491350400.0
2017-04-03,210.0,211.3,209.0,210.1,210.20178257442552,131944.0,1171.0,27734864.0,46570.0,35.3,2.3,0.1,1491177600.0
2017-03-31,208.65,210.8,207.85,208.65,209.07092163536075,161897.0,1540.0,33847955.0,34006.0,21.0,2.95,0.0,1490918400.0
2017-03-30,210.0,211.0,207.3,208.65,208.99159640065383,247156.0,2211.0,51653527.0,50519.0,20.44,3.7,-1.35,1490832000.0
2017-03-29,203.0,210.0,200.6,209.4,205.34142710113207,700539.0,5528.0,143849678.0,102197.0,14.59,9.4,6.4,1490745600.0
2017-03-28,212.1,213.0,203.35,203.9,207.6662449514772,456074.0,4802.0,94711175.0,104121.0,22.83,9.65,-8.2,1490659200.0
2017-03-27,209.8,211.85,206.8,210.6,210.03007318314727,453793.0,4045.0,95310177.0,63561.0,14.01,5.05,0.8,1490572800.0
2017-03-24,206.7,211.15,205.2,209.15,208.44290861374907,719408.0,5480.0,149955496.0,155967.0,21.68,5.95,2.45,1490313600.0
2017-03-23,205.5,207.95,204.15,206.5,206.37297600443864,501051.0,5102.0,103403386.0,100760.0,20.11,3.8,1.0,1490227200.0
2017-03-22,204.0,207.95,202.15,204.95,205.58143855174205,886030.0,8064.0,182151322.0,131814.0,14.88,5.8,0.95,1490140800.0
2017-03-21,204.9,205.85,199.25,204.9,202.8996622647916,559610.0,5469.0,113544680.0,89298.0,15.96,6.6,0.0,1490054400.0
2017-03-20,203.8,206.8,202.1,202.95,204.15203064292533,1038021.0,10211.0,211914095.0,245984.0,23.7,4.7,-0.85,1489968000.0
2017-03-17,197.05,199.75,192.0,198.9,196.91589542739644,510650.0,5730.0,100555102.0,111740.0,21.88,7.75,1.85,1489708800.0
2017-03-16,196.5,198.5,194.65,195.95,196.163251388466,397381.0,3549.0,77951549.0,120633.0,30.36,3.85,-0.55,1489622400.0
2017-03-15,187.3,196.45,186.9,194.2,193.25475509858907,957814.0,10780.0,185102110.0,312686.0,32.65,9.55,6.9,1489536000.0
2017-03-14,185.0,186.85,181.15,185.7,185.0998977881612,315032.0,3175.0,58312391.0,82118.0,26.07,5.7,0.7,1489449600.0
2017-03-10,181.8,181.8,178.15,178.95,179.7881754370475,90608.0,1334.0,16290247.0,31596.0,34.87,3.65,-2.85,1489104000.0
2017-03-09,179.25,182.6,179.2,179.95,180.9134991604514,128045.0,1747.0,23165069.0,34190.0,26.7,3.4,0.7,1489017600.0
2017-03-08,181.4,182.15,178.0,179.85,180.03058761159127,105631.0,1196.0,19016811.0,23881.0,22.61,4.15,-1.55,1488931200.0
2017-03-07,181.1,183.7,180.55,181.2,182.0427349821317,141032.0,1550.0,25673851.0,40441.0,28.68,3.15,0.1,1488844800.0
2017-03-06,184.9,184.9,181.7,182.6,182.64364845204128,123033.0,1861.0,22471196.0,35673.0,28.99,3.2,-2.3,1488758400.0
2017-03-03,182.0,183.7,179.7,183.1,181.81546240417552,245240.0,2906.0,44588424.0,39832.0,16.24,4.0,1.1,1488499200.0
2017-03-02,186.75,187.6,180.25,181.2,184.2142860627943,204955.0,3801.0,37755639.0,65979.0,32.19,7.35,-5.55,1488412800.0
2017-03-01,188.0,190.9,185.05,185.8,187.72451104348207,293431.0,3013.0,55084191.0,78481.0,26.75,5.85,-2.2,1488326400.0
2017-02-28,185.1,189.3,185.1,187.6,187.93285464506351,214475.0,2374.0,40306899.0,59214.0,27.61,4.2,2.5,1488240000.0
2017-02-27,185.9,186.8,183.8,184.65,185.31966366027808,340608.0,2783.0,63121360.0,42116.0,12.36,3.0,-1.25,1488153600.0
2017-02-23,180.9,185.05,179.7,184.25,183.14070943265585,346615.0,3546.0,63479317.0,103796.0,29.95,5.35,3.35,1487808000.0
2017-02-22,181.0,182.95,178.95,179.85,180.7808570813736,260232.0,4462.0,47044964.0,63985.0,24.59,4.0,-1.15,1487721600.0
2017-02-21,179.7,180.8,178.95,179.9,179.8409222776652,112027.0,1638.0,20147039.0,33656.0,30.04,1.85,0.2,1487635200.0
2017-02-20,178.15,181.85,177.75,179.6,179.9064040802756,141363.0,1406.0,25432109.0,32631.0,23.08,4.1,1.45,1487548800.0
2017-02-17,178.9,181.3,176.75,179.2,179.49711642554865,203220.0,2082.0,36477404.0,39672.0,19.52,4.55,0.3,1487289600.0
2017-02-16,173.1,179.6,171.6,178.85,175.95025998433192,246361.0,4198.0,43347282.0,61066.0,24.79,8.0,5.75,1487203200.0
2017-02-15,175.5,176.9,173.2,174.0,174.8654565583693,164393.0,2431.0,28746657.0,38914.0,23.67,3.7,-1.5,1487116800.0
2017-02-14,178.6,178.6,175.05,175.85,176.17668833892617,190720.0,2392.0,33600418.0,57297.0,30.04,3.55,-2.75,1487030400.0
2017-02-13,181.2,182.9,178.15,179.45,179.73789554821616,195899.0,2130.0,35210474.0,81959.0,41.84,4.75,-1.75,1486944000.0
2017-02-10,183.2,183.7,181.15,182.35,182.1682889261822,217495.0,4471.0,39620692.0,73128.0,33.62,2.55,-0.85,1486684800.0
2017-02-09,187.0,187.65,182.45,183.65,184.6391474510781,200575.0,2029.0,37033997.0,71696.0,35.75,5.2,-3.35,1486598400.0
2017-02-08,183.05,186.5,181.55,185.75,184.39164831103915,205659.0,2208.0,37921802.0,55556.0,27.01,4.95,2.7,1486512000.0
2017-02-07,182.0,184.65,180.45,182.3,182.6353813435148,238866.0,2972.0,43625383.0,40688.0,17.03,4.2,0.3,1486425600.0
2017-02-06,185.8,185.8,181.25,182.1,182.7097566605117,242624.0,3847.0,44329772.0,77735.0,32.04,4.55,-3.7,1486339200.0
2017-02-03,184.6,187.0,181.5,183.3,184.0017589177982,235372.0,3437.0,43308862.0,53042.0,22.54,5.5,-1.3,1486080000.0
2017-02-02,187.0,188.4,182.1,184.35,184.8624649359068,178958.0,2649.0,33082617.0,40525.0,22.64,6.3,-2.65,1485993600.0
2017-02-01,182.0,188.6,176.5,187.0,184.01487392754112,720657.0,7443.0,132611607.0,63320.0,8.79,12.1,5.0,1485907200.0
2017-01-31,184.0,184.0,179.05,180.7,181.22400562204743,230521.0,2449.0,41775939.0,49992.0,21.69,4.95,-3.3,1485820800.0
2017-01-30,187.9,187.9,183.3,184.0,184.7762537135896,174023.0,1680.0,32155318.0,36235.0,20.82,4.6,-3.9,1485734400.0
2017-01-27,186.7,189.7,186.1,187.0,187.72418260862776,128121.0,1364.0,24051410.0,27737.0,21.65,3.6,0.3,1485475200.0
2017-01-25,185.35,187.75,184.5,186.7,186.14951516498425,170986.0,2245.0,31828961.0,54446.0,31.84,3.25,1.35,1485302400.0
2017-01-24,185.85,186.3,183.7,185.0,185.17868355238647,112758.0,1696.0,20880378.0,47030.0,41.71,2.6,-0.85,1485216000.0
2017-01-23,182.35,186.4,182.3,184.7,184.79979142928875,103562.0,1480.0,19138236.0,21155.0,20.43,4.1,2.35,1485129600.0
2017-01-20,185.0,186.85,183.0,183.7,184.3262805880285,281687.0,2268.0,51922317.0,77050.0,27.35,3.85,-1.3,1484870400.0
2017-01-19,189.5,189.5,184.75,185.55,186.2845738705861,200303.0,1537.0,37313359.0,55702.0,27.81,4.75,-3.95,1484784000.0
2017-01-18,190.0,190.4,186.6,188.55,188.58864209223057,202731.0,2256.0,38232764.0,56779.0,28.01,3.8,-1.45,1484697600.0
2017-01-17,187.5,191.6,187.45,187.9,189.28399253272065,194984.0,1852.0,36907350.0,34989.0,17.94,4.15,0.4,1484611200.0
2017-01-16,186.15,188.5,184.6,186.95,186.6219072212149,218412.0,3232.0,40760464.0,50246.0,23.01,3.9,0.8,1484524800.0
2017-01-13,194.8,194.9,185.8,187.95,187.85679844037688,461650.0,6469.0,86724091.0,88354.0,19.14,9.1,-6.85,1484265600.0
2017-01-12,197.95,198.6,193.4,194.7,195.39364981690284,165759.0,2103.0,32388256.0,22872.0,13.8,5.2,-3.25,1484179200.0
2017-01-11,197.0,198.6,195.85,197.0,197.25670084279173,871271.0,4530.0,171864043.0,569450.0,65.36,2.75,0.0,1484092800.0
2017-01-10,186.8,195.9,186.8,194.65,193.6717684035549,705054.0,5297.0,136549055.0,495986.0,70.35,9.1,7.85,1484006400.0
2017-01-09,189.8,189.8,185.2,186.45,187.21907167574355,205467.0,2788.0,38467341.0,49940.0,24.31,4.6,-3.35,1483920000.0
2017-01-06,194.8,194.8,186.0,188.7,189.6022123441652,430584.0,4873.0,81639679.0,43334.0,10.06,8.8,-6.1,1483660800.0
2017-01-05,185.7,188.5,185.7,187.75,187.03894181314007,223590.0,1868.0,41820037.0,42713.0,19.1,2.8,2.05,1483574400.0
2017-01-04,187.7,189.35,184.5,185.3,186.60669902594515,213643.0,2678.0,39867215.0,28724.0,13.44,4.85,-2.4,1483488000.0
2017-01-03,187.7,188.2,185.5,187.25,186.9628461163776,133445.0,1683.0,24949257.0,17634.0,13.21,2.7,-0.45,1483401600.0
2017-01-02,186.15,187.9,183.9,186.25,186.05685524485585,166792.0,1791.0,31032795.0,19771.0,11.85,4.0,0.1,1483315200.0
2016-12-30,185.85,186.7,183.8,184.95,185.30490859851048,147700.0,1454.0,27369535.0,17347.0,11.74,2.9,-0.9,1483056000.0
2016-12-29,184.35,186.0,182.6,185.3,184.54837925839527,123462.0,1460.0,22784712.0,12698.0,10.28,3.4,0.95,1482969600.0
2016-12-28,188.6,188.6,182.55,183.2,184.34756789800016,263373.0,2484.0,48552172.0,39017.0,14.81,6.05,-5.4,1482883200.0
2016-12-27,185.0,188.6,179.6,187.9,184.81865638135008,184859.0,2315.0,34165392.0,17181.0,9.29,9.0,2.9,1482796800.0
2016-12-26,188.0,189.2,184.05,185.2,185.4888256414144,145109.0,1627.0,26916098.0,23082.0,15.91,5.15,-2.8,1482710400.0
2016-12-23,188.55,191.35,188.15,189.65,189.90329100048808,116773.0,1214.0,22175577.0,13048.0,11.17,3.2,1.1,1482451200.0
2016-12-22,190.2,191.8,187.75,189.65,189.3016624725068,151401.0,1791.0,28660461.0,13868.0,9.16,4.05,-0.55,1482364800.0
2016-12-21,195.5,195.5,189.8,192.05,191.98303969868377,443919.0,5139.0,85224919.0,19557.0,4.41,5.7,-3.45,1482278400.0
2016-12-20,196.0,197.8,191.95,195.7,195.10718964952505,158756.0,1683.0,30974437.0,12040.0,7.58,5.85,-0.3,1482192000.0
2016-12-19,193.5,196.85,192.0,195.15,194.5025758777606,119765.0,2087.0,23294601.0,13791.0,11.52,4.85,1.65,1482105600.0
2016-12-16,202.15,202.4,193.5,194.55,198.77903526464263,300953.0,1923.0,59823147.0,171522.0,56.99,8.9,-7.6,1481846400.0
2016-12-15,194.2,203.7,194.2,200.2,200.30678758539185,1617836.0,4405.0,324063532.0,1308044.0,80.85,9.5,6.0,1481760000.0
2016-12-14,197.1,198.8,195.1,197.2,196.92471794594303,73922.0,1410.0,14557069.0,17000.0,23.0,3.7,0.1,1481673600.0
2016-12-13,192.3,197.5,192.3,196.9,195.88535326296324,90853.0,1889.0,17796772.0,18232.0,20.07,5.2,4.6,1481587200.0
2016-12-12,199.0,199.0,192.75,193.9,194.6728996186173,81021.0,1167.0,15772593.0,16738.0,20.66,6.25,-5.1,1481500800.0
2016-12-09,196.0,198.15,194.6,197.3,196.57949028116104,180217.0,2489.0,35426966.0,33723.0,18.71,3.55,1.3,1481241600.0
2016-12-08,190.0,195.7,190.0,194.8,194.4574250424997,265884.0,3858.0,51703118.0,72255.0,27.18,5.7,4.8,1481155200.0
2016-12-07,190.55,190.8,186.45,188.35,188.64205099778272,90200.0,1506.0,17015513.0,15563.0,17.25,4.35,-2.2,1481068800.0
2016-12-06,187.1,191.25,187.1,189.05,189.68244738006447,205673.0,2648.0,39012558.0,33937.0,16.5,4.15,1.95,1480982400.0
2016-12-05,182.0,187.5,180.0,186.65,183.84364217749223,205778.0,2787.0,37830977.0,20925.0,10.17,7.5,4.65,1480896000.0
2016-12-02,187.0,187.5,181.5,182.4,184.82214017274345,151670.0,2252.0,28031974.0,30183.0,19.9,6.0,-4.6,1480636800.0
2016-12-01,191.5,192.35,187.0,188.05,189.59917831714563,250705.0,2975.0,47533462.0,56820.0,22.66,5.35,-3.45,1480550400.0
2016-11-30,185.0,192.0,185.0,191.05,190.50511068368905,453364.0,5780.0,86368159.0,61859.0,13.64,7.0,6.05,1480464000.0
2016-11-29,182.8,185.75,182.25,183.75,184.00323127310403,113887.0,1444.0,20955576.0,22271.0,19.56,3.5,0.95,1480377600.0
2016-11-28,178.5,186.15,178.5,181.85,183.5253134760948,244277.0,2210.0,44831013.0,34589.0,14.16,7.65,3.35,1480291200.0
2016-11-25,179.35,181.65,177.9,180.85,179.8855371797124,159388.0,1729.0,28671596.0,26213.0,16.45,3.75,1.5,1480032000.0
2016-11-24,177.5,179.5,173.3,177.95,176.81755891100434,262260.0,2734.0,46372173.0,24784.0,9.45,6.2,0.45,1479945600.0
2016-11-23,184.0,184.5,176.35,178.3,178.64872697094316,296419.0,3973.0,52954877.0,64152.0,21.64,8.15,-5.7,1479859200.0
2016-11-22,186.0,186.0,178.75,183.65,181.55011706990743,170411.0,2303.0,30938137.0,25343.0,14.87,7.25,-2.35,1479772800.0
2016-11-21,189.8,189.85,179.25,181.85,182.8531129018684,190112.0,1952.0,34762571.0,32773.0,17.24,10.6,-7.95,1479686400.0
2016-11-18,185.7,189.9,183.5,188.95,187.3906937597692,166340.0,2014.0,31170568.0,25498.0,15.33,6.4,3.25,1479427200.0
2016-11-17,184.0,187.3,183.0,185.7,185.21478839426567,145790.0,2100.0,27002464.0,24236.0,16.62,4.3,1.7,1479340800.0
2016-11-16,193.8,193.8,183.15,184.25,186.09266365875024,302535.0,2808.0,56299544.0,48999.0,16.2,10.65,-9.55,1479254400.0
2016-11-15,195.0,195.05,182.2,186.35,187.13031782061924,290321.0,3245.0,54327861.0,37662.0,12.97,12.85,-8.65,1479168000.0
2016-11-11,195.0,198.6,191.45,192.45,195.0176870546758,270028.0,3241.0,52660236.0,36365.0,13.47,7.15,-2.55,1478822400.0
2016-11-10,196.75,203.45,194.8,195.8,199.13581863210376,274977.0,3218.0,54757770.0,77170.0,28.06,8.65,-0.95,1478736000.0
2016-11-09,189.0,197.2,178.1,195.65,189.86123768010424,738947.0,7164.0,140297392.0,63977.0,8.66,19.1,6.65,1478649600.0
2016-11-08,194.65,198.95,190.8,197.7,195.54992743015927,322448.0,3520.0,63054683.0,54980.0,17.05,8.15,3.05,1478563200.0
2016-11-07,197.0,197.05,193.2,193.7,194.9551687997284,135486.0,1866.0,26413696.0,32178.0,23.75,3.85,-3.3,1478476800.0
2016-11-04,200.0,201.0,190.3,193.55,194.42227763260257,250655.0,2454.0,48732916.0,40710.0,16.24,10.7,-6.45,1478217600.0
2016-11-03,198.0,204.6,196.95,197.85,200.5811274153712,275320.0,3071.0,55223996.0,43480.0,15.79,7.65,-0.15,1478131200.0
2016-11-02,204.5,204.5,198.5,199.3,202.04568420902177,279856.0,2970.0,56543697.0,52403.0,18.72,6.0,-5.2,1478044800.0
2016-11-01,201.4,209.3,199.0,205.85,205.9661514201368,327222.0,3564.0,67396656.0,63965.0,19.55,10.3,4.45,1477958400.0
2016-10-30,204.0,204.0,200.0,201.35,201.44855792213312,37654.0,407.0,7585344.0,16569.0,44.0,4.0,-2.65,1477785600.0
2016-10-28,198.25,203.7,198.25,201.95,201.9086284372904,298200.0,2853.0,60209153.0,37806.0,12.68,5.45,3.7,1477612800.0
2016-10-27,208.0,210.35,198.7,199.75,203.93425509467488,468234.0,5280.0,95488952.0,111338.0,23.78,11.65,-8.25,1477526400.0
2016-10-26,211.5,215.7,207.9,208.95,212.3935356049552,419436.0,4727.0,89085495.0,80738.0,19.25,7.8,-2.55,1477440000.0
2016-10-25,210.1,213.6,209.0,211.5,211.39978214920183,231351.0,2557.0,48907551.0,53296.0,23.04,4.6,1.4,1477353600.0
2016-10-24,213.0,215.0,209.05,210.0,212.07157619097944,170322.0,1581.0,36120455.0,54861.0,32.21,5.95,-3.0,1477267200.0
2016-10-21,214.9,215.55,210.0,213.1,213.1930220595582,270223.0,2720.0,57609658.0,41379.0,15.31,5.55,-1.8,1477008000.0
2016-10-20,210.5,215.5,210.3,212.6,212.9647107254341,395956.0,3985.0,84324655.0,101255.0,25.57,5.2,2.1,1476921600.0
2016-10-19,221.0,221.0,211.4,211.95,214.056623220156,424967.0,4094.0,90967001.0,100858.0,23.73,9.6,-9.05,1476835200.0
2016-10-18,210.0,220.9,206.2,219.6,214.22076023391807,551304.0,5084.0,118100762.0,77827.0,14.12,14.7,9.6,1476748800.0
2016-10-17,218.0,218.0,208.05,209.0,210.82429669966425,459832.0,3696.0,96943758.0,75952.0,16.52,9.95,-9.0,1476662400.0
2016-10-14,223.0,223.5,216.15,217.5,218.44205980863447,325137.0,3214.0,71023596.0,43737.0,13.45,7.35,-5.5,1476403200.0
2016-10-13,224.15,224.85,215.1,223.55,220.4707588512156,585767.0,4129.0,129144495.0,58704.0,10.02,9.75,-0.6,1476316800.0
2016-10-10,225.0,232.0,219.4,223.65,225.9757908382296,237596.0,2417.0,53690944.0,25206.0,10.61,12.6,-1.35,1476057600.0
2016-10-07,229.8,231.0,222.8,223.55,225.85237279959136,317157.0,3466.0,71630661.0,56206.0,17.72,8.2,-6.25,1475798400.0
2016-10-06,230.95,235.0,225.0,227.2,230.6016262154156,612342.0,5707.0,141207061.0,101055.0,16.5,10.0,-3.75,1475712000.0
2016-10-05,222.7,233.3,221.8,229.75,229.8736389953076,1335135.0,7676.0,306912341.0,629650.0,47.16,11.5,7.05,1475625600.0
2016-10-04,225.0,225.9,219.4,220.4,221.94488006950115,268197.0,2974.0,59524951.0,47222.0,17.61,6.5,-4.6,1475539200.0
2016-10-03,223.8,225.8,220.65,223.75,223.64495005143684,382994.0,3739.0,85654674.0,65249.0,17.04,5.15,-0.05,1475452800.0
2016-09-30,210.0,221.1,210.0,220.2,217.2447971952469,494589.0,4645.0,107446887.0,55694.0,11.26,11.1,10.2,1475193600.0
2016-09-29,222.0,225.1,208.25,210.45,217.22755263223755,679289.0,7091.0,147560287.0,95248.0,14.02,16.85,-11.55,1475107200.0
2016-09-28,217.1,222.0,210.55,220.45,216.20950381900056,622676.0,5463.0,134628469.0,111347.0,17.88,11.45,3.35,1475020800.0
2016-09-27,216.0,219.9,214.25,215.2,216.6616798077139,222585.0,1991.0,48225640.0,15578.0,7.0,5.65,-0.8,1474934400.0
2016-09-26,220.45,221.75,216.0,216.6,218.37485975431835,243323.0,2521.0,53135626.0,35361.0,14.53,5.75,-3.85,1474848000.0
2016-09-23,216.25,222.65,214.2,220.45,220.24560342316911,401733.0,4344.0,88479927.0,70603.0,17.57,8.45,4.2,1474588800.0
2016-09-22,217.1,218.65,212.7,215.75,214.85088971600467,313808.0,3352.0,67421928.0,27814.0,8.86,5.95,-1.35,1474502400.0
2016-09-21,217.5,219.6,213.4,215.0,215.91893245627253,225602.0,2808.0,48711743.0,41495.0,18.39,6.2,-2.5,1474416000.0
2016-09-20,222.0,223.75,216.15,217.5,219.34277192048324,386887.0,3520.0,84860867.0,51084.0,13.2,7.6,-4.5,1474329600.0
2016-09-19,215.05,221.95,214.6,221.25,218.5411199350397,571426.0,6326.0,124880078.0,106024.0,18.55,7.35,6.2,1474243200.0
2016-09-16,214.0,218.0,208.5,213.3,214.38088829547988,282361.0,3492.0,60532802.0,49631.0,17.58,9.5,-0.7,1473984000.0
2016-09-15,214.1,220.0,213.45,215.35,216.96834536579664,513195.0,5059.0,111347070.0,129568.0,25.25,6.55,1.25,1473897600.0
2016-09-14,204.0,214.65,203.05,213.65,210.78434946625583,614995.0,6048.0,129631321.0,63092.0,10.26,11.6,9.65,1473811200.0
2016-09-12,208.0,209.9,202.05,204.3,206.0703120947287,366267.0,4636.0,75476755.0,38267.0,10.45,7.85,-3.7,1473638400.0
2016-09-09,210.0,215.9,208.65,212.85,212.48609425326327,589900.0,5946.0,125345547.0,113659.0,19.27,7.25,2.85,1473379200.0
2016-09-08,208.1,210.4,204.7,207.6,207.2449777999472,344819.0,4086.0,71462006.0,80249.0,23.27,5.7,-0.5,1473292800.0
2016-09-07,203.55,207.55,203.0,206.05,205.81383569568203,368207.0,4011.0,75782095.0,71774.0,19.49,4.55,2.5,1473206400.0
2016-09-06,196.0,203.9,196.0,202.45,201.094913658762,696886.0,7499.0,140140230.0,154614.0,22.19,7.9,6.45,1473120000.0
2016-09-02,187.0,195.8,186.45,194.35,192.93360629239584,730024.0,7429.0,140846163.0,142525.0,19.52,9.35,7.35,1472774400.0
2016-09-01,184.05,188.9,182.0,185.8,186.30663922193,341049.0,3840.0,63539693.0,46516.0,13.64,6.9,1.75,1472688000.0
2016-08-31,184.85,186.15,181.3,183.0,183.88947567849192,337808.0,2989.0,62119336.0,33112.0,9.8,4.85,-1.85,1472601600.0
2016-08-30,186.95,186.95,183.5,184.95,185.05557569592807,284117.0,2913.0,52577435.0,63446.0,22.33,3.45,-2.0,1472515200.0
2016-08-29,178.95,185.6,178.9,184.15,183.7781277143887,676948.0,6919.0,124408236.0,115920.0,17.12,6.7,5.2,1472428800.0
2016-08-26,173.8,177.75,171.5,176.75,174.7801990888263,227838.0,2144.0,39821571.0,33052.0,14.51,6.25,2.95,1472169600.0
2016-08-25,175.0,176.7,172.55,173.85,175.39915009864927,204259.0,2197.0,35826855.0,55121.0,26.99,4.15,-1.15,1472083200.0
2016-08-24,172.5,175.0,171.15,174.25,173.15121448240944,323924.0,3177.0,56087834.0,39681.0,12.25,3.85,1.75,1471996800.0
2016-08-23,169.85,173.8,167.0,172.55,171.18831135751947,235562.0,2536.0,40325461.0,29757.0,12.63,6.8,2.7,1471910400.0
2016-08-22,176.0,176.25,169.0,170.75,173.51304868152073,389388.0,4081.0,67563899.0,46227.0,11.87,7.25,-5.25,1471824000.0
2016-08-19,178.0,178.85,174.35,175.3,176.67002699565722,306716.0,2356.0,54187524.0,36641.0,11.95,4.5,-2.7,1471564800.0
2016-08-18,176.1,177.9,175.55,177.05,176.71243748641007,220752.0,2039.0,39009624.0,47804.0,21.66,2.35,0.95,1471478400.0
2016-08-17,172.9,177.0,171.0,175.15,175.19453605423396,463621.0,3511.0,81223866.0,49043.0,10.58,6.0,2.25,1471392000.0
2016-08-16,171.0,173.4,170.25,172.6,171.70990144779745,651127.0,2165.0,111804953.0,57256.0,8.79,3.15,1.6,1471305600.0
2016-08-12,169.0,174.2,169.0,170.3,171.49468844938937,497030.0,4012.0,85238005.0,94192.0,18.95,5.2,1.3,1470960000.0
2016-08-11,172.5,173.85,166.25,169.0,170.85054182026553,862094.0,5248.0,147289227.0,168782.0,19.58,7.6,-3.5,1470873600.0
2016-08-10,182.5,185.95,171.75,172.55,177.36512394294232,1088162.0,8848.0,193001988.0,190186.0,17.48,14.2,-9.95,1470787200.0
2016-08-09,180.0,190.0,176.3,181.45,183.28811682185489,2486658.0,18723.0,455774862.0,180222.0,7.25,13.7,1.45,1470700800.0
2016-08-08,175.0,183.05,175.0,180.75,179.86112550367724,665853.0,5979.0,119761070.0,134927.0,20.26,8.05,5.75,1470614400.0
2016-08-05,163.0,176.6,161.95,175.0,172.0033156190825,1227825.0,10510.0,211189971.0,240888.0,19.62,14.65,12.0,1470355200.0
2016-08-04,159.9,163.5,154.65,161.0,158.8185177325327,320428.0,3145.0,50889900.0,51906.0,16.2,8.85,1.1,1470268800.0
2016-08-03,162.0,162.25,155.0,156.05,158.08077821420136,114313.0,1407.0,18070688.0,32117.0,28.1,7.25,-5.95,1470182400.0
2016-08-02,164.0,164.6,159.7,160.9,162.3327175113383,143981.0,1738.0,23372827.0,33504.0,23.27,4.9,-3.1,1470096000.0
2016-08-01,164.0,166.2,160.9,162.7,163.35359807901025,251537.0,2620.0,41089474.0,28971.0,11.52,5.3,-1.3,1470009600.0
2016-07-29,165.0,165.15,161.65,163.1,163.29487820452533,202019.0,2083.0,32988668.0,44158.0,21.86,3.5,-1.9,1469750400.0
2016-07-28,161.35,164.9,161.25,164.15,163.38071056151028,206372.0,2421.0,33717204.0,62285.0,30.18,3.65,2.8,1469664000.0
2016-07-27,161.1,162.7,158.8,161.25,160.61524774595068,125330.0,1300.0,20129909.0,17585.0,14.03,3.9,0.15,1469577600.0
2016-07-26,162.8,164.9,160.2,161.3,163.10766020711137,233401.0,2559.0,38069491.0,51943.0,22.25,4.7,-1.5,1469491200.0
2016-07-25,158.75,163.15,158.75,162.1,162.09570916588933,244428.0,1803.0,39620730.0,67276.0,27.52,4.4,3.35,1469404800.0
2016-07-22,157.7,159.4,155.5,157.85,156.793307414406,138123.0,1233.0,21656762.0,32064.0,23.21,3.9,0.15,1469145600.0
2016-07-21,161.4,161.4,156.85,157.3,158.9671991268975,100790.0,1092.0,16022304.0,30875.0,30.63,4.55,-4.1,1469059200.0
2016-07-20,160.5,161.65,158.3,158.85,159.89193331456633,95913.0,1117.0,15335715.0,28594.0,29.81,3.35,-1.65,1468972800.0
2016-07-19,160.55,161.3,157.0,158.55,159.60031183721088,277709.0,2538.0,44322443.0,53219.0,19.16,4.3,-2.0,1468886400.0
2016-07-18,158.5,161.7,158.1,159.95,160.3236833532414,414405.0,5208.0,66438936.0,128309.0,30.96,3.6,1.45,1468800000.0
2016-07-15,157.0,157.65,155.9,156.9,156.93366503490893,186915.0,3332.0,29333256.0,68891.0,36.86,1.75,-0.1,1468540800.0
2016-07-14,154.0,155.85,153.95,155.4,155.15617337764945,146824.0,1464.0,22780650.0,37921.0,25.83,1.9,1.4,1468454400.0
2016-07-13,156.7,156.7,152.35,154.3,153.50447141076415,2752487.0,2201.0,422519062.0,2564417.0,93.17,4.35,-2.4,1468368000.0
2016-07-12,153.4,156.65,151.4,156.1,153.9752449532863,843222.0,3277.0,129835314.0,595798.0,70.66,5.25,2.7,1468281600.0
2016-07-11,151.45,153.8,151.45,152.95,152.667558091163,117789.0,1005.0,17982559.0,30256.0,25.69,2.35,1.5,1468195200.0
2016-07-08,150.4,151.5,149.7,150.3,150.55616926442062,145382.0,1559.0,21888157.0,37607.0,25.87,1.8,-0.1,1467936000.0
2016-07-07,156.2,156.2,149.35,150.55,152.45803316889362,201695.0,2325.0,30750023.0,89385.0,44.32,6.85,-5.65,1467849600.0
2016-07-05,156.75,157.1,154.0,156.3,155.88327380240287,117026.0,1068.0,18242396.0,28669.0,24.5,3.1,-0.45,1467676800.0
2016-07-04,154.9,157.8,154.9,156.85,156.59326416926456,195670.0,2094.0,30640604.0,60317.0,30.83,2.9,1.95,1467590400.0
2016-07-01,151.9,155.3,151.9,154.3,153.86446152008003,267828.0,3233.0,41209211.0,68754.0,25.67,3.4,2.4,1467331200.0
2016-06-30,153.65,154.15,151.1,151.5,152.1031465400341,195421.0,1719.0,29724149.0,36403.0,18.63,3.05,-2.15,1467244800.0
2016-06-29,148.0,152.65,148.0,151.55,151.48102978150783,282390.0,2715.0,42776728.0,49264.0,17.45,4.65,3.55,1467158400.0
2016-06-28,146.5,148.75,145.75,148.2,147.39940462939927,229101.0,3586.0,33769351.0,29566.0,12.91,3.0,1.7,1467072000.0
2016-06-27,147.65,147.9,145.1,146.0,146.37860580704017,190734.0,1823.0,27919377.0,36458.0,19.11,2.8,-1.65,1466985600.0
2016-06-24,146.0,151.5,139.35,147.65,143.2140316451569,337366.0,3240.0,48315545.0,56869.0,16.86,12.15,1.65,1466726400.0
2016-06-23,149.0,149.35,147.6,148.9,148.54497641247983,81187.0,1061.0,12059921.0,19412.0,23.91,1.75,-0.1,1466640000.0
2016-06-22,148.65,149.6,147.25,148.45,148.35250917992656,92321.0,1238.0,13696052.0,25063.0,27.15,2.35,-0.2,1466553600.0
2016-06-21,150.0,150.85,148.25,148.8,149.24730036401297,65657.0,1063.0,9799130.0,15506.0,23.62,2.6,-1.2,1466467200.0
2016-06-20,148.8,151.05,147.0,150.05,149.18736335811107,114350.0,2175.0,17059575.0,21792.0,19.06,4.05,1.25,1466380800.0
2016-06-17,151.9,151.9,148.0,148.9,149.1144780326594,82304.0,1410.0,12272718.0,19024.0,23.11,3.9,-3.0,1466121600.0
2016-06-16,152.0,152.0,148.35,149.5,149.4282483390297,177306.0,2711.0,26494525.0,66047.0,37.25,3.65,-2.5,1466035200.0
2016-06-15,152.9,153.5,151.2,152.05,152.21494573765335,101728.0,1726.0,15484522.0,30984.0,30.46,2.3,-0.85,1465948800.0
2016-06-14,149.0,152.1,147.9,151.2,150.19297194994493,177005.0,2658.0,26584907.0,41591.0,23.5,4.2,2.2,1465862400.0
2016-06-13,149.95,150.0,147.45,148.0,148.3345395447886,124909.0,1981.0,18528319.0,34186.0,27.37,2.55,-1.95,1465776000.0
2016-06-10,153.25,153.8,149.9,150.3,151.6175786112464,147816.0,2685.0,22411504.0,50202.0,33.96,3.9,-2.95,1465516800.0
2016-06-09,154.2,155.1,151.8,152.65,153.0721645772446,166633.0,3927.0,25506874.0,69893.0,41.94,3.3,-1.55,1465430400.0
2016-06-08,152.25,155.15,151.8,153.95,153.96066475298383,165475.0,3558.0,25476641.0,56045.0,33.87,3.35,1.7,1465344000.0
2016-06-07,152.7,153.75,150.95,152.9,152.56823124956148,85518.0,2121.0,13047330.0,26622.0,31.13,2.8,0.2,1465257600.0
2016-06-06,151.9,153.0,151.0,151.65,151.92252702295335,46442.0,1047.0,7055586.0,13639.0,29.37,2.0,-0.25,1465171200.0
2016-06-03,155.85,156.55,150.4,150.95,152.8105474807756,93501.0,1323.0,14287939.0,30488.0,32.61,6.15,-4.9,1464912000.0
2016-06-02,153.0,157.0,151.1,155.1,153.8414295446209,76332.0,1518.0,11743024.0,18958.0,24.84,5.9,2.1,1464825600.0
2016-06-01,154.1,157.7,153.0,153.5,155.13297005850637,87170.0,1643.0,13522941.0,34381.0,39.44,4.7,-0.6,1464739200.0
2016-05-31,153.3,158.6,153.3,156.25,156.4656402213744,66313.0,1527.0,10375706.0,23159.0,34.92,5.3,2.95,1464652800.0
2016-05-30,157.0,158.9,154.3,157.25,156.79219088937091,85285.0,1347.0,13372022.0,23217.0,27.22,4.6,0.25,1464566400.0
2016-05-27,154.9,157.05,153.0,156.8,156.12043469065708,122938.0,1993.0,19193134.0,43884.0,35.7,4.05,1.9,1464307200.0
2016-05-26,152.7,153.45,149.85,152.9,151.3656335733882,186624.0,2542.0,28248460.0,42715.0,22.89,3.6,0.2,1464220800.0
2016-05-25,148.2,152.25,147.45,151.7,150.58943058465053,157530.0,2513.0,23722353.0,48124.0,30.55,4.8,3.5,1464134400.0
2016-05-24,152.3,152.3,147.0,147.7,148.24101290406915,160647.0,2249.0,23814474.0,42955.0,26.74,5.3,-4.6,1464048000.0
2016-05-23,152.0,152.9,150.9,151.45,151.8823659843868,130787.0,1966.0,19864239.0,20365.0,15.57,2.0,-0.55,1463961600.0
2016-05-20,151.05,152.9,149.25,151.95,151.31640971323213,127455.0,2359.0,19286033.0,27547.0,21.61,3.65,0.9,1463702400.0
2016-05-19,152.9,154.4,150.0,150.65,152.47682628878573,163720.0,2924.0,24963506.0,25919.0,15.83,4.4,-2.25,1463616000.0
2016-05-18,152.7,153.5,151.6,152.85,152.494491016329,146488.0,3732.0,22338613.0,28526.0,19.47,1.9,0.15,1463529600.0
2016-05-17,156.7,158.8,153.05,153.6,155.472210009402,147841.0,2795.0,22985167.0,51884.0,35.09,5.75,-3.1,1463443200.0
2016-05-16,159.4,160.85,155.8,157.05,157.3724947233042,162507.0,2422.0,25574132.0,35987.0,22.14,5.05,-2.35,1463356800.0
2016-05-13,158.0,161.15,156.9,159.8,159.19130132098786,287285.0,4162.0,45733273.0,57582.0,20.04,4.25,1.8,1463097600.0
2016-05-12,149.8,159.4,148.65,158.6,155.13102014664466,970782.0,12096.0,150598402.0,123876.0,12.76,10.75,8.8,1463011200.0
2016-05-11,150.0,154.25,148.5,153.4,152.78979768274348,288013.0,2901.0,44005448.0,47753.0,16.58,5.75,3.4,1462924800.0
2016-05-10,157.3,157.5,151.3,152.35,153.16726619989996,559880.0,12459.0,85755289.0,177958.0,31.79,6.2,-4.95,1462838400.0
2016-05-09,155.6,160.05,155.6,157.4,157.8946551705297,183018.0,2054.0,28897564.0,53277.0,29.11,4.45,1.8,1462752000.0
2016-05-06,155.65,159.4,154.5,158.6,157.78987379591564,180739.0,3176.0,28518784.0,58327.0,32.27,4.9,2.95,1462492800.0
2016-05-05,154.75,157.15,154.15,155.6,155.6113232341668,136975.0,1981.0,21314861.0,44673.0,32.61,3.0,0.85,1462406400.0
2016-05-04,158.6,160.5,153.25,154.65,156.6873529973533,183245.0,2578.0,28712174.0,72849.0,39.75,7.25,-3.95,1462320000.0
2016-05-03,164.9,164.9,157.0,158.45,160.77366357928332,144135.0,1671.0,23173112.0,33127.0,22.98,7.9,-6.45,1462233600.0
2016-05-02,158.5,163.0,155.0,162.15,159.88236952183374,177386.0,2718.0,28360894.0,33926.0,19.13,8.0,3.65,1462147200.0
2016-04-29,165.0,165.0,158.15,160.2,160.86671723015428,180631.0,2683.0,29057516.0,56284.0,31.16,6.85,-4.8,1461888000.0
2016-04-28,166.0,167.45,163.7,164.4,165.41207139502112,149030.0,2311.0,24651361.0,28173.0,18.9,3.75,-1.6,1461801600.0
2016-04-27,162.65,167.0,162.0,166.4,164.75298372167555,209051.0,2947.0,34441776.0,72649.0,34.75,5.0,3.75,1461715200.0
2016-04-26,161.6,164.2,160.7,162.65,162.42672869857472,192804.0,2626.0,31316523.0,60983.0,31.63,3.5,1.05,1461628800.0
2016-04-25,164.9,165.0,158.5,161.6,161.4120741005757,215221.0,3750.0,34739268.0,44944.0,20.88,6.5,-3.3,1461542400.0
2016-04-22,163.0,163.95,159.6,162.85,161.79770864189027,232264.0,3877.0,37579783.0,24206.0,10.42,4.35,-0.15,1461283200.0
2016-04-21,170.2,170.8,162.95,164.0,166.27621821017095,338591.0,3456.0,56299631.0,116349.0,34.36,7.85,-6.2,1461196800.0
2016-04-20,173.25,175.45,168.45,169.2,171.10916968137346,321756.0,4526.0,55055402.0,96037.0,29.85,7.0,-4.05,1461110400.0
2016-04-18,168.0,174.8,168.0,173.35,172.17100699036465,264650.0,3241.0,45565057.0,53257.0,20.12,6.8,5.35,1460937600.0
2016-04-13,170.0,171.9,168.85,169.45,170.31724107976632,184188.0,2391.0,31370392.0,36915.0,20.04,3.05,-0.55,1460505600.0
2016-04-12,167.0,170.0,165.75,168.4,167.92699015013545,236653.0,3210.0,39740426.0,41530.0,17.55,4.25,1.4,1460419200.0
2016-04-11,168.8,169.4,165.2,168.2,167.35466381115685,147551.0,2063.0,24693348.0,35757.0,24.23,4.2,-0.6,1460332800.0
2016-04-08,168.1,169.5,167.15,167.95,168.21769177608843,72350.0,1128.0,12170550.0,17145.0,23.7,2.35,-0.15,1460073600.0
2016-04-07,174.55,174.6,168.3,168.85,169.8382549966047,163461.0,2765.0,27761931.0,33415.0,20.44,6.3,-5.7,1459987200.0
2016-04-06,165.0,173.4,165.0,172.65,171.02335968379447,227700.0,3375.0,38942019.0,78321.0,34.4,8.4,7.65,1459900800.0
2016-04-05,168.0,172.0,164.55,165.55,167.91525664051423,148106.0,2296.0,24869257.0,37480.0,25.31,7.45,-2.45,1459814400.0
2016-04-04,173.5,175.45,169.15,171.25,171.20385498424903,187290.0,2689.0,32064770.0,27877.0,14.88,6.3,-2.25,1459728000.0
2016-04-01,175.0,176.25,173.1,174.4,174.58967728780885,107898.0,1441.0,18837877.0,19596.0,18.16,3.15,-0.6,1459468800.0
2016-03-31,172.75,176.7,171.8,175.0,174.79520646594247,189547.0,2674.0,33131907.0,33418.0,17.63,4.9,2.25,1459382400.0
2016-03-30,171.0,173.85,170.15,172.75,172.59410491106155,154264.0,2272.0,26625057.0,34246.0,22.2,3.7,1.75,1459296000.0
2016-03-29,173.0,174.25,169.6,170.55,171.4958565291441,157356.0,1776.0,26985902.0,33846.0,21.51,4.65,-2.45,1459209600.0
2016-03-28,174.45,176.15,170.15,171.8,173.16501655741027,177564.0,2957.0,30747873.0,47826.0,26.93,6.0,-2.65,1459123200.0
2016-03-23,177.6,178.2,173.05,175.15,175.14071506948616,201407.0,3083.0,35274566.0,49518.0,24.59,5.15,-2.45,1458691200.0
2016-03-22,178.0,181.65,176.35,178.6,178.98707938407864,215547.0,3951.0,38580128.0,88774.0,41.19,5.3,0.6,1458604800.0
2016-03-21,177.25,180.4,177.2,178.15,178.56856888662938,188832.0,2558.0,33719460.0,40367.0,21.38,3.2,0.9,1458518400.0
2016-03-18,171.25,179.15,168.65,177.45,175.81487494345893,285191.0,3074.0,50140820.0,52275.0,18.33,10.5,6.2,1458259200.0
2016-03-17,169.15,171.75,169.0,170.45,170.29451780712284,99960.0,1882.0,17022640.0,27488.0,27.5,2.75,1.3,1458172800.0
2016-03-16,170.0,170.2,165.5,168.4,167.49021852553517,98707.0,1307.0,16532457.0,13894.0,14.08,4.7,-1.6,1458086400.0
2016-03-15,171.9,172.4,166.6,168.9,169.51913707002345,164602.0,3006.0,27903189.0,38711.0,23.52,5.8,-3.0,1458000000.0
2016-03-14,168.65,170.55,168.1,169.45,169.33180575445903,76810.0,1189.0,13006376.0,25180.0,32.78,2.45,0.8,1457913600.0
2016-03-11,171.95,171.95,166.55,167.6,168.02056888134155,188440.0,2830.0,31661796.0,67995.0,36.08,5.4,-4.35,1457654400.0
2016-03-10,172.75,172.8,167.3,168.45,169.4022506387894,171418.0,2359.0,29038595.0,23677.0,13.81,5.5,-4.3,1457568000.0
2016-03-09,170.0,172.55,166.1,171.6,169.2424222876843,279042.0,2811.0,47225744.0,91658.0,32.85,6.45,1.6,1457481600.0
2016-03-08,172.5,174.9,169.35,171.7,171.9849913675061,335940.0,3808.0,57776638.0,94369.0,28.09,5.55,-0.8,1457395200.0
2016-03-04,166.15,171.6,165.15,170.35,169.2454135092325,268942.0,3270.0,45517200.0,94771.0,35.24,6.45,4.2,1457049600.0
2016-03-03,166.75,167.05,164.05,165.95,165.496527878454,137956.0,1766.0,22831239.0,34777.0,25.21,3.0,-0.8,1456963200.0
2016-03-02,161.0,169.0,160.1,165.05,165.44128546110275,242061.0,3380.0,40046883.0,49962.0,20.64,8.9,4.05,1456876800.0
2016-03-01,158.0,161.3,157.5,158.7,159.63255110025713,116291.0,1653.0,18563829.0,13621.0,11.71,3.8,0.7,1456790400.0
2016-02-29,155.1,160.4,152.55,157.9,155.69845738985603,176519.0,2580.0,27483736.0,12888.0,7.3,7.85,2.8,1456704000.0
2016-02-26,159.15,159.8,153.8,155.1,155.57193610752427,140173.0,1858.0,21806985.0,19677.0,14.04,6.0,-4.05,1456444800.0
2016-02-25,160.0,161.35,157.25,158.4,159.05296944610097,171042.0,2641.0,27204738.0,13302.0,7.78,4.1,-1.6,1456358400.0
2016-02-24,161.0,166.3,160.6,161.55,163.8208344919701,219367.0,2834.0,35936885.0,50971.0,23.24,5.7,0.55,1456272000.0
2016-02-23,162.5,164.5,158.5,163.1,162.1466770082882,201129.0,2901.0,32612399.0,20640.0,10.26,6.0,0.6,1456185600.0
2016-02-22,160.2,163.2,157.9,162.5,161.11891516629672,218946.0,3234.0,35276342.0,31221.0,14.26,5.3,2.3,1456099200.0
2016-02-19,161.6,163.4,158.3,160.7,160.8715174531351,247520.0,3512.0,39818918.0,43983.0,17.77,5.1,-0.9,1455840000.0
2016-02-18,161.7,162.4,154.3,160.25,159.87511894104463,355218.0,4428.0,56790520.0,59928.0,16.87,8.1,-1.45,1455753600.0
2016-02-17,152.95,159.9,152.1,159.3,157.1066100628064,435306.0,4870.0,68389450.0,57357.0,13.18,7.8,6.35,1455667200.0
2016-02-16,159.15,159.15,149.1,151.4,154.74706540875243,215277.0,2893.0,33313484.0,25060.0,11.64,10.05,-7.75,1455580800.0
2016-02-15,150.65,157.75,150.65,156.45,155.66202936276977,244323.0,2821.0,38031814.0,48829.0,19.99,7.1,5.8,1455494400.0
2016-02-12,149.1,152.3,142.05,148.1,148.3590358704568,501053.0,5617.0,74335740.0,42109.0,8.4,10.25,-1.0,1455235200.0
2016-02-11,149.95,152.2,147.2,148.75,149.15840371907987,530884.0,6136.0,79185810.0,54187.0,10.21,5.0,-1.2,1455148800.0
2016-02-10,136.0,150.7,135.5,149.5,146.32587708415605,1144588.0,13831.0,167482843.0,110169.0,9.63,15.2,13.5,1455062400.0
2016-02-09,136.0,138.3,133.8,135.05,135.7567858547796,193196.0,2061.0,26227668.0,18174.0,9.41,4.5,-0.95,1454976000.0
2016-02-08,138.8,143.0,136.3,137.25,139.45712714984072,185537.0,2621.0,25874457.0,27538.0,14.84,6.7,-1.55,1454889600.0
2016-02-05,140.65,141.5,137.05,138.55,138.8676388574217,229516.0,2752.0,31872345.0,26841.0,11.69,4.45,-2.1,1454630400.0
2016-02-04,138.2,142.0,134.3,140.85,139.71666756751887,277515.0,4165.0,38773471.0,23905.0,8.61,7.7,2.65,1454544000.0
2016-02-03,140.0,142.35,137.45,138.05,139.18462734003913,229056.0,3286.0,31881074.0,21289.0,9.29,4.9,-1.95,1454457600.0
2016-02-02,144.2,144.2,141.45,142.45,142.6956067127895,172149.0,2684.0,24564906.0,23971.0,13.92,2.75,-1.75,1454371200.0
2016-02-01,147.5,148.7,142.2,144.15,144.71736197974147,122319.0,2383.0,17701683.0,36176.0,29.58,6.5,-3.35,1454284800.0
2016-01-29,146.0,148.55,143.3,147.6,146.56274432580665,137112.0,1679.0,20095511.0,16145.0,11.78,5.25,1.6,1454025600.0
2016-01-28,145.8,149.6,144.05,146.8,147.40163591715591,169813.0,1764.0,25030714.0,17767.0,10.46,5.55,1.0,1453939200.0
2016-01-27,143.0,147.5,142.9,146.0,145.399875486832,138138.0,1507.0,20085248.0,22744.0,16.46,4.6,3.0,1453852800.0
2016-01-25,144.7,146.35,141.3,142.75,143.8610835543498,197572.0,3427.0,28422922.0,47773.0,24.18,5.05,-1.95,1453680000.0
2016-01-22,136.05,142.9,136.05,140.8,140.32574732379746,206169.0,3045.0,28930819.0,42335.0,20.53,6.85,4.75,1453420800.0
2016-01-21,135.25,138.9,133.0,135.45,135.8111369365619,172956.0,3122.0,23489351.0,39674.0,22.94,5.9,0.2,1453334400.0
2016-01-20,130.55,136.75,127.95,134.85,133.3727816374017,361866.0,5169.0,48263075.0,39820.0,11.0,8.8,4.3,1453248000.0
2016-01-19,134.1,135.7,129.1,132.35,132.59698241784025,196051.0,3342.0,25995771.0,33024.0,16.84,6.6,-1.75,1453161600.0
2016-01-18,138.5,138.5,129.45,134.1,133.89254181197532,230257.0,3259.0,30829695.0,50467.0,21.92,9.05,-4.4,1453075200.0
2016-01-15,146.3,147.25,136.35,139.35,142.2266317797484,232752.0,3172.0,33103533.0,47758.0,20.52,10.9,-6.95,1452816000.0
2016-01-14,145.0,148.5,145.0,146.3,146.76357015634275,126325.0,1859.0,18539908.0,13620.0,10.78,3.5,1.3,1452729600.0
2016-01-13,150.45,152.45,144.8,148.6,148.82634645087637,238256.0,3132.0,35458770.0,33554.0,14.08,7.65,-1.85,1452643200.0
2016-01-12,148.3,151.2,146.0,149.05,148.9415427357411,122380.0,1938.0,18227466.0,14701.0,12.01,5.2,0.75,1452556800.0
2016-01-11,148.8,152.0,146.8,147.95,148.81952350956925,169867.0,2349.0,25279526.0,45323.0,26.68,5.2,-0.85,1452470400.0
2016-01-08,149.0,151.75,144.1,149.75,147.90886071641285,293825.0,4397.0,43459321.0,72724.0,24.75,7.65,0.75,1452211200.0
2016-01-07,154.0,154.0,146.8,148.6,149.88837506789375,196999.0,3570.0,29527860.0,52925.0,26.87,7.2,-5.4,1452124800.0
2016-01-06,157.25,160.45,154.7,155.3,157.74337362671957,127068.0,2989.0,20044135.0,29328.0,23.08,5.75,-1.95,1452038400.0
2016-01-05,155.35,158.3,154.25,157.2,156.3975093283582,107200.0,1965.0,16765813.0,23673.0,22.08,4.05,1.85,1451952000.0
2016-01-04,159.1,162.0,152.8,155.55,157.53031739011394,189924.0,2873.0,29918788.0,47953.0,25.25,9.2,-3.55,1451865600.0
2016-01-01,156.2,159.85,156.1,159.1,158.86793187995363,105226.0,2141.0,16717037.0,24141.0,22.94,3.75,2.9,1451606400.0
2015-12-31,156.5,157.75,155.0,156.15,156.06991224843676,76124.0,1191.0,11880666.0,19187.0,25.2,2.75,-0.35,1451520000.0
2015-12-30,158.0,158.5,154.5,155.2,156.8782802903406,75222.0,1267.0,11800698.0,22354.0,29.72,4.0,-2.8,1451433600.0
2015-12-29,156.1,157.8,155.8,156.9,156.75476684319693,94979.0,1505.0,14888411.0,21090.0,22.2,2.0,0.8,1451347200.0
2015-12-28,153.5,156.5,153.15,155.7,155.58720908548412,107248.0,1402.0,16686417.0,28918.0,26.96,3.35,2.2,1451260800.0
2015-12-24,152.5,154.2,151.65,153.5,153.1095930185666,123986.0,1405.0,18983446.0,47042.0,37.94,2.55,1.0,1450915200.0
2015-12-23,153.0,153.5,151.0,152.1,152.16210127306536,111856.0,1496.0,17020244.0,25987.0,23.23,2.5,-0.9,1450828800.0
2015-12-22,151.75,154.9,151.2,151.8,152.91966753572618,255065.0,2166.0,39004455.0,51717.0,20.28,3.7,0.05,1450742400.0
2015-12-21,151.85,152.5,149.35,151.75,151.1586064944796,110771.0,1810.0,16743990.0,22148.0,19.99,3.15,-0.1,1450656000.0
2015-12-18,151.25,153.3,150.3,151.05,151.82295497691752,142749.0,1782.0,21672575.0,32298.0,22.63,3.0,-0.2,1450396800.0
2015-12-17,150.15,154.15,149.1,153.5,151.78492790797347,305651.0,2999.0,46393215.0,64988.0,21.26,5.05,3.35,1450310400.0
2015-12-16,150.5,152.8,149.4,150.25,150.7215545531373,182226.0,2096.0,27465386.0,23984.0,13.16,3.4,-0.25,1450224000.0
2015-12-15,151.05,152.0,147.1,149.35,148.92397024133552,137775.0,1506.0,20518000.0,21062.0,15.29,4.9,-1.7,1450137600.0
2015-12-14,145.5,151.6,145.1,151.05,148.70775927501896,173908.0,2031.0,25861469.0,29511.0,16.97,6.5,5.55,1450051200.0
2015-12-11,151.3,151.95,146.9,148.55,149.29813039099784,274068.0,2997.0,40917840.0,51755.0,18.88,5.05,-2.75,1449792000.0
2015-12-10,154.4,154.4,147.5,151.3,150.38254719230005,356573.0,4165.0,53622356.0,43349.0,12.16,6.9,-3.1,1449705600.0
2015-12-09,156.0,157.35,150.25,150.8,151.59135755876645,519344.0,3694.0,78728062.0,,,7.1,-5.2,1449619200.0
2015-12-08,156.2,157.55,154.5,155.75,156.0348755139703,154435.0,2144.0,24097246.0,32197.0,20.85,3.05,-0.45,1449532800.0
2015-12-07,157.9,158.3,156.4,157.0,157.18200333795366,141404.0,1789.0,22226164.0,40005.0,28.29,1.9,-0.9,1449446400.0
2015-12-04,156.0,157.85,154.25,155.5,156.0040929636616,224776.0,2593.0,35065976.0,39365.0,17.51,3.6,-0.5,1449187200.0
2015-12-03,163.0,164.05,157.2,158.55,160.2375903742675,300694.0,3609.0,48182482.0,102692.0,34.15,6.85,-4.45,1449100800.0
2015-12-02,164.8,166.8,163.55,164.1,165.17496173663585,249586.0,3225.0,41225358.0,56033.0,22.45,3.25,-0.7,1449014400.0
2015-12-01,162.5,164.45,161.1,163.0,162.95839791679583,161290.0,2425.0,26283560.0,52711.0,32.68,3.35,0.5,1448928000.0
2015-11-30,163.5,165.1,161.3,162.4,163.21751297675468,132930.0,1656.0,21696504.0,30699.0,23.09,3.8,-1.1,1448841600.0
2015-11-27,160.95,165.15,160.95,162.95,163.27548985507246,172500.0,2035.0,28165022.0,48358.0,28.03,4.2,2.0,1448582400.0
2015-11-26,162.0,162.65,160.5,160.95,161.53483784629287,115076.0,1945.0,18588783.0,41446.0,36.02,2.15,-1.05,1448496000.0
2015-11-24,160.55,164.5,160.55,161.95,162.87519430489536,177556.0,2641.0,28919468.0,51889.0,29.22,3.95,1.4,1448323200.0
2015-11-23,161.0,162.2,160.05,161.35,161.30177058594165,112844.0,1907.0,18201937.0,33578.0,29.76,2.15,0.35,1448236800.0
2015-11-20,161.5,162.5,159.6,160.85,161.16817593790427,147643.0,1759.0,23795353.0,33367.0,22.6,2.9,-0.65,1447977600.0
2015-11-19,160.3,161.1,157.8,160.55,159.57087008497302,278559.0,3622.0,44449902.0,52296.0,18.77,3.3,0.25,1447891200.0
2015-11-18,162.8,163.7,156.95,157.5,160.811464546057,377250.0,4406.0,60666125.0,86902.0,23.04,6.75,-5.3,1447804800.0
2015-11-17,161.0,163.4,159.25,161.95,161.90711052658548,585470.0,6630.0,94791756.0,116481.0,19.9,4.15,0.95,1447718400.0
2015-11-16,155.0,160.3,151.1,157.7,157.00091201606787,683102.0,6217.0,107247637.0,102132.0,14.95,9.2,2.7,1447632000.0
2015-11-13,158.0,158.0,154.25,155.1,155.48161094539728,193104.0,1804.0,30024121.0,62419.0,32.32,3.75,-2.9,1447372800.0
2015-11-11,157.55,158.85,157.55,158.2,158.36676113819294,44105.0,525.0,6984766.0,21861.0,49.57,1.3,0.65,1447200000.0
2015-11-10,160.55,162.15,156.0,156.55,158.64860527759356,244278.0,2257.0,38754364.0,60837.0,24.9,6.15,-4.0,1447113600.0
2015-11-09,155.5,161.15,154.0,160.45,158.26502678402008,274044.0,3666.0,43371581.0,72158.0,26.33,7.15,4.95,1447027200.0
2015-11-06,159.3,162.05,156.55,158.75,159.67280050608178,249762.0,2981.0,39880198.0,47571.0,19.05,5.5,-0.55,1446768000.0
2015-11-05,162.95,163.05,158.1,159.25,159.9643169855871,609870.0,4063.0,97557438.0,71569.0,11.74,4.95,-3.7,1446681600.0
2015-11-04,165.05,166.45,161.5,162.2,163.8357702404934,1280243.0,3734.0,209749598.0,1092195.0,85.31,4.95,-2.85,1446595200.0
2015-11-03,170.05,172.0,163.5,164.75,167.3775086783091,336183.0,4939.0,56269473.0,122864.0,36.55,8.5,-5.3,1446508800.0
2015-11-02,172.15,172.7,165.85,169.85,168.92488457747575,327709.0,4073.0,55358205.0,120765.0,36.85,6.85,-2.3,1446422400.0
2015-10-30,182.1,182.1,168.4,171.05,173.852228026762,545550.0,6144.0,94845083.0,111931.0,20.52,13.7,-11.05,1446163200.0
2015-10-29,189.9,190.4,181.55,182.4,184.89133442776733,170560.0,2516.0,31535066.0,44147.0,25.88,8.85,-7.5,1446076800.0
2015-10-28,190.0,192.85,188.7,190.7,190.60020518421075,120867.0,1797.0,23037275.0,13842.0,11.45,4.15,0.7,1445990400.0
2015-10-27,189.0,191.2,187.6,190.5,189.51683063621567,96461.0,1330.0,18280983.0,12104.0,12.55,3.6,1.5,1445904000.0
2015-10-26,196.0,196.0,189.3,190.2,192.08127874232693,148083.0,2455.0,28443972.0,21393.0,14.45,6.7,-5.8,1445817600.0
2015-10-23,194.4,198.2,192.25,194.55,196.0301283529321,208176.0,2430.0,40808768.0,46767.0,22.47,5.95,0.15,1445558400.0
2015-10-21,195.0,196.2,191.05,192.7,193.7005123463924,129795.0,2174.0,25141358.0,33916.0,26.13,5.15,-2.3,1445385600.0
2015-10-20,193.0,196.6,193.0,194.5,195.12014771712657,164639.0,2171.0,32124386.0,24516.0,14.89,3.6,1.5,1445299200.0
2015-10-19,191.95,194.6,191.0,193.8,193.0471055372331,92176.0,1366.0,17794310.0,26046.0,28.26,3.6,1.85,1445212800.0
2015-10-16,192.05,193.9,189.75,191.15,191.74535203704943,134091.0,2093.0,25711326.0,20664.0,15.41,4.15,-0.9,1444953600.0
2015-10-15,187.0,192.5,187.0,191.35,190.4080894159297,127673.0,1554.0,24309972.0,24165.0,18.93,5.5,4.35,1444867200.0
2015-10-14,191.9,192.0,186.3,187.05,188.4403167796376,144580.0,2082.0,27244701.0,38317.0,26.5,5.7,-4.85,1444780800.0
2015-10-13,187.9,191.25,187.8,190.55,189.80408535850225,116122.0,1419.0,22040430.0,23631.0,20.35,3.45,2.65,1444694400.0
2015-10-12,188.9,190.2,184.8,187.85,187.560299869622,107380.0,1589.0,20140225.0,16281.0,15.16,5.4,-1.05,1444608000.0
2015-10-09,193.9,195.55,185.3,188.0,188.69993889462484,237295.0,2733.0,44777552.0,31077.0,13.1,10.25,-5.9,1444348800.0
2015-10-08,195.8,195.8,190.4,193.3,192.95952583722595,116247.0,1376.0,22430966.0,21156.0,18.2,5.4,-2.5,1444262400.0
2015-10-07,196.6,198.7,193.1,194.65,195.58063807259725,200228.0,2716.0,39160720.0,31647.0,15.81,5.6,-1.95,1444176000.0
2015-10-06,191.05,197.8,189.15,195.65,193.403029103015,297976.0,3907.0,57629461.0,66630.0,22.36,8.65,4.6,1444089600.0
2015-10-05,182.6,192.25,182.6,191.0,188.2304980067649,264896.0,3055.0,49861506.0,68965.0,26.03,9.65,8.4,1444003200.0
2015-10-01,180.2,184.0,180.2,182.25,182.25498537818336,136098.0,1696.0,24804539.0,15789.0,11.6,3.8,2.05,1443657600.0
2015-09-30,182.0,185.5,178.1,179.9,181.1719440196431,164129.0,3210.0,29735570.0,36708.0,22.37,7.4,-2.1,1443571200.0
2015-09-29,181.1,184.8,177.3,182.35,181.4356501558007,216302.0,2020.0,39244894.0,23931.0,11.06,7.5,1.25,1443484800.0
2015-09-28,188.0,188.1,181.7,182.95,185.3916664847281,91606.0,1321.0,16982989.0,26300.0,28.71,6.4,-5.05,1443398400.0
2015-09-24,183.0,187.65,183.0,186.4,186.1364460827336,170910.0,2821.0,31812580.0,42362.0,24.79,4.65,3.4,1443052800.0
2015-09-23,179.05,186.4,179.05,185.6,184.12771723265544,205540.0,2916.0,37845611.0,33589.0,16.34,7.35,6.55,1442966400.0
2015-09-22,194.6,197.6,182.6,183.4,189.9273124174109,326163.0,5875.0,61947262.0,85251.0,26.14,15.0,-11.2,1442880000.0
2015-09-21,184.1,194.5,184.1,193.4,190.5547674906774,202465.0,3329.0,38580671.0,48278.0,23.85,10.4,9.3,1442793600.0
2015-09-18,186.5,191.35,185.35,186.7,188.40792320497383,208451.0,2237.0,39273820.0,32403.0,15.54,6.0,0.2,1442534400.0
2015-09-16,185.1,188.5,183.7,184.5,185.2663372438536,90866.0,1428.0,16834411.0,23698.0,26.08,4.8,-0.6,1442361600.0
2015-09-15,187.05,189.75,184.7,186.65,186.83947433287383,219074.0,2102.0,40931671.0,37376.0,17.06,5.05,-0.4,1442275200.0
2015-09-14,186.9,190.1,185.4,188.0,187.96577814908807,190317.0,2395.0,35773083.0,27461.0,14.43,4.7,1.1,1442188800.0
2015-09-11,185.3,188.5,183.4,185.55,185.9091494536088,250004.0,3125.0,46478031.0,22094.0,8.84,5.1,0.25,1441929600.0
2015-09-10,175.0,185.25,173.2,184.2,180.84876243275824,376626.0,5545.0,68112346.0,33623.0,8.93,12.05,9.2,1441843200.0
2015-09-09,180.0,181.3,177.6,178.35,179.3253654249828,260587.0,2470.0,46729859.0,35140.0,13.48,3.7,-1.65,1441756800.0
2015-09-08,168.55,178.85,166.6,177.05,173.2762665843178,265537.0,2846.0,46011260.0,48938.0,18.43,12.25,8.5,1441670400.0
2015-09-07,171.9,172.85,168.0,168.7,169.85706012877776,174409.0,1782.0,29624600.0,22332.0,12.8,4.85,-3.2,1441584000.0
2015-09-04,170.0,172.85,163.0,169.65,167.93940807395674,308721.0,3673.0,51846422.0,28860.0,9.35,9.85,-0.35,1441324800.0
2015-09-03,175.0,176.5,171.0,171.9,174.23610411177185,208353.0,2936.0,36302615.0,56148.0,26.95,5.5,-3.1,1441238400.0
2015-09-02,169.75,176.0,169.4,173.85,172.69028793227483,298855.0,4334.0,51609356.0,58698.0,19.64,6.6,4.1,1441152000.0
2015-09-01,180.1,180.75,167.5,169.75,173.16650983265453,417639.0,4230.0,72321088.0,135900.0,32.54,13.25,-10.35,1441065600.0
2015-08-31,181.0,184.7,178.9,180.05,181.9154131966688,195125.0,2334.0,35496245.0,38192.0,19.57,5.8,-0.95,1440979200.0
2015-08-28,183.4,186.65,178.6,181.45,182.72417107367127,232017.0,3107.0,42395114.0,34717.0,14.96,8.05,-1.95,1440720000.0
2015-08-27,182.65,186.0,180.35,181.75,183.43686407304017,186637.0,2659.0,34236106.0,35237.0,18.88,5.65,-0.9,1440633600.0
2015-08-26,172.9,182.5,169.25,179.05,178.50031333739773,352655.0,3638.0,62949028.0,38112.0,10.81,13.25,6.15,1440547200.0
2015-08-25,172.0,175.95,166.0,173.35,172.14950634696757,482120.0,4949.0,82996720.0,73427.0,15.23,9.95,1.35,1440460800.0
2015-08-24,189.9,189.9,166.95,169.6,179.69353411111197,524228.0,5852.0,94200382.0,86166.0,16.44,22.95,-20.3,1440374400.0
2015-08-21,195.0,196.4,186.5,195.55,192.0997349312068,312749.0,3088.0,60079000.0,32895.0,10.52,9.9,0.55,1440115200.0
2015-08-20,194.8,197.8,191.95,194.75,195.160854106206,260155.0,2647.0,50772072.0,29431.0,11.31,5.85,-0.05,1440028800.0
2015-08-19,203.1,205.85,192.3,195.55,199.14368861324817,458568.0,5101.0,91320923.0,62503.0,13.63,13.55,-7.55,1439942400.0
2015-08-18,192.6,203.8,192.6,201.85,198.9222937876584,452422.0,5089.0,89996822.0,71125.0,15.72,11.2,9.25,1439856000.0
2015-08-17,194.9,194.9,188.5,192.1,192.4683282940447,224238.0,2702.0,43158713.0,31076.0,13.86,6.4,-2.8,1439769600.0
2015-08-14,188.5,192.75,186.8,191.75,190.57977462139527,299851.0,3312.0,57145536.0,60521.0,20.18,5.95,3.25,1439510400.0
2015-08-13,188.0,191.0,186.0,187.4,188.45928661096303,421397.0,4703.0,79416178.0,60959.0,14.47,5.0,-0.6,1439424000.0
2015-08-12,183.7,189.3,180.9,187.5,186.07058555680408,680805.0,7126.0,126677785.0,81028.0,11.9,8.4,3.8,1439337600.0
2015-08-11,208.9,209.2,181.0,182.95,196.79239317744987,2032202.0,15912.0,399921895.0,871742.0,42.9,28.2,-25.95,1439251200.0
2015-08-10,210.1,214.6,207.4,209.0,212.4857927210417,1323019.0,4048.0,281122741.0,841085.0,63.57,7.2,-1.1,1439164800.0
2015-08-07,212.5,216.8,211.1,212.25,213.02377769097063,1041901.0,3270.0,221949687.0,41742.0,4.01,5.7,-0.25,1438905600.0
2015-08-06,210.0,213.65,207.6,212.35,211.36535110870287,214079.0,2674.0,45248883.0,28427.0,13.28,6.05,2.35,1438819200.0
2015-08-05,219.0,223.3,209.0,210.25,216.34767037925724,446768.0,5215.0,96657216.0,102930.0,23.04,14.3,-8.75,1438732800.0
2015-08-04,207.0,218.3,203.5,216.95,210.78743104676576,453387.0,5251.0,95568281.0,70294.0,15.5,14.8,9.95,1438646400.0
2015-08-03,202.6,208.65,202.5,207.3,206.6548069042593,201325.0,2405.0,41604779.0,35472.0,17.62,6.15,4.7,1438560000.0
2015-07-31,208.0,209.9,199.9,202.5,205.19177117421827,682965.0,3930.0,140138798.0,387611.0,56.75,10.0,-5.5,1438300800.0
2015-07-30,205.5,208.5,204.1,207.3,206.5343603825836,257826.0,3685.0,53249928.0,66225.0,25.69,4.4,1.8,1438214400.0
2015-07-29,198.9,204.65,198.5,203.8,202.3037463071597,331046.0,4857.0,66971846.0,81663.0,24.67,6.15,4.9,1438128000.0
2015-07-28,192.0,199.4,190.9,196.8,195.7670456372448,217695.0,3079.0,42617507.0,45338.0,20.83,8.5,4.8,1438041600.0
2015-07-27,192.0,195.5,190.4,191.3,192.68616779542657,180434.0,1899.0,34767136.0,37003.0,20.51,5.1,-0.7,1437955200.0
2015-07-24,197.0,198.4,192.55,194.05,195.9765741633325,117221.0,1442.0,22972570.0,25269.0,21.56,5.85,-2.95,1437696000.0
2015-07-23,195.2,202.45,195.0,197.15,197.6745872958284,1146584.0,5451.0,226650519.0,749253.0,65.35,7.45,1.95,1437609600.0
2015-07-22,191.4,194.4,190.0,193.25,192.4756537668044,164317.0,1936.0,31627022.0,38664.0,23.53,4.4,1.85,1437523200.0
2015-07-21,196.25,196.6,190.65,191.45,194.00728880348765,276863.0,3151.0,53713440.0,49241.0,17.79,5.95,-4.8,1437436800.0
2015-07-20,190.0,195.75,188.25,194.55,192.16916460526105,247404.0,4094.0,47543420.0,53717.0,21.71,7.5,4.55,1437350400.0
2015-07-17,190.05,190.9,188.5,189.2,189.4105777400169,197736.0,2094.0,37453290.0,43575.0,22.04,2.4,-0.85,1437091200.0
2015-07-16,187.4,190.2,186.65,188.75,188.7299618683736,262774.0,3278.0,49593327.0,48398.0,18.42,3.55,1.35,1437004800.0
2015-07-15,184.0,186.4,183.55,185.65,185.2074957978524,143974.0,2231.0,26665064.0,41741.0,28.99,2.85,1.65,1436918400.0
2015-07-14,184.4,185.55,182.15,183.15,183.77062955160267,247303.0,2426.0,45447028.0,48015.0,19.42,3.4,-1.25,1436832000.0
2015-07-13,179.5,183.5,175.2,183.05,180.9164066225812,266301.0,3695.0,48178220.0,63276.0,23.76,8.3,3.55,1436745600.0
2015-07-10,176.15,177.05,173.0,175.55,175.3633836471112,128063.0,1466.0,22457561.0,26881.0,20.99,4.05,-0.6,1436486400.0
2015-07-09,172.25,176.15,170.85,175.2,174.72606347457344,239592.0,2367.0,41862967.0,34388.0,14.35,5.3,2.95,1436400000.0
2015-07-08,176.5,179.3,170.25,172.25,173.92434988179667,322326.0,3542.0,56060340.0,40230.0,12.48,9.05,-4.25,1436313600.0
2015-07-07,174.2,180.6,173.8,177.85,178.12098720322413,366733.0,4071.0,65322844.0,90197.0,24.59,6.8,3.65,1436227200.0
2015-07-06,165.15,172.7,165.15,172.2,170.3932510154722,172826.0,1933.0,29448384.0,16402.0,9.49,7.55,7.05,1436140800.0
2015-07-03,173.8,174.5,169.45,170.65,171.8755244755245,124410.0,1532.0,21383034.0,35074.0,28.19,5.05,-3.15,1435881600.0
2015-07-02,174.65,176.6,172.7,173.5,174.78924165034417,158779.0,2336.0,27752861.0,32035.0,20.18,3.9,-1.15,1435795200.0
2015-07-01,170.6,175.4,168.55,173.0,172.58665893807463,238077.0,3961.0,41088914.0,22576.0,9.48,6.85,2.4,1435708800.0
2015-06-30,165.0,170.5,164.0,169.7,167.74404879243502,167403.0,2422.0,28080857.0,18765.0,11.21,6.5,4.7,1435622400.0
2015-06-29,170.95,170.95,163.3,165.6,165.45328106909477,203836.0,2539.0,33725335.0,30217.0,14.82,7.65,-5.35,1435536000.0
2015-06-26,172.0,172.9,168.55,171.35,170.6617635385564,163773.0,2083.0,27949789.0,20547.0,12.55,4.35,-0.65,1435276800.0
2015-06-25,167.7,172.3,167.0,171.7,169.57143029455045,165812.0,2634.0,28116978.0,36047.0,21.74,5.3,4.0,1435190400.0
2015-06-24,168.5,171.2,167.1,168.2,169.4082570486044,191279.0,2585.0,32404242.0,28436.0,14.87,4.1,-0.3,1435104000.0
2015-06-23,169.6,172.45,167.75,169.75,169.89294545245033,208277.0,3655.0,35384793.0,25924.0,12.45,4.7,0.15,1435017600.0
2015-06-22,166.2,171.25,166.05,168.75,168.66426606716095,155239.0,1994.0,26183272.0,37456.0,24.13,5.2,2.55,1434931200.0
2015-06-19,168.95,168.95,162.55,166.1,165.6811015477586,159521.0,1974.0,26429615.0,26189.0,16.42,6.4,-2.85,1434672000.0
2015-06-18,167.9,169.6,165.8,166.8,167.69306766293067,132495.0,1526.0,22218493.0,13706.0,10.34,3.8,-1.1,1434585600.0
2015-06-17,166.0,168.8,164.75,167.1,166.42924526597392,830213.0,2882.0,138171723.0,633405.0,76.29,4.05,1.1,1434499200.0
2015-06-16,164.95,167.0,163.1,165.3,164.99562062475235,242272.0,2736.0,39973819.0,17896.0,7.39,3.9,0.35,1434412800.0
2015-06-15,164.0,168.95,163.0,165.55,166.50716149276357,226908.0,2461.0,37781807.0,13688.0,6.03,5.95,1.55,1434326400.0
2015-06-12,162.0,165.2,160.95,164.25,163.3685983720152,251108.0,3080.0,41023162.0,37869.0,15.08,4.25,2.25,1434067200.0
2015-06-11,166.7,166.7,160.25,161.95,162.89407588171014,353234.0,3695.0,57539726.0,38054.0,10.77,6.45,-4.75,1433980800.0
2015-06-10,163.8,166.35,158.7,165.4,162.84667485028297,509962.0,6414.0,83045616.0,76617.0,15.02,7.65,1.6,1433894400.0
2015-06-09,174.95,174.95,156.4,160.9,163.08293549718252,562208.0,6915.0,91686531.0,92680.0,16.49,18.55,-14.05,1433808000.0
2015-06-08,172.95,175.9,171.1,174.95,173.84164758398794,137996.0,2205.0,23989452.0,39423.0,28.57,4.8,2.0,1433721600.0
2015-06-05,171.0,173.65,167.95,171.3,169.99227067127578,283207.0,3182.0,48143001.0,22895.0,8.08,5.7,0.3,1433462400.0
2015-06-04,176.0,176.0,170.5,172.25,172.81177612385335,171041.0,1612.0,29557899.0,29273.0,17.11,5.5,-3.75,1433376000.0
2015-06-03,176.4,176.95,170.5,175.25,173.95389215980464,289929.0,3027.0,50434278.0,31886.0,11.0,6.45,-1.15,1433289600.0
2015-06-02,185.85,185.85,175.35,176.35,179.947786969235,200065.0,2658.0,36001254.0,39840.0,19.91,10.5,-9.5,1433203200.0
2015-06-01,190.5,192.4,184.1,185.05,187.86943633756687,196678.0,2516.0,36949785.0,53650.0,27.28,8.3,-5.45,1433116800.0
2015-05-29,181.7,191.0,180.4,189.85,186.20222547778204,271672.0,2971.0,50585931.0,80911.0,29.78,10.6,8.15,1432857600.0
2015-05-28,184.3,184.3,179.85,182.0,182.13468075036567,92968.0,1063.0,16932697.0,18773.0,20.19,4.45,-2.3,1432771200.0
2015-05-27,183.3,184.4,181.45,183.6,183.05689752650176,141500.0,1554.0,25902551.0,48039.0,33.95,2.95,0.3,1432684800.0
2015-05-26,184.5,185.65,182.5,183.5,183.69806952737576,79048.0,1059.0,14520965.0,12146.0,15.37,3.15,-1.0,1432598400.0
2015-05-25,184.9,185.9,183.3,184.0,184.3347007221616,110917.0,1249.0,20445852.0,17893.0,16.13,2.6,-0.9,1432512000.0
2015-05-22,183.1,186.25,181.2,183.7,183.80043207950263,208295.0,2361.0,38284711.0,53142.0,25.51,5.05,0.6,1432252800.0
2015-05-21,188.35,189.2,183.0,183.75,185.10223394212264,220328.0,2939.0,40783205.0,35181.0,15.97,6.2,-4.6,1432166400.0
2015-05-20,184.0,188.4,184.0,187.7,186.231166385028,299438.0,3717.0,55764688.0,95963.0,32.05,4.4,3.7,1432080000.0
2015-05-19,186.3,187.95,182.6,183.45,184.9867280650728,307717.0,3994.0,56923561.0,61897.0,20.11,5.35,-2.85,1431993600.0
2015-05-18,172.9,188.35,172.6,186.35,182.5096528011092,940556.0,10775.0,171660549.0,231091.0,24.57,15.75,13.45,1431907200.0
2015-05-15,175.0,176.0,170.0,171.25,173.1092926712438,212942.0,3054.0,36862239.0,57074.0,26.8,6.0,-3.75,1431648000.0
2015-05-14,172.8,175.15,170.15,173.75,173.26578862058307,265286.0,4712.0,45964988.0,40090.0,15.11,5.0,0.95,1431561600.0
2015-05-13,169.9,173.55,167.15,171.75,170.95110687248774,439346.0,6626.0,75106685.0,105494.0,24.01,6.4,1.85,1431475200.0
2015-05-12,172.9,174.25,165.6,169.6,170.49003043712793,819394.0,9490.0,139698508.0,88990.0,10.86,8.65,-3.3,1431388800.0
2015-05-11,166.0,172.2,164.75,170.95,168.83144629235105,232816.0,2500.0,39306662.0,64889.0,27.87,7.45,4.95,1431302400.0
2015-05-08,168.0,168.0,163.7,164.1,164.96689085584015,123259.0,2355.0,20333654.0,21871.0,17.74,4.3,-3.9,1431043200.0
2015-05-07,165.6,168.45,162.1,163.35,165.1239864581293,178705.0,5018.0,29508482.0,30741.0,17.2,6.35,-2.25,1430956800.0
2015-05-06,173.5,175.0,162.05,165.2,167.31384855951185,321037.0,6859.0,53713936.0,83545.0,26.02,12.95,-8.3,1430870400.0
2015-05-05,178.95,178.95,174.7,175.8,176.5369809460078,113572.0,2576.0,20049658.0,32518.0,28.63,4.25,-3.15,1430784000.0
2015-05-04,172.9,178.4,171.9,177.4,176.01658435031524,184451.0,3882.0,32466435.0,32729.0,17.74,6.5,4.5,1430697600.0
2015-04-30,172.5,175.0,171.75,173.15,173.5107676735077,136334.0,2336.0,23655417.0,32493.0,23.83,3.25,0.65,1430352000.0
2015-04-29,173.7,175.15,172.1,173.15,173.6139832994809,110775.0,2101.0,19232089.0,22668.0,20.46,3.05,-0.55,1430265600.0
2015-04-28,170.0,173.4,168.0,172.95,171.81457524119784,191544.0,3187.0,32910051.0,40692.0,21.24,5.4,2.95,1430179200.0
2015-04-27,170.0,173.35,165.7,169.7,170.12120510743355,285153.0,5429.0,48510572.0,35897.0,12.59,7.65,-0.3,1430092800.0
2015-04-24,174.75,175.25,166.5,168.25,170.40201848040476,186576.0,3324.0,31792927.0,42345.0,22.7,8.75,-6.5,1429833600.0
2015-04-23,176.4,177.55,173.8,174.6,175.48670201814545,218567.0,3644.0,38355602.0,33281.0,15.23,3.75,-1.8,1429747200.0
2015-04-22,173.5,175.5,170.45,174.9,172.77412221785943,338723.0,7733.0,58522569.0,63769.0,18.83,5.05,1.4,1429660800.0
2015-04-21,183.25,185.1,172.1,173.05,178.18907835587336,263605.0,4983.0,46971532.0,63946.0,24.26,13.0,-10.2,1429574400.0
2015-04-20,185.5,186.6,181.25,183.35,183.34489923771648,256991.0,5040.0,47117989.0,40175.0,15.63,5.35,-2.15,1429488000.0
2015-04-17,191.1,191.85,184.0,185.0,187.48611426409383,224655.0,4469.0,42119693.0,49113.0,21.86,7.85,-6.1,1429228800.0
2015-04-16,191.0,193.8,187.6,191.3,191.01204874264067,241021.0,5540.0,46037915.0,54409.0,22.57,6.2,0.3,1429142400.0
2015-04-15,188.9,193.6,188.5,190.15,191.50340780831104,436791.0,8315.0,83646965.0,101620.0,23.27,5.1,1.25,1429056000.0
2015-04-13,180.9,189.05,180.45,187.5,186.4551579394564,433109.0,8294.0,80755407.0,98232.0,22.68,8.6,6.6,1428883200.0
2015-04-10,182.45,182.45,179.35,180.45,180.67267255476656,509389.0,5678.0,92032672.0,265255.0,52.07,3.1,-2.0,1428624000.0
2015-04-09,182.6,183.45,178.3,181.45,181.389728414546,304140.0,5584.0,55167872.0,101843.0,33.49,5.15,-1.15,1428537600.0
2015-04-08,181.8,184.4,180.5,181.55,182.61885201022403,374411.0,7226.0,68374507.0,123000.0,32.85,3.9,-0.25,1428451200.0
2015-04-07,178.0,181.5,175.65,180.35,179.01412908820615,322880.0,5611.0,57800082.0,111057.0,34.4,5.85,2.35,1428364800.0
2015-04-06,176.4,179.3,174.5,177.3,177.3703558831199,291444.0,4456.0,51693526.0,78802.0,27.04,4.8,0.9,1428278400.0
2015-04-01,169.9,174.9,169.3,174.55,172.72078271243973,357066.0,8744.0,61672719.0,50049.0,14.02,5.6,4.65,1427846400.0
2015-03-31,167.0,173.25,163.5,168.25,167.13255428506875,6099237.0,9930.0,1019381059.0,5496977.0,90.13,9.75,1.25,1427760000.0
2015-03-30,161.5,166.45,161.5,165.4,163.87252778185734,163416.0,3924.0,26779393.0,34984.0,21.41,4.95,3.9,1427673600.0
2015-03-27,158.5,160.55,154.7,159.75,158.90580995393063,176473.0,4695.0,28042585.0,60835.0,34.47,5.85,1.25,1427414400.0
2015-03-26,160.0,161.0,157.15,157.9,158.83463797650444,166840.0,3296.0,26499971.0,49507.0,29.67,3.85,-2.1,1427328000.0
2015-03-25,160.25,162.85,160.25,161.55,162.03520888418825,94550.0,2414.0,15320429.0,34730.0,36.73,2.6,1.3,1427241600.0
2015-03-24,162.0,163.9,160.8,161.65,162.2995233807024,227645.0,4078.0,36946675.0,109161.0,47.95,3.1,-0.35,1427155200.0
2015-03-23,162.0,163.35,159.0,161.95,161.61448140900197,273385.0,4569.0,44182975.0,92493.0,33.83,4.35,-0.05,1427068800.0
2015-03-20,166.35,166.35,160.5,162.1,162.27718192168433,292483.0,7447.0,47463317.0,61199.0,20.92,5.85,-4.25,1426809600.0
2015-03-19,169.5,170.5,165.5,166.2,168.1520112824501,172303.0,3149.0,28973096.0,49593.0,28.78,5.0,-3.3,1426723200.0
2015-03-18,169.15,169.65,167.4,168.55,168.60914140564032,130702.0,2761.0,22037552.0,28020.0,21.44,2.25,-0.6,1426636800.0
2015-03-17,170.15,171.35,166.35,168.95,168.9578332256756,199707.0,4229.0,33742062.0,35698.0,17.88,5.0,-1.2,1426550400.0
2015-03-16,170.55,172.9,165.3,169.25,169.1622712560453,398863.0,8257.0,67472571.0,56310.0,14.12,7.6,-1.3,1426464000.0
2015-03-13,175.5,176.0,167.75,169.9,170.8292835360712,504017.0,8777.0,86100863.0,138255.0,27.43,8.25,-5.6,1426204800.0
2015-03-12,174.5,177.45,174.5,175.5,175.79856975595592,316869.0,5818.0,55705117.0,116494.0,36.76,2.95,1.0,1426118400.0
2015-03-11,174.0,175.95,171.7,173.8,173.97972681069575,284711.0,6934.0,49533942.0,51042.0,17.93,4.25,-0.2,1426032000.0
2015-03-10,174.55,176.15,171.75,173.45,174.206222679352,272230.0,4563.0,47424160.0,60355.0,22.17,4.4,-1.1,1425945600.0
2015-03-09,174.95,176.65,172.3,174.15,174.6316364888252,214948.0,4023.0,37536721.0,43937.0,20.44,4.35,-0.8,1425859200.0
2015-03-05,174.95,177.0,174.0,175.55,175.4576962858486,265875.0,4629.0,46649815.0,51664.0,19.43,3.0,0.6,1425513600.0
2015-03-04,180.7,180.7,172.5,173.7,176.6184786083614,522377.0,8919.0,92261431.0,157795.0,30.21,8.2,-7.0,1425427200.0
2015-03-03,179.5,183.35,176.2,179.15,180.77310551917472,451245.0,8488.0,81572960.0,90185.0,19.99,7.15,-0.35,1425340800.0
2015-03-02,176.4,179.9,173.7,178.65,176.54715660316987,465693.0,10708.0,82216775.0,103237.0,22.17,6.2,2.25,1425254400.0
2015-02-28,181.0,181.6,172.65,175.25,176.88087510835783,378376.0,6531.0,66927478.0,63633.0,16.82,8.95,-5.75,1425081600.0
2015-02-27,176.25,180.0,173.9,179.75,177.9590366589414,426308.0,7725.0,75865361.0,119814.0,28.11,6.1,3.5,1424995200.0
2015-02-26,174.7,176.2,171.5,174.85,174.32504772025354,401821.0,6497.0,70047465.0,76715.0,19.09,4.7,0.15,1424908800.0
2015-02-25,178.15,178.65,172.85,173.75,175.07258904963007,348317.0,6916.0,60980759.0,65800.0,18.89,5.8,-4.4,1424822400.0
2015-02-24,173.0,177.45,170.45,176.6,174.1685468328004,636114.0,10596.0,110791051.0,71860.0,11.3,7.0,3.6,1424736000.0
2015-02-23,183.6,184.6,174.0,175.3,178.20911819253763,675068.0,11756.0,120303273.0,223699.0,33.14,10.6,-8.3,1424649600.0
2015-02-20,182.0,184.7,179.5,183.05,182.7206873326018,316237.0,5796.0,57783042.0,44874.0,14.19,5.2,1.05,1424390400.0
2015-02-19,187.9,187.9,178.3,182.35,182.1122009651844,580200.0,12404.0,105661499.0,92580.0,15.96,9.6,-5.55,1424304000.0
2015-02-18,189.0,189.95,185.5,186.45,187.3614341845851,433166.0,8227.0,81158603.0,112897.0,26.06,4.45,-2.55,1424217600.0
2015-02-16,184.35,189.4,180.35,187.0,186.15150603883447,980984.0,17777.0,182611649.0,195092.0,19.89,9.05,2.65,1424044800.0
2015-02-13,184.65,185.85,181.6,182.85,183.4300449806316,557351.0,9630.0,102234919.0,122025.0,21.89,4.25,-1.8,1423785600.0
2015-02-12,181.0,185.4,176.75,183.6,181.60614955587897,981827.0,20897.0,178305821.0,200574.0,20.43,8.65,2.6,1423699200.0
2015-02-11,184.8,185.0,176.5,179.5,179.94924456487828,1121870.0,24193.0,201879659.0,295150.0,26.31,8.5,-5.3,1423612800.0
2015-02-10,187.2,192.15,179.05,182.6,184.51706464789373,1383943.0,26904.0,255361100.0,211984.0,15.32,13.1,-4.6,1423526400.0
2015-02-09,204.9,205.0,178.05,187.15,185.9917901688334,2917965.0,51075.0,542717534.0,410274.0,14.06,26.95,-17.75,1423440000.0
2015-02-06,226.85,228.5,211.3,213.4,219.675243993994,479520.0,10784.0,105338673.0,98845.0,20.61,17.2,-13.45,1423180800.0
2015-02-05,232.4,233.3,225.6,226.85,230.0214426788568,233413.0,6181.0,53689995.0,43609.0,18.68,7.7,-5.55,1423094400.0
2015-02-04,240.4,241.15,229.65,231.05,233.75229638024072,225899.0,5508.0,52804410.0,50146.0,22.2,11.5,-9.35,1423008000.0
2015-02-03,245.65,249.45,236.3,238.25,243.3418431742732,377132.0,10041.0,91771996.0,60294.0,15.99,13.15,-7.4,1422921600.0
2015-02-02,241.75,248.8,241.75,243.95,245.31986663615444,314628.0,7573.0,77184499.0,66132.0,21.02,7.05,2.2,1422835200.0
2015-01-30,236.1,245.8,234.1,242.4,241.4698762730125,590332.0,14480.0,142547395.0,107211.0,18.16,11.7,6.3,1422576000.0
2015-01-29,226.7,235.9,225.15,234.85,231.54014274262863,207086.0,4596.0,47948722.0,70565.0,34.08,10.75,8.15,1422489600.0
2015-01-28,229.9,233.55,224.6,226.9,228.41921968685776,188796.0,5693.0,43124635.0,45349.0,24.02,8.95,-3.0,1422403200.0
2015-01-27,227.0,231.25,223.15,230.55,228.03693757818905,185448.0,4556.0,42288994.0,27771.0,14.98,8.1,3.55,1422316800.0
2015-01-23,231.45,232.7,225.0,225.75,227.34509869852448,202232.0,6312.0,45976454.0,62219.0,30.77,7.7,-5.7,1421971200.0
2015-01-22,233.85,234.15,228.5,230.85,231.3403676666053,97806.0,2936.0,22626476.0,13936.0,14.25,5.65,-3.0,1421884800.0
2015-01-21,235.95,237.0,228.3,232.15,232.25766817100265,215599.0,6567.0,50074521.0,35976.0,16.69,8.7,-3.8,1421798400.0
2015-01-20,229.5,237.8,229.5,235.2,234.60566767838543,357148.0,8326.0,83788945.0,71182.0,19.93,8.3,5.7,1421712000.0
2015-01-19,227.0,230.45,224.95,228.85,228.0991857411394,219709.0,5920.0,50115444.0,45586.0,20.75,5.5,1.85,1421625600.0
2015-01-16,223.0,227.4,221.35,225.85,224.7549815113796,192010.0,5791.0,43155204.0,33595.0,17.5,6.05,2.85,1421366400.0
2015-01-15,222.0,225.65,219.2,222.6,222.32327992838304,249103.0,5703.0,55381396.0,58204.0,23.37,6.45,0.6,1421280000.0
2015-01-14,223.65,225.75,218.05,218.8,220.7627589923212,185575.0,5774.0,40968049.0,33015.0,17.79,7.7,-4.85,1421193600.0
2015-01-13,226.3,228.5,222.3,224.15,225.1707660175101,209708.0,5227.0,47220111.0,42654.0,20.34,6.2,-2.15,1421107200.0
2015-01-12,224.0,226.7,220.25,225.35,224.20964872288133,179858.0,5722.0,40325899.0,19445.0,10.81,6.45,1.35,1421020800.0
2015-01-09,228.7,228.7,221.5,223.9,224.7339021911268,211535.0,5440.0,47539086.0,30936.0,14.62,7.2,-4.8,1420761600.0
2015-01-08,220.5,227.3,220.5,226.75,224.0481128245736,199531.0,4556.0,44704544.0,35079.0,17.58,6.8,6.25,1420675200.0
2015-01-07,222.9,223.65,215.0,218.8,218.6193421809444,283391.0,6972.0,61954754.0,40876.0,14.42,8.65,-4.1,1420588800.0
2015-01-06,230.0,230.6,220.25,221.15,223.61449242578087,389017.0,9529.0,86989839.0,106996.0,27.5,10.35,-8.85,1420502400.0
2015-01-05,223.9,231.45,223.0,229.25,227.46607766813628,406679.0,7234.0,92505677.0,141944.0,34.9,8.45,5.35,1420416000.0
2015-01-02,223.7,225.95,222.1,223.5,224.52966274745825,186092.0,4785.0,41783174.0,53811.0,28.92,3.85,-0.2,1420156800.0
2015-01-01,222.8,225.0,222.2,223.65,223.7854999535982,96979.0,2149.0,21702494.0,18820.0,19.41,2.8,0.85,1420070400.0
2014-12-31,220.5,224.45,220.5,223.1,223.04252314184592,117536.0,3637.0,26215526.0,29965.0,25.49,3.95,2.6,1419984000.0
2014-12-30,224.6,225.0,220.65,222.55,222.941247555096,160538.0,3633.0,35790542.0,22076.0,13.75,4.35,-2.05,1419897600.0
2014-12-29,218.0,223.9,218.0,223.0,221.69597071595348,183308.0,4469.0,40638645.0,36921.0,20.14,5.9,5.0,1419811200.0
2014-12-26,219.4,219.65,216.2,218.15,217.9599720120929,151494.0,3016.0,33019628.0,25366.0,16.74,3.45,-1.25,1419552000.0
2014-12-24,218.9,223.0,216.3,218.6,219.60026758349497,380442.0,7050.0,83545165.0,55491.0,14.59,6.7,-0.3,1419379200.0
2014-12-23,220.3,223.95,216.7,218.5,219.81992768909515,187247.0,4790.0,41160622.0,22195.0,11.85,7.25,-1.8,1419292800.0
2014-12-22,224.0,224.7,217.25,220.35,219.91896002094435,259736.0,5763.0,57120871.0,39744.0,15.3,7.45,-3.65,1419206400.0
2014-12-19,218.8,227.4,218.0,222.45,223.9661888017312,395579.0,8461.0,88596321.0,58923.0,14.9,9.4,3.65,1418947200.0
2014-12-18,210.55,218.4,210.0,217.0,214.34188002358565,483345.0,10239.0,103601076.0,76102.0,15.74,8.4,6.45,1418860800.0
2014-12-17,223.4,223.4,205.5,207.85,211.86141833662128,481550.0,13380.0,102021866.0,90496.0,18.79,17.9,-15.55,1418774400.0
2014-12-16,227.9,231.3,219.7,223.4,225.55026697939016,400780.0,10046.0,90396036.0,47331.0,11.81,11.6,-4.5,1418688000.0
2014-12-15,219.5,228.4,219.0,227.15,224.46614315077355,208717.0,5604.0,46849900.0,35250.0,16.89,9.4,7.65,1418601600.0
2014-12-12,225.0,227.35,216.6,221.75,223.70089476087503,264987.0,5822.0,59277829.0,38086.0,14.37,10.75,-3.25,1418342400.0
2014-12-11,226.9,227.25,222.25,225.35,224.76276286061872,184128.0,4259.0,41385118.0,19894.0,10.8,5.0,-1.55,1418256000.0
2014-12-10,220.5,228.45,220.5,227.4,225.5120291336457,225993.0,5282.0,50964140.0,37229.0,16.47,7.95,6.9,1418169600.0
2014-12-09,230.9,231.9,220.3,222.25,225.40440940443287,255454.0,7936.0,57580458.0,50259.0,19.67,11.6,-8.65,1418083200.0
2014-12-08,236.6,237.35,230.65,231.95,233.6042144368992,181424.0,5790.0,42381411.0,42028.0,23.17,6.7,-4.65,1417996800.0
2014-12-05,238.7,240.8,234.7,235.3,237.63624665459164,184955.0,6634.0,43952012.0,34132.0,18.45,6.1,-3.4,1417737600.0
2014-12-04,240.35,242.6,235.9,237.75,238.9905504498637,331656.0,10064.0,79262650.0,54966.0,16.57,6.7,-2.6,1417651200.0
2014-12-03,235.95,239.8,234.6,238.45,237.35044798557783,313961.0,10704.0,74518784.0,56305.0,17.93,5.2,2.5,1417564800.0
2014-12-02,232.0,236.85,228.8,235.15,233.74129661255708,287503.0,9881.0,67201324.0,44247.0,15.39,8.05,3.15,1417478400.0
2014-12-01,230.0,236.15,229.9,232.65,233.77936088535105,269091.0,9343.0,62907922.0,66370.0,24.66,6.25,2.65,1417392000.0
2014-11-28,224.4,232.55,224.4,228.15,229.6379630297964,429481.0,12767.0,98625142.0,91011.0,21.19,8.15,3.75,1417132800.0
2014-11-27,225.0,225.7,219.0,222.65,221.9377018726887,405887.0,13021.0,90081628.0,88708.0,21.86,6.7,-2.35,1417046400.0
2014-11-26,220.2,225.2,219.85,223.6,223.1828054538101,264549.0,8953.0,59042788.0,35782.0,13.53,5.35,3.4,1416960000.0
2014-11-25,227.15,229.85,214.35,221.85,222.13581927603929,495828.0,13692.0,110141159.0,87202.0,17.59,15.5,-5.3,1416873600.0
2014-11-24,223.85,228.95,222.75,226.7,226.79885154297588,356130.0,10613.0,80769875.0,46110.0,12.95,6.2,2.85,1416787200.0
2014-11-21,225.65,228.15,222.05,223.7,225.40513574930245,243353.0,7910.0,54853016.0,47741.0,19.62,6.1,-1.95,1416528000.0
2014-11-20,224.1,226.75,220.25,225.65,223.66321765254324,241325.0,9280.0,53975526.0,25000.0,10.36,6.5,1.55,1416441600.0
2014-11-19,234.7,235.25,224.0,225.15,229.9109738361872,355491.0,15051.0,81731282.0,87292.0,24.56,11.25,-9.55,1416355200.0
2014-11-18,234.0,236.15,231.5,233.0,233.8095149935677,210657.0,4703.0,49253611.0,31961.0,15.17,4.65,-1.0,1416268800.0
2014-11-17,236.9,236.9,231.7,232.95,233.2397297765776,219226.0,6323.0,51132213.0,65766.0,30.0,5.2,-3.95,1416182400.0
2014-11-14,235.0,238.65,233.7,237.35,236.91277725475427,265550.0,6401.0,62912188.0,79876.0,30.08,4.95,2.35,1415923200.0
2014-11-13,241.9,242.7,231.4,234.3,236.40247127917857,368635.0,9131.0,87146225.0,72924.0,19.78,11.3,-7.6,1415836800.0
2014-11-12,232.9,242.5,231.75,240.15,239.73270619241853,613153.0,12672.0,146992828.0,97597.0,15.92,10.75,7.25,1415750400.0
2014-11-11,238.85,239.7,228.9,232.9,233.1073530795987,456829.0,10668.0,106490199.0,113134.0,24.77,10.8,-5.95,1415664000.0
2014-11-10,233.05,240.5,232.05,236.05,236.74656879891967,531738.0,11296.0,125887147.0,69148.0,13.0,8.45,3.0,1415577600.0
2014-11-07,236.0,236.0,228.0,233.05,231.96212803372987,283191.0,6306.0,65689587.0,60676.0,21.43,8.0,-2.95,1415318400.0
2014-11-05,231.0,236.8,231.0,235.4,235.1444970329268,529478.0,12555.0,124503838.0,92290.0,17.43,5.8,4.4,1415145600.0
2014-11-03,221.3,231.0,219.1,229.85,226.8509017365264,782712.0,15536.0,177558923.0,226511.0,28.94,11.9,8.55,1414972800.0
2014-10-31,216.65,222.8,216.1,218.65,219.49168798781568,463546.0,11048.0,101744494.0,124616.0,26.88,6.7,2.0,1414713600.0
2014-10-30,217.0,218.6,215.0,215.9,216.32963944661344,244097.0,7175.0,52805416.0,54499.0,22.33,3.6,-1.1,1414627200.0
2014-10-29,220.15,221.9,216.15,217.0,218.50394004618323,331722.0,7281.0,72482564.0,60462.0,18.23,5.75,-3.15,1414540800.0
2014-10-28,213.55,219.8,211.3,218.75,215.77869736064264,402598.0,8548.0,86872072.0,41401.0,10.28,8.5,5.2,1414454400.0
2014-10-27,220.0,221.0,213.65,215.55,217.3274668385,273133.0,6066.0,59359303.0,56038.0,20.52,7.35,-4.45,1414368000.0
2014-10-23,221.6,221.8,219.0,219.2,219.67838096118868,64878.0,1472.0,14252294.0,23003.0,35.46,2.8,-2.4,1414022400.0
2014-10-22,219.45,223.4,217.4,220.25,220.51233251778268,387877.0,9918.0,85531662.0,62030.0,15.99,6.0,0.8,1413936000.0
2014-10-21,209.0,218.7,209.0,217.5,216.0688961517286,655697.0,14601.0,141675727.0,134019.0,20.44,9.7,8.5,1413849600.0
2014-10-20,211.05,212.75,207.25,208.55,210.20282483112425,368022.0,8431.0,77359264.0,75938.0,20.63,5.5,-2.5,1413763200.0
2014-10-17,207.95,210.0,203.25,207.0,207.4417503930765,679893.0,16946.0,141038194.0,60637.0,8.92,6.75,-0.95,1413504000.0
2014-10-16,216.7,218.8,204.45,205.75,213.346920605959,1091757.0,26291.0,232922994.0,133617.0,12.24,14.35,-10.95,1413417600.0
2014-10-14,223.0,226.7,216.0,216.95,221.10654246578608,670634.0,15924.0,148281565.0,98816.0,14.73,10.7,-6.05,1413244800.0
2014-10-13,220.1,223.35,219.15,221.6,221.42567837491143,498139.0,10044.0,110300766.0,71113.0,14.28,4.2,1.5,1413158400.0
2014-10-10,214.4,225.95,210.75,219.95,221.47092896457124,1393896.0,34636.0,308707442.0,195802.0,14.05,15.2,5.55,1412899200.0
2014-10-09,217.0,220.0,214.05,215.4,217.3579634032932,737662.0,15820.0,160336710.0,129956.0,17.62,5.95,-1.6,1412812800.0
2014-10-08,209.1,217.75,206.55,214.9,213.2228864644049,1224453.0,30145.0,261081403.0,159153.0,13.0,11.2,5.8,1412726400.0
2014-10-07,197.5,213.0,197.0,208.55,209.1082612742556,1407410.0,32058.0,294301058.0,315528.0,22.42,16.0,11.05,1412640000.0
2014-10-01,204.5,204.5,196.4,197.0,199.55610090656847,447622.0,11661.0,89325701.0,93899.0,20.98,8.1,-7.5,1412121600.0
2014-09-30,191.6,206.0,190.75,203.05,202.20140430862529,1115994.0,21145.0,225655554.0,154586.0,13.85,15.25,11.45,1412035200.0
2014-09-29,192.05,194.5,191.0,191.9,192.70950624032068,263448.0,4409.0,50768934.0,48823.0,18.53,3.5,-0.15,1411948800.0
2014-09-26,190.0,193.55,183.25,191.3,189.54088971136528,807318.0,13265.0,153019772.0,270908.0,33.56,10.3,1.3,1411689600.0
2014-09-25,191.55,195.25,186.6,190.6,191.19677195819136,554144.0,9186.0,105950544.0,87681.0,15.82,8.65,-0.95,1411603200.0
2014-09-24,193.05,194.1,185.85,191.55,189.73345062291764,454715.0,8376.0,86274646.0,72969.0,16.05,8.25,-1.5,1411516800.0
2014-09-23,201.5,202.95,192.1,193.05,196.8936745374724,474242.0,8457.0,93375250.0,111524.0,23.52,10.85,-8.45,1411430400.0
2014-09-22,205.7,205.9,200.05,201.15,203.17726501683697,476332.0,10388.0,96779833.0,119475.0,25.08,5.85,-4.55,1411344000.0
2014-09-19,206.75,210.7,204.25,206.25,207.8126394083513,708799.0,12864.0,147297391.0,125132.0,17.65,6.45,-0.5,1411084800.0
2014-09-18,202.0,207.0,201.4,205.0,204.657415484394,616750.0,13380.0,126222461.0,109849.0,17.81,5.6,3.0,1410998400.0
2014-09-17,198.5,203.65,193.35,201.3,199.6711189864477,1121363.0,20424.0,223903805.0,158587.0,14.14,10.3,2.8,1410912000.0
2014-09-16,209.75,213.95,194.4,195.6,204.67470788474893,1206202.0,23458.0,246879042.0,240348.0,19.93,19.55,-14.15,1410825600.0
2014-09-15,207.0,212.9,202.0,209.7,208.3289298296044,747965.0,15567.0,155822748.0,122120.0,16.33,10.9,2.7,1410739200.0
2014-09-12,211.5,213.35,206.1,207.1,209.4293144100185,482227.0,11884.0,100992470.0,115190.0,23.89,7.25,-4.4,1410480000.0
2014-09-11,210.9,214.25,208.8,211.2,211.81759337667955,550298.0,11975.0,116562798.0,101198.0,18.39,5.45,0.3,1410393600.0
2014-09-10,209.9,215.5,205.9,209.5,210.7124908514272,1016552.0,22046.0,214200204.0,154873.0,15.24,9.6,-0.4,1410307200.0
2014-09-09,212.0,217.7,209.15,210.85,213.6832507147463,2033239.0,31144.0,434469119.0,345514.0,16.99,8.55,-1.15,1410220800.0
2014-09-08,194.0,213.9,193.0,209.65,207.3006345164452,2689292.0,43180.0,557491938.0,236202.0,8.78,20.9,15.65,1410134400.0
2014-09-05,195.1,199.7,191.4,193.55,195.04440762852911,654910.0,11400.0,127736533.0,107956.0,16.48,8.3,-1.55,1409875200.0
2014-09-04,187.0,196.0,184.3,194.3,191.1463445524852,876418.0,13726.0,167524097.0,149838.0,17.1,11.7,7.3,1409788800.0
2014-09-03,186.25,189.3,184.25,187.65,187.23574591055737,636028.0,10730.0,119087177.0,108846.0,17.11,5.05,1.4,1409702400.0
2014-09-02,180.35,186.45,180.35,185.6,184.22788953262145,974007.0,15069.0,179439254.0,223721.0,22.97,6.1,5.25,1409616000.0
2014-09-01,166.35,180.0,166.35,179.15,175.10833220425664,1048054.0,15737.0,183522988.0,278159.0,26.54,13.65,12.8,1409529600.0
2014-08-28,167.0,169.35,164.75,165.2,166.68241363211953,214200.0,3733.0,35703373.0,60544.0,28.27,4.6,-1.8,1409184000.0
2014-08-27,167.8,168.45,165.75,166.8,166.98129593428374,146813.0,2757.0,24515025.0,40435.0,27.54,2.7,-1.0,1409097600.0
2014-08-26,166.5,168.85,162.6,166.35,166.13964253826788,248642.0,4444.0,41309293.0,45366.0,18.25,6.25,-0.15,1409011200.0
2014-08-25,168.2,170.6,166.0,166.7,168.1343814927186,418257.0,6410.0,70323382.0,77290.0,18.48,4.6,-1.5,1408924800.0
2014-08-22,173.35,173.7,167.5,168.3,169.5614724490135,330823.0,7173.0,56094835.0,81033.0,24.49,6.2,-5.05,1408665600.0
2014-08-21,170.0,174.4,170.0,172.15,172.911173458196,369259.0,6457.0,63849007.0,78478.0,21.25,4.4,2.15,1408579200.0
2014-08-20,173.0,173.75,169.4,170.15,171.13691640203191,350798.0,8331.0,60034488.0,89426.0,25.49,4.35,-2.85,1408492800.0
2014-08-19,170.6,173.4,168.0,172.55,171.4573623361705,595436.0,10138.0,102091886.0,107708.0,18.09,5.4,1.95,1408406400.0
2014-08-18,162.45,171.15,161.05,170.1,168.3466040387463,424092.0,10700.0,71394448.0,127569.0,30.08,10.1,7.65,1408320000.0
2014-08-14,164.45,165.6,160.85,162.75,163.101716638766,267616.0,8208.0,43648629.0,66574.0,24.88,4.75,-1.7,1407974400.0
2014-08-13,170.4,170.7,161.75,162.9,164.74217129429888,410253.0,8399.0,67585970.0,121596.0,29.64,8.95,-7.5,1407888000.0
2014-08-12,171.5,171.55,168.4,170.55,170.11883928321825,286168.0,4701.0,48682568.0,64498.0,22.54,3.15,-0.95,1407801600.0
2014-08-11,169.9,171.3,168.5,170.15,170.0134148509511,331871.0,6409.0,56422522.0,99426.0,29.96,2.8,0.25,1407715200.0
2014-08-08,168.0,170.5,166.0,167.45,168.0451612709796,667076.0,12453.0,112098894.0,111173.0,16.67,4.5,-0.55,1407456000.0
2014-08-07,173.0,174.45,166.5,168.65,170.25521872717613,1125466.0,28027.0,191616460.0,272570.0,24.22,7.95,-4.35,1407369600.0
2014-08-06,185.25,189.9,170.6,171.95,178.735217870128,2229195.0,38535.0,398435654.0,443954.0,19.92,19.3,-13.3,1407283200.0
2014-08-05,179.6,185.9,178.2,185.2,182.49141363515616,681371.0,11091.0,124344357.0,96956.0,14.23,7.7,5.6,1407196800.0
2014-08-04,172.1,179.0,170.35,177.3,174.713578866274,402390.0,7154.0,70302997.0,63245.0,15.72,8.65,5.2,1407110400.0
2014-08-01,173.0,173.6,166.45,168.6,170.85898186237583,357103.0,8262.0,61014255.0,68059.0,19.06,7.15,-4.4,1406851200.0
2014-07-31,172.5,176.2,170.55,174.6,173.93838740080872,263128.0,5839.0,45768060.0,43418.0,16.5,5.65,2.1,1406764800.0
2014-07-30,177.0,177.15,170.15,172.7,172.86355587160824,286872.0,8478.0,49589714.0,52609.0,18.34,7.0,-4.3,1406678400.0
2014-07-28,177.7,179.35,175.5,177.45,177.61340656669424,172781.0,4137.0,30688222.0,41717.0,24.14,3.85,-0.25,1406505600.0
2014-07-25,179.25,181.5,171.05,176.25,176.06123081888185,396614.0,7245.0,69828349.0,58551.0,14.76,10.45,-3.0,1406246400.0
2014-07-24,185.9,185.9,178.25,178.75,180.7468475795762,488117.0,10011.0,88225609.0,183241.0,37.54,7.65,-7.15,1406160000.0
2014-07-23,185.5,186.2,179.0,184.95,182.44835260827344,430438.0,8454.0,78532704.0,78264.0,18.18,7.2,-0.55,1406073600.0
2014-07-22,189.5,191.7,183.0,184.6,187.8206665992805,267117.0,4863.0,50170093.0,59835.0,22.4,8.7,-4.9,1405987200.0
2014-07-21,189.5,192.4,187.8,188.85,189.86097554195672,251819.0,4792.0,47810601.0,56190.0,22.31,4.6,-0.65,1405900800.0
2014-07-18,191.35,191.75,185.05,188.35,188.65563185582008,290082.0,5726.0,54725603.0,51449.0,17.74,6.7,-3.0,1405641600.0
2014-07-17,188.0,193.4,184.15,192.65,189.1926429333301,572837.0,10322.0,108376546.0,110440.0,19.28,9.25,4.65,1405555200.0
2014-07-16,182.0,189.0,181.25,187.5,185.02297709837248,530006.0,10337.0,98063288.0,122167.0,23.05,7.75,5.5,1405468800.0
2014-07-15,173.2,181.5,173.2,180.4,177.83837887972183,515372.0,10180.0,91652921.0,83792.0,16.26,8.3,7.2,1405382400.0
2014-07-14,171.0,173.4,164.55,172.25,169.96575801715568,389259.0,8509.0,66160701.0,49998.0,12.84,8.85,1.25,1405296000.0
2014-07-11,177.0,182.0,168.0,169.6,175.23144519759103,560906.0,12197.0,98288369.0,93967.0,16.75,14.0,-7.4,1405036800.0
2014-07-10,183.0,185.1,169.3,176.0,177.47253072418152,1071306.0,29645.0,190127387.0,179876.0,16.79,15.8,-7.0,1404950400.0
2014-07-09,197.0,199.2,178.75,182.95,186.7616735667177,651686.0,18488.0,121709968.0,132425.0,20.32,20.45,-14.05,1404864000.0
2014-07-08,211.9,213.8,195.65,198.25,205.61695768067327,333890.0,6687.0,68653446.0,68318.0,20.46,18.15,-13.65,1404777600.0
2014-07-07,212.0,214.8,210.6,211.9,212.49277061106483,318215.0,5411.0,67618387.0,73086.0,22.97,4.2,-0.1,1404691200.0
2014-07-04,212.0,213.65,208.0,211.7,211.15602643066853,285426.0,5222.0,60269420.0,70041.0,24.54,5.65,-0.3,1404432000.0
2014-07-03,206.55,213.7,206.55,211.1,211.5104498150856,255794.0,5128.0,54103104.0,70052.0,27.39,7.15,4.55,1404345600.0
2014-07-02,204.5,207.35,203.0,204.25,205.28258110490967,384502.0,7668.0,78931563.0,107729.0,28.02,4.35,-0.25,1404259200.0
2014-07-01,199.75,204.55,199.75,203.3,202.7315695873803,445907.0,8995.0,90399426.0,104507.0,23.44,4.8,3.55,1404172800.0
2014-06-30,196.5,199.75,196.5,199.0,198.4444348103549,288328.0,5629.0,57217087.0,75189.0,26.08,3.25,2.5,1404086400.0
2014-06-27,195.4,196.9,193.15,195.45,195.19672543678152,250354.0,4696.0,48868281.0,49017.0,19.58,3.75,0.05,1403827200.0
2014-06-26,200.5,201.0,194.0,194.95,196.32078565319816,381186.0,6908.0,74834735.0,130419.0,34.21,7.0,-5.55,1403740800.0
2014-06-25,200.0,203.3,199.1,199.9,201.1587287990406,350220.0,6450.0,70449810.0,70923.0,20.25,4.2,-0.1,1403654400.0
2014-06-24,199.4,203.4,195.9,199.1,200.5801964027444,1203751.0,15418.0,241448612.0,312105.0,25.93,7.5,-0.3,1403568000.0
2014-06-23,192.35,198.85,192.05,197.8,196.30783429640647,751414.0,14093.0,147508455.0,89171.0,11.87,6.8,5.45,1403481600.0
2014-06-20,193.5,195.15,187.75,192.1,191.7231888904264,520344.0,9729.0,99762011.0,85964.0,16.52,7.4,-1.4,1403222400.0
2014-06-19,197.5,200.9,191.7,193.15,196.30354783194983,480547.0,8299.0,94333081.0,99794.0,20.77,9.2,-4.35,1403136000.0
2014-06-18,201.1,207.35,195.0,196.3,201.70062442064207,874891.0,17312.0,176466061.0,166190.0,19.0,12.35,-4.8,1403049600.0
2014-06-17,198.5,201.3,193.2,199.4,197.5079216264616,569580.0,12428.0,112496562.0,61797.0,10.85,8.1,0.9,1402963200.0
2014-06-16,200.0,201.6,191.45,198.1,196.19632840777783,392037.0,6484.0,76916220.0,37539.0,9.58,10.15,-1.9,1402876800.0
2014-06-13,208.5,213.25,198.0,199.6,205.45753439254923,469215.0,8013.0,96403757.0,67958.0,14.48,15.25,-8.9,1402617600.0
2014-06-12,202.2,209.9,202.2,208.05,205.99085289874657,284899.0,5513.0,58686588.0,44093.0,15.48,7.7,5.85,1402531200.0
2014-06-11,205.0,211.9,200.1,203.15,207.52270981780944,656236.0,10691.0,136183873.0,86871.0,13.24,11.8,-1.85,1402444800.0
2014-06-10,201.8,206.65,196.2,203.1,202.3781532452628,630858.0,11037.0,127671877.0,97903.0,15.52,10.45,1.3,1402358400.0
2014-06-09,195.25,202.75,194.5,201.15,199.10066126237007,547589.0,9009.0,109025332.0,86543.0,15.8,8.25,5.9,1402272000.0
2014-06-06,187.1,195.0,187.1,194.15,192.28625889344423,688569.0,16686.0,132402357.0,161229.0,23.42,7.9,7.05,1402012800.0
2014-06-05,181.0,186.9,181.0,186.1,184.7339042919563,430037.0,6848.0,79442414.0,121539.0,28.26,5.9,5.1,1401926400.0
2014-06-04,184.6,186.0,179.6,180.2,182.32435929865667,375565.0,7791.0,68474648.0,169261.0,45.07,6.4,-4.4,1401840000.0
2014-06-03,179.7,184.95,178.65,184.3,182.0029586682317,435331.0,11301.0,79231530.0,138722.0,31.87,6.3,4.6,1401753600.0
2014-06-02,177.0,180.3,175.8,179.8,178.77046718424333,219742.0,4004.0,39283380.0,38700.0,17.61,4.5,2.8,1401667200.0
2014-05-30,177.5,182.5,175.75,176.6,179.4505442039851,402147.0,7628.0,72165498.0,91655.0,22.79,6.75,-0.9,1401408000.0
2014-05-29,174.1,181.2,174.0,178.45,178.2635717497154,418148.0,7927.0,74540556.0,76600.0,18.32,7.2,4.35,1401321600.0
2014-05-28,175.8,178.25,173.0,173.4,175.0861964959089,376303.0,9519.0,65885461.0,115176.0,30.61,5.25,-2.4,1401235200.0
2014-05-27,179.5,181.2,174.1,175.15,177.26235461939785,251667.0,7121.0,44611085.0,61489.0,24.43,7.1,-4.35,1401148800.0
2014-05-26,189.0,190.6,174.5,178.35,182.3762155265187,465539.0,8546.0,84903241.0,109932.0,23.61,16.1,-10.65,1401062400.0
2014-05-23,192.25,193.9,184.6,186.65,189.42601213094213,533182.0,10649.0,100998540.0,178273.0,33.44,9.3,-5.6,1400803200.0
2014-05-22,185.15,193.8,184.6,190.75,189.3123296390676,923774.0,19039.0,174881808.0,223527.0,24.2,9.2,5.6,1400716800.0
2014-05-21,175.05,184.1,175.05,182.85,181.40972827607948,932601.0,15124.0,169182894.0,171976.0,18.44,9.05,7.8,1400630400.0
2014-05-20,176.0,177.5,173.15,174.05,174.9690100795866,384738.0,6353.0,67317227.0,75835.0,19.71,4.35,-1.95,1400544000.0
2014-05-19,174.95,179.7,173.45,174.35,175.62394232736915,449572.0,7937.0,78955607.0,111240.0,24.74,6.25,-0.6,1400457600.0
2014-05-16,182.4,184.95,170.7,173.05,176.28197035833924,985100.0,13702.0,173655369.0,407401.0,41.36,14.25,-9.35,1400198400.0
2014-05-15,168.8,183.0,166.8,177.3,176.92854574501345,3025838.0,56069.0,535357117.0,281818.0,9.31,16.2,8.5,1400112000.0
2014-05-14,166.5,169.75,160.05,167.45,166.38085825366915,519054.0,9029.0,86360650.0,70883.0,13.66,9.7,0.95,1400025600.0
2014-05-13,174.0,177.5,165.15,166.5,170.37569252867013,526332.0,9357.0,89674179.0,109762.0,20.85,12.35,-7.5,1399939200.0
2014-05-12,168.65,180.4,168.5,172.4,175.07872875676097,744531.0,13475.0,130351541.0,148769.0,19.98,11.9,3.75,1399852800.0
2014-05-09,170.0,170.7,163.95,167.95,167.19834842528857,558134.0,8918.0,93319083.0,166905.0,29.9,6.75,-2.05,1399593600.0
2014-05-08,168.85,171.9,167.8,170.5,170.0481873300079,489361.0,8746.0,83214951.0,80576.0,16.47,4.1,1.65,1399507200.0
2014-05-07,163.2,169.5,163.2,168.35,167.72139474766809,342743.0,7018.0,57485334.0,98841.0,28.84,6.3,5.15,1399420800.0
2014-05-06,164.5,169.8,162.0,163.7,166.09706145208395,467714.0,9148.0,77685921.0,90242.0,19.29,7.8,-0.8,1399334400.0
2014-05-05,162.7,167.5,162.5,164.85,165.7024857878228,390862.0,8569.0,64766805.0,106000.0,27.12,5.0,2.15,1399248000.0
2014-05-02,158.8,164.4,157.55,162.7,161.73943863465885,387947.0,10081.0,62746330.0,88696.0,22.86,6.85,3.9,1398988800.0
2014-04-30,163.6,163.6,154.8,158.85,159.11138375628636,535087.0,7831.0,85138433.0,86678.0,16.2,8.8,-4.75,1398816000.0
2014-04-29,163.5,168.0,161.35,163.05,165.22719213280288,432581.0,6428.0,71474144.0,62857.0,14.53,6.65,-0.45,1398729600.0
2014-04-28,167.0,168.05,163.4,163.9,164.92785853687383,422725.0,6665.0,69719129.0,54423.0,12.87,4.65,-3.1,1398643200.0
2014-04-25,172.1,173.3,166.2,167.9,168.34229954282753,374257.0,6428.0,63003284.0,68949.0,18.42,7.1,-4.2,1398384000.0
2014-04-23,166.5,173.6,166.5,172.05,171.18366036736433,596574.0,9452.0,102123721.0,54729.0,9.17,7.1,5.55,1398211200.0
2014-04-22,178.0,178.2,166.05,167.4,171.08900014387467,549089.0,8948.0,93943088.0,105959.0,19.3,12.15,-10.6,1398124800.0
2014-04-21,173.75,178.9,173.75,177.3,177.06885113872465,576127.0,9264.0,102014146.0,57416.0,9.97,5.15,3.55,1398038400.0
2014-04-17,161.5,174.9,160.25,173.0,171.3510819727449,1754388.0,26850.0,300616282.0,176848.0,10.08,14.65,11.5,1397692800.0
2014-04-16,165.8,168.65,159.5,160.95,164.32384930474495,420637.0,5152.0,69120691.0,92556.0,22.0,9.15,-4.85,1397606400.0
2014-04-15,165.0,168.25,163.0,166.0,166.17435099828444,299614.0,4568.0,49788162.0,58980.0,19.69,5.25,1.0,1397520000.0
2014-04-11,164.0,167.8,162.7,165.05,165.45123514040847,259849.0,3974.0,42992338.0,42866.0,16.5,5.1,1.05,1397174400.0
2014-04-10,167.4,169.5,164.65,165.85,167.4601756645339,293514.0,3724.0,49151906.0,53763.0,18.32,4.85,-1.55,1397088000.0
2014-04-09,167.0,168.15,159.0,167.65,167.12876771015024,196074.0,3199.0,32769606.0,37317.0,9.52,9.15,0.65,1397001600.0
2014-04-07,169.5,170.5,150.9,166.2,167.3008109383327,294597.0,7006.0,49286317.0,35832.0,6.08,19.6,-3.3,1396828800.0
2014-04-04,167.75,169.25,166.2,167.25,167.72561532587457,480599.0,4306.0,80608763.0,66454.0,13.83,3.05,-0.5,1396569600.0
2014-04-03,162.7,167.75,159.9,166.75,164.42412075304443,649789.0,5895.0,106840985.0,151657.0,23.34,7.85,4.05,1396483200.0
2014-04-02,161.6,164.0,161.6,162.7,162.8342459261924,289103.0,2745.0,47075869.0,49231.0,17.03,2.4,1.1,1396396800.0
2014-04-01,160.0,163.4,157.8,161.9,161.51194911122633,646115.0,6644.0,104355293.0,81482.0,12.61,5.6,1.9,1396310400.0
2014-03-31,157.4,161.0,156.5,159.3,159.0341251341819,652100.0,5830.0,103706153.0,140893.0,21.61,4.5,1.9,1396224000.0
2014-03-28,156.0,158.5,155.1,157.15,156.95387076367518,607012.0,4375.0,95272883.0,109812.0,18.09,3.4,1.15,1395964800.0
2014-03-27,155.45,157.9,153.8,155.35,155.79390004244817,636070.0,5728.0,99095826.0,82471.0,12.97,4.1,-0.1,1395878400.0
2014-03-26,157.5,159.2,154.1,155.45,156.09225055596073,1117435.0,8501.0,174422944.0,170163.0,15.23,5.1,-2.05,1395792000.0
2014-03-25,148.0,166.2,147.5,156.8,158.49752913589,5574568.0,42057.0,883555254.0,1651772.0,29.63,18.7,8.8,1395705600.0
2014-03-24,145.45,149.0,144.6,148.1,147.10367811139392,751962.0,7694.0,110616376.0,90341.0,12.01,4.4,2.65,1395619200.0
2014-03-22,144.0,145.9,143.0,145.2,144.84451305416505,166805.0,2412.0,24160789.0,27804.0,16.67,2.9,1.2,1395446400.0
2014-03-21,137.6,143.8,137.6,143.1,141.5573882409664,987258.0,9755.0,139753664.0,153236.0,15.52,6.2,5.5,1395360000.0
2014-03-20,135.55,138.9,135.5,137.45,137.72734059950167,583985.0,4533.0,80430701.0,133726.0,22.9,3.4,1.9,1395273600.0
2014-03-19,136.75,138.2,135.4,136.0,136.76405572182423,443058.0,3396.0,60594409.0,91962.0,20.76,2.8,-0.75,1395187200.0
2014-03-18,133.15,136.7,133.15,136.05,135.30192782658457,674542.0,5285.0,91266833.0,134586.0,19.95,3.55,2.9,1395100800.0
2014-03-14,130.95,133.3,129.0,132.9,131.4139202762084,509760.0,4434.0,66989560.0,104028.0,20.41,4.3,1.95,1394755200.0
2014-03-13,129.7,134.25,129.7,131.1,132.30424902702023,716870.0,6074.0,94844947.0,182030.0,25.39,4.55,1.4,1394668800.0
2014-03-12,129.05,130.5,127.8,128.65,128.98422960055706,379128.0,3277.0,48901533.0,52456.0,13.84,2.7,-0.4,1394582400.0
2014-03-11,126.95,132.0,125.0,129.9,129.4169840011283,843747.0,6814.0,109195192.0,147508.0,17.48,7.0,2.95,1394496000.0
2014-03-10,130.4,130.65,125.85,126.95,127.74251234369444,469673.0,5921.0,59997209.0,103316.0,22.0,4.8,-3.45,1394409600.0
2014-03-07,132.2,134.2,129.3,130.4,131.84778484973953,623118.0,5371.0,82156728.0,125835.0,20.19,4.9,-1.8,1394150400.0
2014-03-06,129.9,132.95,129.4,132.1,131.61427724133063,595171.0,4580.0,78333001.0,116830.0,19.63,3.55,2.2,1394064000.0
2014-03-05,132.5,132.5,128.3,129.2,130.02521563298006,364972.0,4987.0,47455563.0,113509.0,31.1,4.2,-3.3,1393977600.0
2014-03-04,127.95,132.8,127.65,132.05,130.68219021195287,518653.0,4541.0,67778710.0,111543.0,21.51,5.15,4.1,1393891200.0
2014-03-03,132.05,132.6,126.95,127.95,129.2245917885508,493433.0,5241.0,63763678.0,148321.0,30.06,5.65,-4.1,1393804800.0
2014-02-28,129.0,133.2,128.0,131.8,129.99752045377187,1207479.0,5881.0,156969276.0,576122.0,47.71,5.2,2.8,1393545600.0
2014-02-26,128.0,130.0,128.0,128.95,129.03412215460895,532440.0,4231.0,68702928.0,100787.0,18.93,2.0,0.95,1393372800.0
2014-02-25,126.45,128.8,126.4,128.25,127.85399730313964,668926.0,4999.0,85524863.0,90424.0,13.52,2.4,1.8,1393286400.0
2014-02-24,124.0,126.5,123.5,125.7,125.45787096009148,522846.0,3640.0,65595146.0,82708.0,15.82,3.0,1.7,1393200000.0
2014-02-21,123.9,125.75,123.7,124.4,124.69924679632142,829125.0,5913.0,103391263.0,149594.0,18.04,2.05,0.5,1392940800.0
2014-02-20,118.95,124.65,118.6,123.85,122.6275562271097,1947059.0,15995.0,238763087.0,318810.0,16.37,6.05,4.9,1392854400.0
2014-02-19,117.1,119.9,117.1,119.55,118.94715787594215,470458.0,3741.0,55959642.0,104182.0,22.14,2.8,2.45,1392768000.0
2014-02-18,119.0,120.65,115.85,117.05,118.26068119480992,671203.0,5265.0,79376924.0,112235.0,16.72,4.8,-1.95,1392681600.0
2014-02-17,117.5,119.0,117.0,118.5,118.32331784011797,302498.0,2807.0,35792567.0,59301.0,19.6,2.0,1.0,1392595200.0
2014-02-14,117.3,118.3,114.45,117.4,116.75561164781809,757086.0,5496.0,88394039.0,118994.0,15.72,3.85,0.1,1392336000.0
2014-02-13,120.95,121.75,116.05,116.95,119.2454993823784,2356621.0,13977.0,281016448.0,861815.0,36.57,5.7,-4.0,1392249600.0
2014-02-12,119.0,119.35,117.0,118.4,118.09066154829613,608527.0,5352.0,71861356.0,112714.0,18.52,2.35,-0.6,1392163200.0
2014-02-11,118.5,119.65,117.5,118.6,118.67017393573948,747115.0,7559.0,88660267.0,198819.0,26.61,2.15,0.1,1392076800.0
2014-02-10,115.35,119.6,115.35,117.8,118.14191101235366,1434716.0,10477.0,169500090.0,423945.0,29.55,4.25,2.45,1391990400.0
2014-02-07,112.25,115.85,112.05,113.95,113.09021338577612,435268.0,4824.0,49224551.0,130785.0,30.05,3.8,1.7,1391731200.0
2014-02-06,113.05,114.1,111.0,112.25,113.02700047225068,815245.0,4775.0,92144697.0,136391.0,16.73,3.1,-0.8,1391644800.0
2014-02-05,113.0,113.6,110.25,112.8,112.31225649810403,653229.0,4366.0,73365623.0,175207.0,26.82,3.35,-0.2,1391558400.0
2014-02-04,111.1,113.4,109.1,112.7,111.89498934812823,702224.0,3964.0,78575347.0,353351.0,50.32,4.3,1.6,1391472000.0
2014-02-03,113.6,115.0,111.5,112.55,113.42216184612184,634541.0,7489.0,71971012.0,150917.0,23.78,3.5,-1.05,1391385600.0
2014-01-31,109.0,113.9,108.0,113.1,111.29697339254624,782262.0,6289.0,87063393.0,205323.0,26.25,5.9,4.1,1391126400.0
2014-01-30,106.35,109.5,104.5,108.3,106.9756620877713,741518.0,6418.0,79324379.0,139231.0,18.78,5.0,1.95,1391040000.0
2014-01-29,110.9,112.35,106.5,107.55,109.798005490901,733213.0,7252.0,80505325.0,139595.0,19.04,5.85,-3.35,1390953600.0
2014-01-28,104.5,111.0,104.5,110.1,108.10358112654188,1449125.0,9863.0,156655602.0,384214.0,26.51,6.5,5.6,1390867200.0
2014-01-27,107.45,111.5,101.8,103.8,107.57190960831753,1440044.0,10665.0,154908283.0,426163.0,29.59,9.7,-3.65,1390780800.0
2014-01-24,113.5,113.5,108.3,108.7,110.04371688621607,709863.0,5704.0,78115963.0,177987.0,25.07,5.2,-4.8,1390521600.0
2014-01-23,113.2,114.85,113.0,113.65,113.87232928632996,502347.0,4083.0,57203423.0,84028.0,16.73,1.85,0.45,1390435200.0
2014-01-22,115.3,118.2,113.5,114.25,115.9234987291176,837607.0,7199.0,97098334.0,128749.0,15.37,4.7,-1.05,1390348800.0
2014-01-21,116.8,117.2,114.3,115.9,115.64390444130542,436088.0,5360.0,50430919.0,160490.0,36.8,2.9,-0.9,1390262400.0
2014-01-20,114.0,117.1,112.95,116.5,115.16411458714924,559609.0,4276.0,64446875.0,105498.0,18.85,4.15,2.5,1390176000.0
2014-01-17,116.0,117.4,112.7,113.8,115.07453703016172,673370.0,5290.0,77487741.0,107191.0,15.92,4.7,-2.2,1389916800.0
2014-01-16,115.0,117.5,114.75,116.2,116.44211717904216,931088.0,7036.0,108417858.0,154897.0,16.64,2.75,1.2,1389830400.0
2014-01-15,117.9,117.9,113.55,114.35,115.50935413853588,950916.0,7210.0,109839693.0,251969.0,26.5,4.35,-3.55,1389744000.0
2014-01-14,116.85,118.7,116.0,117.2,117.42526255812112,1783129.0,13027.0,209384391.0,269125.0,15.09,2.7,0.35,1389657600.0
2014-01-13,112.25,117.7,109.1,117.0,114.54855063262436,2205100.0,18581.0,252591009.0,417772.0,18.95,8.6,4.75,1389571200.0
2014-01-10,111.7,113.25,108.6,111.85,111.56595347418131,1861676.0,11035.0,207699658.0,485548.0,26.08,4.65,0.15,1389312000.0
2014-01-09,113.0,114.95,107.1,110.65,111.59731245434688,2586077.0,25067.0,288599243.0,503074.0,19.45,7.85,-2.35,1389225600.0
2014-01-08,106.95,113.7,106.25,112.55,110.17497817923804,8034779.0,48020.0,885231601.0,3170973.0,39.47,7.45,5.6,1389139200.0
2014-01-07,107.05,111.6,105.15,106.3,108.78376908308212,5774683.0,49086.0,628191782.0,2066296.0,35.78,6.45,-0.75,1389052800.0
2014-01-06,104.5,107.8,104.5,105.95,106.23082471353868,1586078.0,20749.0,168490374.0,488429.0,30.79,3.3,1.45,1388966400.0
2014-01-03,101.5,105.65,100.0,105.0,104.16197048836868,1930222.0,10011.0,201055727.0,774473.0,40.12,5.65,3.5,1388707200.0
2014-01-02,105.2,107.2,100.8,102.55,104.37020241067262,2936110.0,20019.0,306442395.0,792944.0,27.01,6.4,-2.65,1388620800.0
2014-01-01,107.9,108.0,104.25,104.85,105.48230579193752,1405799.0,9915.0,148286920.0,227490.0,16.18,3.75,-3.05,1388534400.0
2013-12-31,111.4,113.0,102.55,107.15,106.42694105714116,5949915.0,39477.0,633231253.0,1066321.0,17.92,10.45,-4.25,1388448000.0
2013-12-30,100.6,103.9,99.7,101.3,101.89556872795468,3181231.0,20684.0,324153342.0,1211401.0,38.08,4.2,0.7,1388361600.0
2013-12-27,97.35,101.35,97.25,100.75,99.92014648471024,1922658.0,14741.0,192112269.0,321064.0,16.7,4.1,3.4,1388102400.0
2013-12-26,101.5,102.5,96.55,97.35,99.60966318652297,2224525.0,14301.0,221584186.0,645414.0,29.01,5.95,-4.15,1388016000.0
2013-12-24,93.0,101.8,93.0,100.9,99.51023723631644,4024426.0,27961.0,400471586.0,489865.0,12.17,8.8,7.9,1387843200.0
2013-12-23,92.25,95.0,91.6,93.45,93.90720015922103,1436996.0,8919.0,134944271.0,376943.0,26.23,3.4,1.2,1387756800.0
2013-12-20,88.8,93.6,86.6,92.55,91.71195060181216,2946019.0,18896.0,270185149.0,688196.0,23.36,7.0,3.75,1387497600.0
2013-12-19,90.0,91.0,88.25,88.9,89.5908241870062,1488849.0,11385.0,133387209.0,478212.0,32.12,2.75,-1.1,1387411200.0
2013-12-18,87.4,89.2,85.15,88.65,88.05570142207301,2456203.0,10530.0,216282678.0,1279953.0,52.11,4.05,1.25,1387324800.0
2013-12-17,88.7,92.2,84.5,86.7,88.80245252564198,4875790.0,31089.0,432982110.0,839706.0,17.22,7.7,-2.0,1387238400.0
2013-12-16,81.9,85.9,80.85,84.75,84.04988682647836,1293147.0,9440.0,108688859.0,216690.0,16.76,5.05,2.85,1387152000.0
2013-12-13,82.8,83.45,81.4,81.95,82.5087063428342,757264.0,5950.0,62480873.0,143592.0,18.96,2.05,-0.85,1386892800.0
2013-12-12,82.7,84.5,82.5,83.0,83.51559088668931,1231649.0,8701.0,102861894.0,258159.0,20.96,2.0,0.3,1386806400.0
2013-12-11,81.5,84.25,80.85,82.95,83.00225416331988,1678228.0,12866.0,139296707.0,310727.0,18.52,3.4,1.45,1386720000.0
2013-12-10,81.45,82.85,80.0,81.35,81.50801857006701,845662.0,6175.0,68928234.0,199661.0,23.61,2.85,-0.1,1386633600.0
2013-12-09,81.45,82.0,79.5,81.4,81.0055181805379,773987.0,5882.0,62697218.0,204327.0,26.4,2.5,-0.05,1386547200.0
2013-12-06,79.3,80.2,78.5,79.4,79.54899126769045,431730.0,3940.0,34343686.0,84117.0,19.48,1.7,0.1,1386288000.0
2013-12-05,80.0,80.25,78.25,78.75,79.08873912799723,517269.0,3096.0,40910153.0,150508.0,29.1,2.0,-1.25,1386201600.0
2013-12-04,78.05,80.6,77.5,78.35,79.09994424253277,1228535.0,9995.0,97177050.0,181985.0,14.81,3.1,0.3,1386115200.0
2013-12-03,81.25,81.6,77.85,78.45,78.77775804944451,878601.0,5575.0,69214217.0,359484.0,40.92,3.75,-2.8,1386028800.0
2013-12-02,80.95,82.7,80.75,80.95,81.53047871298114,770587.0,5224.0,62826327.0,214351.0,27.82,1.95,0.0,1385942400.0
2013-11-29,81.6,82.3,79.75,80.45,80.98409031720648,1063629.0,8327.0,86137027.0,225962.0,21.24,2.55,-1.15,1385683200.0
2013-11-28,78.8,83.1,78.35,81.05,81.13122960313223,2614372.0,19845.0,212107215.0,691988.0,26.47,4.75,2.25,1385596800.0
2013-11-27,76.5,78.45,75.1,77.55,76.89993358883186,433662.0,3400.0,33348579.0,131628.0,30.35,3.35,1.05,1385510400.0
2013-11-26,77.0,78.25,75.65,76.05,76.75677231123393,324926.0,2429.0,24940271.0,103417.0,31.83,2.6,-0.95,1385424000.0
2013-11-25,77.1,78.7,76.65,77.7,77.75029154230822,404744.0,3487.0,31468964.0,82155.0,20.3,2.05,0.6,1385337600.0
2013-11-22,75.85,78.15,75.2,76.4,76.77506366242355,631063.0,5162.0,48449902.0,114262.0,18.11,2.95,0.55,1385078400.0
2013-11-21,76.0,78.3,74.25,75.4,77.02437162083818,1164305.0,8794.0,89679861.0,205235.0,17.63,4.05,-0.6,1384992000.0
2013-11-20,79.75,80.3,76.1,76.75,78.37737498632849,1426324.0,10945.0,111791531.0,318934.0,22.36,4.2,-3.0,1384905600.0
2013-11-19,74.15,79.8,73.3,79.0,77.47005699565939,1577664.0,10193.0,122221720.0,366613.0,23.24,6.5,4.85,1384819200.0
2013-11-18,73.0,74.15,72.85,74.0,73.61319882373522,480164.0,4166.0,35346408.0,183155.0,38.14,1.3,1.0,1384732800.0
2013-11-14,70.6,72.6,70.6,72.2,72.02923646103942,421118.0,3525.0,30332808.0,135952.0,32.28,2.0,1.6,1384387200.0
2013-11-13,69.95,71.75,69.45,70.25,70.68685648791772,471145.0,4243.0,33303759.0,115727.0,24.56,2.3,0.3,1384300800.0
2013-11-12,76.65,77.5,69.05,70.15,73.06667115256914,2036008.0,14274.0,148764327.0,599627.0,29.45,8.45,-6.5,1384214400.0
2013-11-11,73.1,76.0,73.1,74.5,74.80418136157603,1685958.0,11438.0,126116708.0,401041.0,23.79,2.9,1.4,1384128000.0
2013-11-08,72.85,73.0,69.9,71.6,71.26453903952735,1180752.0,10710.0,84145747.0,492464.0,41.71,3.1,-1.25,1383868800.0
2013-11-07,73.8,75.6,72.5,73.05,74.36792319129873,416307.0,3916.0,30959887.0,95107.0,22.85,3.1,-0.75,1383782400.0
2013-11-06,74.1,76.3,73.2,73.65,74.8519399086361,984634.0,7040.0,73701765.0,263797.0,26.79,3.1,-0.45,1383696000.0
2013-11-05,72.9,75.4,70.0,74.2,73.43513232647052,1088331.0,18172.0,79921731.0,276166.0,25.38,5.4,1.3,1383609600.0
2013-11-03,74.15,74.7,72.55,72.9,73.68015955302116,277776.0,2031.0,20466580.0,137662.0,49.56,2.15,-1.25,1383436800.0
2013-11-01,68.15,74.35,68.05,73.85,71.58602350101553,2101356.0,14523.0,150427720.0,888383.0,42.28,6.3,5.7,1383264000.0
2013-10-31,68.0,68.7,67.15,68.15,67.95269773080113,235105.0,2106.0,15976019.0,105082.0,44.7,1.55,0.15,1383177600.0
2013-10-30,69.15,69.2,67.5,67.85,68.37524910399064,522874.0,3441.0,35751640.0,262756.0,50.25,1.7,-1.3,1383091200.0
2013-10-29,68.65,69.6,67.8,68.85,68.78852556987961,234260.0,2332.0,16114400.0,65944.0,28.15,1.8,0.2,1383004800.0
2013-10-28,69.45,70.2,68.5,68.85,69.30132823421056,427786.0,3229.0,29646138.0,130686.0,30.55,1.7,-0.6,1382918400.0
2013-10-25,67.95,69.7,67.95,69.2,68.96839516167763,291506.0,2505.0,20104701.0,99683.0,34.2,1.75,1.25,1382659200.0
2013-10-24,69.2,70.15,67.6,68.0,68.8301736457568,273603.0,2131.0,18832142.0,82888.0,30.29,2.55,-1.2,1382572800.0
2013-10-23,70.95,71.0,68.1,68.75,69.46378737443531,678037.0,4113.0,47099018.0,219547.0,32.38,2.9,-2.2,1382486400.0
2013-10-22,67.8,70.9,67.45,70.1,69.15612141552569,707949.0,5247.0,48959007.0,263602.0,37.23,3.45,2.3,1382400000.0
2013-10-21,67.0,68.4,63.05,67.8,67.46132477129157,469047.0,3024.0,31642532.0,176869.0,37.71,5.35,0.8,1382313600.0
2013-10-18,66.8,67.9,66.75,66.95,67.15088654229554,263834.0,2101.0,17716687.0,79730.0,30.22,1.15,0.15,1382054400.0
2013-10-17,66.35,67.85,65.6,66.9,66.93164550081725,515138.0,4145.0,34479034.0,144016.0,27.96,2.25,0.55,1381968000.0
2013-10-15,66.65,67.4,64.6,65.05,65.79224582666876,221945.0,1956.0,14602260.0,71047.0,32.01,2.8,-1.6,1381795200.0
2013-10-14,67.8,67.8,66.2,66.45,66.80279734932816,190895.0,1367.0,12752320.0,68725.0,36.0,1.6,-1.35,1381708800.0
2013-10-11,69.6,69.8,66.7,66.95,67.45013956896152,387622.0,2912.0,26145158.0,147933.0,38.16,3.1,-2.65,1381449600.0
2013-10-10,68.0,69.6,67.25,67.5,68.25363493591367,236868.0,2696.0,16167102.0,57769.0,24.39,2.35,-0.5,1381363200.0
2013-10-09,70.25,70.3,68.25,68.6,69.02865725711773,268309.0,4500.0,18521010.0,76934.0,28.67,2.05,-1.65,1381276800.0
2013-10-08,70.3,73.0,70.0,70.55,71.12418114574521,737616.0,6678.0,52462334.0,173499.0,23.52,3.0,0.25,1381190400.0
2013-10-07,66.85,71.2,66.85,69.8,69.48541540178825,795531.0,6423.0,55277802.0,143794.0,18.08,4.35,2.95,1381104000.0
2013-10-04,66.85,67.4,65.65,66.5,66.56421270117441,165528.0,1429.0,11018241.0,56460.0,34.11,1.75,-0.35,1380844800.0
2013-10-03,66.0,67.7,65.55,66.45,66.67000794572458,261776.0,2426.0,17452608.0,68762.0,26.27,2.15,0.45,1380758400.0
2013-10-01,66.0,67.0,61.0,65.35,64.33746216832132,695515.0,6977.0,44747670.0,72559.0,10.43,6.0,-0.65,1380585600.0
2013-09-30,66.5,69.0,66.05,66.55,67.24845089090716,331965.0,3743.0,22324132.0,96737.0,29.14,2.95,0.05,1380499200.0
2013-09-27,66.55,68.05,66.3,66.75,67.16497645371489,177098.0,2246.0,11894783.0,70373.0,39.74,1.75,0.2,1380240000.0
2013-09-26,68.45,68.7,67.65,67.9,68.08155793094976,122085.0,877.0,8311737.0,52253.0,42.8,1.05,-0.55,1380153600.0
2013-09-25,69.3,69.3,67.0,68.5,68.07340051396636,202737.0,1345.0,13800997.0,74810.0,36.9,2.3,-0.8,1380067200.0
2013-09-24,68.3,70.0,67.9,69.0,69.22951374420042,357569.0,4207.0,24754328.0,136279.0,38.11,2.1,0.7,1379980800.0
2013-09-23,71.05,72.2,67.85,68.3,69.56454628947061,573813.0,5331.0,39917041.0,223372.0,38.93,4.35,-2.75,1379894400.0
2013-09-20,68.5,74.5,66.2,72.6,71.08963488223928,1351427.0,10533.0,96072452.0,257955.0,19.09,8.3,4.1,1379635200.0
2013-09-19,67.0,68.6,67.0,67.85,67.96256137750308,302228.0,2790.0,20540189.0,112581.0,37.25,1.6,0.85,1379548800.0
2013-09-18,67.5,68.0,65.95,66.55,66.879583466072,251120.0,2265.0,16794801.0,62835.0,25.02,2.05,-0.95,1379462400.0
2013-09-17,66.0,67.5,64.75,66.85,66.40142036659442,374692.0,3593.0,24880081.0,73970.0,19.74,2.75,0.85,1379376000.0
2013-09-16,64.75,66.7,64.75,65.65,65.74978648047441,414482.0,3770.0,27252103.0,69584.0,16.79,1.95,0.9,1379289600.0
2013-09-13,64.0,65.25,64.0,64.75,64.62819964857292,105285.0,1403.0,6804380.0,32005.0,30.4,1.25,0.75,1379030400.0
2013-09-12,64.2,66.5,63.2,64.05,65.05975855461136,426349.0,4051.0,27738163.0,130314.0,30.57,3.3,-0.15,1378944000.0
2013-09-11,64.25,65.1,63.35,64.05,64.22504005659945,192228.0,2233.0,12345851.0,48598.0,25.28,1.75,-0.2,1378857600.0
2013-09-10,65.85,66.0,63.45,64.15,64.06667463511161,376485.0,3223.0,24120142.0,107631.0,28.59,2.55,-1.7,1378771200.0
2013-09-06,65.4,65.4,63.75,65.0,64.71126860171668,134329.0,2080.0,8692600.0,29584.0,22.02,1.65,-0.4,1378425600.0
2013-09-05,67.0,67.55,64.55,65.1,65.48501484992101,395625.0,3575.0,25907509.0,73245.0,18.51,3.0,-1.9,1378339200.0
2013-09-04,62.8,65.0,61.6,64.95,64.86099759207173,2885468.0,5517.0,187154333.0,2663692.0,92.31,3.4,2.15,1378252800.0
2013-09-03,63.5,64.2,61.9,62.3,62.6603539341138,183650.0,2834.0,11507574.0,69278.0,37.72,2.3,-1.2,1378166400.0
2013-09-02,63.0,64.15,62.85,63.6,63.33958478678181,230773.0,3050.0,14617066.0,57913.0,25.1,1.3,0.6,1378080000.0
2013-08-30,64.5,65.0,62.1,62.95,63.06390294607436,278031.0,4809.0,17533720.0,85247.0,30.66,2.9,-1.55,1377820800.0
2013-08-29,62.0,65.7,60.7,63.95,62.56263247530208,297697.0,3224.0,18624708.0,74585.0,25.05,5.0,1.95,1377734400.0
2013-08-28,59.85,62.8,59.55,62.05,61.22385366440482,307567.0,3293.0,18830437.0,104308.0,33.91,3.25,2.2,1377648000.0
2013-08-27,63.6,64.5,61.2,61.7,62.22156624467381,325045.0,4653.0,20224809.0,164145.0,50.5,3.3,-1.9,1377561600.0
2013-08-26,61.4,64.5,61.4,63.6,63.5423540192218,422333.0,9157.0,26836033.0,202821.0,48.02,3.1,2.2,1377475200.0
2013-08-23,63.7,64.0,61.25,62.05,62.171510887064194,321758.0,4380.0,20004181.0,127611.0,39.66,2.75,-1.65,1377216000.0
2013-08-22,62.9,64.1,61.5,63.2,62.895675614750246,212932.0,2447.0,13392502.0,64750.0,30.41,2.6,0.3,1377129600.0
2013-08-21,65.0,65.8,62.65,62.9,63.427015602660525,482610.0,5780.0,30610512.0,178024.0,36.89,3.15,-2.1,1377043200.0
2013-08-20,62.7,65.4,61.6,64.3,63.9511492769928,193774.0,2648.0,12392070.0,33961.0,17.53,3.8,1.6,1376956800.0
2013-08-19,64.9,64.9,62.35,63.05,63.27936530672333,251334.0,2829.0,15904256.0,94509.0,37.6,2.55,-1.85,1376870400.0
2013-08-16,64.95,68.15,64.0,65.05,66.31542797031076,648316.0,5072.0,42993353.0,102301.0,15.78,4.15,0.1,1376611200.0
2013-08-14,65.65,66.0,64.65,65.4,65.38489865651428,304953.0,3971.0,19939321.0,120760.0,39.6,1.35,-0.25,1376438400.0
2013-08-13,63.0,65.5,62.9,65.5,65.37860246806704,2809324.0,4687.0,183669677.0,2602761.0,92.65,2.6,2.5,1376352000.0
2013-08-12,61.9,65.0,61.9,62.9,63.06470801354569,270492.0,6203.0,17058499.0,110083.0,40.7,3.1,1.0,1376265600.0
2013-08-08,61.0,62.35,60.5,61.65,61.57755076673772,434438.0,8106.0,26751628.0,134005.0,30.85,1.85,0.65,1375920000.0
2013-08-07,62.6,64.3,59.6,60.3,62.1095729915824,1941765.0,14448.0,120602195.0,387066.0,19.93,4.7,-2.3,1375833600.0
2013-08-06,64.15,64.6,62.25,63.15,63.2590843409092,216609.0,4599.0,13702487.0,68652.0,31.69,2.35,-1.0,1375747200.0
2013-08-05,65.75,66.2,62.1,64.1,64.32297070081923,223624.0,2037.0,14384160.0,33940.0,15.18,4.1,-1.65,1375660800.0
2013-08-02,65.0,66.95,64.35,65.8,65.57539106095768,225796.0,3352.0,14806661.0,80852.0,35.81,2.6,0.8,1375401600.0
2013-08-01,67.8,67.8,62.85,64.9,65.06343840893012,394351.0,6251.0,25657832.0,82255.0,20.86,4.95,-2.9,1375315200.0
2013-07-31,68.4,68.85,61.65,67.05,64.34718684119821,623765.0,9893.0,40137523.0,135156.0,21.67,7.2,-1.35,1375228800.0
2013-07-30,67.95,68.8,67.15,68.0,68.03907238159921,203187.0,1476.0,13824655.0,86090.0,42.37,1.65,0.05,1375142400.0
2013-07-29,68.3,69.15,67.05,67.4,68.29790393378981,214831.0,2378.0,14672507.0,70465.0,32.8,2.1,-0.9,1375056000.0
2013-07-26,69.5,69.75,67.1,68.3,68.28724901509514,346734.0,3705.0,23677511.0,81335.0,23.46,2.65,-1.2,1374796800.0
2013-07-25,65.7,70.2,65.7,69.0,68.93140444741023,2280833.0,8243.0,157221022.0,1743742.0,76.45,4.5,3.3,1374710400.0
2013-07-24,67.0,68.75,65.1,65.95,66.9075681962428,310391.0,3114.0,20767507.0,91511.0,29.48,3.65,-1.05,1374624000.0
2013-07-23,70.5,70.6,67.0,67.95,68.67519209196007,426098.0,3250.0,29262362.0,111366.0,26.14,3.6,-2.55,1374537600.0
2013-07-22,70.65,70.65,68.8,69.7,69.59379742534637,264890.0,1991.0,18434701.0,74060.0,27.96,1.85,-0.95,1374451200.0
2013-07-19,71.5,71.8,70.0,70.55,70.71481803655344,1057630.0,9338.0,74790113.0,522271.0,49.38,1.8,-0.95,1374192000.0
2013-07-18,71.5,71.75,69.9,71.5,70.99359840784356,5733105.0,21675.0,407013754.0,4284523.0,74.73,1.85,0.0,1374105600.0
2013-07-17,68.0,71.85,67.9,71.3,70.67921602742304,1774858.0,19197.0,125445572.0,788908.0,44.45,3.95,3.3,1374019200.0
2013-07-16,65.95,68.75,65.3,68.2,67.84019827709116,1115207.0,10694.0,75655864.0,384550.0,34.48,3.45,2.25,1373932800.0
2013-07-15,66.0,67.6,65.5,67.3,66.92162061642932,666808.0,6062.0,44623872.0,198041.0,29.7,2.1,1.3,1373846400.0
2013-07-12,64.7,66.0,64.7,65.7,65.4199005611607,859825.0,9363.0,56249666.0,314295.0,36.55,1.3,1.0,1373587200.0
2013-07-11,64.1,64.85,63.5,64.1,64.30232488583576,735563.0,7777.0,47298411.0,192588.0,26.18,1.35,0.0,1373500800.0
2013-07-10,63.25,64.15,62.25,63.3,63.36403899417439,1310247.0,11314.0,83022542.0,598871.0,45.71,1.9,0.05,1373414400.0
2013-07-09,60.55,64.0,60.55,63.15,62.585405007638,1235273.0,9899.0,77310061.0,270644.0,21.91,3.45,2.6,1373328000.0
2013-07-08,60.85,61.2,59.6,60.3,60.43599527103648,580254.0,7098.0,35068228.0,181389.0,31.26,1.6,-0.55,1373241600.0
2013-07-05,61.3,61.85,60.6,61.4,61.32319867277645,749836.0,8918.0,45982342.0,326887.0,43.59,1.25,0.1,1372982400.0
2013-07-04,60.05,62.35,60.0,60.95,61.17468668482295,1340583.0,12935.0,82009745.0,325849.0,24.31,2.35,0.9,1372896000.0
2013-07-03,59.4,61.2,58.55,60.15,60.202461473752365,1321891.0,14461.0,79581092.0,386222.0,29.22,2.65,0.75,1372809600.0
2013-07-02,60.6,61.75,59.45,59.95,60.46463813848204,1567409.0,11691.0,94772818.0,339769.0,21.68,2.3,-0.65,1372723200.0
2013-07-01,57.5,61.1,56.6,60.2,59.74032187491454,2194020.0,16348.0,131071461.0,391909.0,17.86,4.5,2.7,1372636800.0
2013-06-28,57.4,57.4,55.75,56.5,56.43910695800576,1108033.0,6964.0,62536393.0,216514.0,19.54,1.65,-0.9,1372377600.0
2013-06-27,57.05,57.45,54.8,56.4,55.95251433386467,1589069.0,11337.0,88912406.0,452353.0,28.47,2.65,-0.65,1372291200.0
2013-06-26,57.0,57.8,56.05,56.55,56.851384642493976,2054357.0,11143.0,116793040.0,667040.0,32.47,1.75,-0.45,1372204800.0
2013-06-25,59.0,59.4,56.15,56.45,57.38892310660592,2156128.0,15646.0,123737864.0,464782.0,21.56,3.25,-2.55,1372118400.0
2013-06-24,57.65,59.2,56.0,58.4,57.8050274309865,1926471.0,15598.0,111359709.0,301176.0,15.63,3.2,0.75,1372032000.0
2013-06-21,61.2,62.3,54.6,57.25,58.425934302781954,3156846.0,20692.0,184441677.0,528772.0,16.75,7.7,-3.95,1371772800.0
2013-06-20,60.0,62.8,59.45,61.5,61.75391004624901,3030335.0,21666.0,187135035.0,405024.0,13.37,3.35,1.5,1371686400.0
2013-06-19,62.75,63.05,60.6,60.9,61.672612405743294,2167883.0,14498.0,133699008.0,337054.0,15.55,2.45,-1.85,1371600000.0
2013-06-18,64.25,65.9,62.1,62.6,64.504691563307,4974781.0,32424.0,320896714.0,966037.0,19.42,3.8,-1.65,1371513600.0
2013-06-17,64.75,66.45,61.45,63.95,63.47453009436939,5473067.0,38583.0,347400356.0,633729.0,11.58,5.0,-0.8,1371427200.0
2013-06-14,72.0,72.5,62.7,64.75,66.53351433650089,10666480.0,61869.0,709678400.0,1680658.0,15.76,9.8,-7.25,1371168000.0
2013-06-13,86.0,86.0,67.75,68.6,72.57015363072556,8089788.0,50290.0,587077158.0,1123305.0,13.89,18.25,-17.4,1371081600.0
2013-06-12,89.7,92.6,88.3,92.0,91.24798872990183,171782.0,1403.0,15674762.0,34220.0,19.92,4.3,2.3,1370995200.0
2013-06-11,89.0,90.8,87.6,89.3,89.06043494905471,135832.0,1236.0,12097257.0,21472.0,15.81,3.2,0.3,1370908800.0
2013-06-10,91.1,92.1,89.25,89.75,90.7052386141282,85347.0,919.0,7741420.0,17387.0,20.37,2.85,-1.35,1370822400.0
2013-06-07,93.95,94.1,90.7,90.95,92.35572414784986,139060.0,974.0,12842987.0,22677.0,16.31,3.4,-3.0,1370563200.0
2013-06-06,90.75,94.05,90.75,93.25,92.62939172549665,194912.0,1655.0,18054580.0,42311.0,21.71,3.3,2.5,1370476800.0
2013-06-05,89.65,91.65,89.3,91.25,90.8324996449592,126746.0,966.0,11512656.0,24717.0,19.5,2.35,1.6,1370390400.0
2013-06-04,89.5,90.75,89.05,89.7,89.9159091204661,76893.0,630.0,6913904.0,10995.0,14.3,1.7,0.2,1370304000.0
2013-06-03,89.6,89.9,88.05,89.0,88.89485751098984,52776.0,628.0,4691515.0,14799.0,28.04,1.85,-0.6,1370217600.0
2013-05-31,89.1,90.5,87.6,89.0,89.1131317211087,99035.0,896.0,8825319.0,40430.0,40.82,2.9,-0.1,1369958400.0
2013-05-30,91.25,92.35,89.45,90.05,91.04152854879722,150234.0,1505.0,13677533.0,24834.0,16.53,2.9,-1.2,1369872000.0
2013-05-29,89.05,90.9,88.9,90.3,89.9077592983069,80149.0,750.0,7206017.0,19965.0,24.91,2.0,1.25,1369785600.0
2013-05-28,90.45,91.5,89.2,90.2,90.35902795519118,129171.0,1235.0,11671766.0,27440.0,21.24,2.3,-0.25,1369699200.0
2013-05-27,86.5,90.65,85.25,90.25,88.95217868869699,171158.0,1910.0,15224877.0,44266.0,25.86,5.4,3.75,1369612800.0
2013-05-24,86.7,87.0,85.0,85.9,85.75192444463039,191224.0,1446.0,16397826.0,70911.0,37.08,2.0,-0.8,1369353600.0
2013-05-23,89.0,89.0,85.1,86.3,86.49544467638003,143239.0,1525.0,12389521.0,50530.0,35.28,3.9,-2.7,1369267200.0
2013-05-22,91.25,92.4,88.8,89.05,90.86854592435988,127710.0,1180.0,11604822.0,40455.0,31.68,3.6,-2.2,1369180800.0
2013-05-21,90.7,93.5,90.45,91.0,91.971046064879,302964.0,2386.0,27863916.0,96975.0,32.01,3.05,0.3,1369094400.0
2013-05-20,91.0,92.2,90.3,91.4,91.2812334455476,117038.0,959.0,10683373.0,39679.0,33.9,1.9,0.4,1369008000.0
2013-05-17,92.5,92.75,90.5,91.35,91.3520904708486,98949.0,909.0,9039198.0,27190.0,27.48,2.25,-1.15,1368748800.0
2013-05-16,91.45,93.0,91.1,91.9,92.03004788771015,196919.0,2003.0,18122465.0,40884.0,20.76,1.9,0.45,1368662400.0
2013-05-15,89.75,91.1,88.7,90.65,90.24430762944804,215376.0,1511.0,19436458.0,67752.0,31.46,2.4,0.9,1368576000.0
2013-05-14,90.5,90.6,88.0,88.5,88.94548009684902,236244.0,1686.0,21012836.0,88579.0,37.49,2.6,-2.0,1368489600.0
2013-05-13,94.25,94.95,89.7,90.05,91.17617496771295,356180.0,2671.0,32475130.0,109455.0,30.73,5.25,-4.2,1368403200.0
2013-05-11,93.4,94.7,93.1,94.25,93.96819146522152,74917.0,404.0,7039815.0,23944.0,31.96,1.6,0.85,1368230400.0
2013-05-10,95.0,96.1,93.5,94.4,95.00875402992862,429288.0,3201.0,40786118.0,68011.0,15.84,2.6,-0.6,1368144000.0
2013-05-09,99.7,99.7,94.2,94.95,95.8480459946732,468576.0,3480.0,44912094.0,118318.0,25.25,5.5,-4.75,1368057600.0
2013-05-08,100.9,101.5,97.35,98.0,98.95202343433472,278907.0,1804.0,27598412.0,64637.0,23.18,4.15,-2.9,1367971200.0
2013-05-07,99.5,101.35,98.2,100.4,99.86234792100824,251925.0,1994.0,25157822.0,71243.0,28.28,3.15,0.9,1367884800.0
2013-05-06,99.3,100.35,97.5,99.65,99.35243786212426,330515.0,2715.0,32837471.0,110133.0,33.32,2.85,0.35,1367798400.0
2013-05-03,97.15,99.65,94.45,98.9,96.79259251651864,778969.0,3835.0,75398429.0,389594.0,50.01,5.2,1.75,1367539200.0
2013-05-02,96.0,97.15,94.3,95.75,96.18526879932465,156362.0,1298.0,15039721.0,38482.0,24.61,2.85,-0.25,1367452800.0
2013-04-30,96.0,97.7,93.3,96.65,96.10539143186864,480058.0,4146.0,46136162.0,103967.0,21.66,4.4,0.65,1367280000.0
2013-04-29,91.15,95.45,91.15,95.15,94.19608798048937,262831.0,2420.0,24757652.0,97882.0,37.24,4.3,4.0,1367193600.0
2013-04-26,92.65,92.65,90.2,91.0,91.13859796011567,131380.0,1700.0,11973789.0,47699.0,36.31,2.45,-1.65,1366934400.0
2013-04-25,92.2,93.15,91.6,92.15,92.33413701282984,103275.0,1070.0,9535808.0,49318.0,47.75,1.55,-0.05,1366848000.0
2013-04-23,93.05,94.2,90.55,92.2,92.11408082844576,218240.0,2133.0,20102977.0,57201.0,26.21,3.65,-0.85,1366675200.0
2013-04-22,89.9,94.25,89.9,93.7,92.42499606064732,374427.0,3486.0,34606414.0,148802.0,39.74,4.35,3.8,1366588800.0
2013-04-18,86.6,90.4,85.8,89.8,88.83093686910986,226862.0,2215.0,20152364.0,69512.0,30.64,4.6,3.2,1366243200.0
2013-04-17,86.45,87.15,85.25,86.0,86.22117729420687,85705.0,1011.0,7389586.0,12096.0,14.11,1.9,-0.45,1366156800.0
2013-04-16,84.25,86.3,84.15,85.95,85.12864325436125,131270.0,1178.0,11174837.0,41982.0,31.98,2.15,1.7,1366070400.0
2013-04-15,83.95,85.25,83.2,83.75,84.4487346398063,87564.0,1045.0,7394669.0,26832.0,30.64,2.05,-0.2,1365984000.0
2013-04-12,83.45,84.1,83.1,83.35,83.45003785497055,77929.0,419.0,6503178.0,44737.0,57.41,1.0,-0.1,1365724800.0
2013-04-11,84.35,84.45,82.95,83.4,83.4242593459002,66259.0,516.0,5527608.0,12664.0,19.11,1.5,-0.95,1365638400.0
2013-04-10,84.0,84.2,81.8,83.65,83.04113061571374,68246.0,930.0,5667225.0,17326.0,25.39,2.4,-0.35,1365552000.0
2013-04-09,83.2,84.25,82.8,83.05,83.30356789909021,166961.0,880.0,13908447.0,66190.0,39.64,1.45,-0.15,1365465600.0
2013-04-08,84.4,84.4,82.7,83.15,83.25630387931034,37120.0,413.0,3090474.0,6851.0,18.46,1.7,-1.25,1365379200.0
2013-04-05,82.55,83.95,81.9,83.7,82.90340480274442,116600.0,1031.0,9666537.0,37486.0,32.15,2.05,1.15,1365120000.0
2013-04-04,83.0,84.1,82.75,83.25,83.37055266277517,66641.0,482.0,5555897.0,8590.0,12.89,1.35,0.25,1365033600.0
2013-04-03,86.1,86.2,83.25,83.85,85.0856549728912,90561.0,815.0,7705442.0,23123.0,25.53,2.95,-2.25,1364947200.0
2013-04-02,86.0,86.4,84.8,85.85,85.54373950404572,45851.0,685.0,3922266.0,7902.0,17.23,1.6,-0.15,1364860800.0
2013-04-01,83.55,86.25,82.95,85.8,84.7666810735161,97176.0,1075.0,8237287.0,17590.0,18.1,3.3,2.25,1364774400.0
2013-03-28,81.05,84.6,80.0,83.4,83.10208436912757,474676.0,2136.0,39446565.0,294932.0,62.13,4.6,2.35,1364428800.0
2013-03-26,82.6,83.0,80.6,80.95,81.41419338574015,87266.0,949.0,7104691.0,16721.0,19.16,2.4,-1.65,1364256000.0
2013-03-25,82.75,83.5,81.55,82.6,82.6016005695278,162942.0,1266.0,13459270.0,27696.0,17.0,1.95,-0.15,1364169600.0
2013-03-22,82.85,83.25,79.1,82.3,81.26964949176306,285300.0,2198.0,23186231.0,80927.0,28.37,4.15,-0.55,1363910400.0
2013-03-21,83.95,84.8,81.4,82.8,83.12709011816344,256086.0,2035.0,21287684.0,28477.0,11.12,3.4,-1.15,1363824000.0
2013-03-20,84.8,84.9,82.8,83.5,83.70399134534195,113696.0,1117.0,9516809.0,26057.0,22.92,2.1,-1.3,1363737600.0
2013-03-19,85.0,86.0,83.8,84.65,84.65992350340375,113992.0,1142.0,9650554.0,24356.0,21.37,2.2,-0.35,1363651200.0
2013-03-18,85.55,85.55,84.1,84.4,84.61711808014537,149678.0,1168.0,12665321.0,50337.0,33.63,1.45,-1.15,1363564800.0
2013-03-15,88.0,88.55,85.75,87.0,86.98897710496561,2025330.0,1119.0,176181385.0,1903623.0,93.99,2.8,-1.0,1363305600.0
2013-03-14,85.95,88.0,85.2,87.8,86.74647909511955,126956.0,1214.0,11012986.0,25198.0,19.85,2.8,1.85,1363219200.0
2013-03-13,86.7,87.35,85.05,85.7,86.06574399899459,190968.0,1324.0,16435803.0,41305.0,21.63,2.3,-1.0,1363132800.0
2013-03-12,89.0,90.25,86.1,86.7,87.56581219006638,190565.0,1683.0,16686979.0,42130.0,22.11,4.15,-2.3,1363046400.0
2013-03-11,91.15,92.0,88.7,88.9,89.4064718926187,169564.0,1157.0,15160119.0,55015.0,32.44,3.3,-2.25,1362960000.0
2013-03-08,93.0,93.4,90.5,91.15,92.13580004638467,224212.0,1994.0,20657952.0,53254.0,23.75,2.9,-1.85,1362700800.0
2013-03-07,89.05,93.0,87.8,92.05,90.72057423330996,270970.0,2274.0,24582554.0,145741.0,53.78,5.2,3.0,1362614400.0
2013-03-06,88.9,89.75,88.6,89.0,88.98590489566612,119616.0,1230.0,10644138.0,54562.0,45.61,1.15,0.1,1362528000.0
2013-03-05,85.25,88.4,85.25,88.15,87.13833424093907,132216.0,1308.0,11521082.0,61068.0,46.19,3.15,2.9,1362441600.0
2013-03-04,85.5,85.95,83.65,85.1,84.81423552392718,144877.0,847.0,12287632.0,55221.0,38.12,2.3,-0.4,1362355200.0
2013-03-01,83.05,85.9,82.85,85.45,84.45155345100123,144871.0,1733.0,12234581.0,50704.0,35.0,3.05,2.4,1362096000.0
2013-02-28,86.55,87.2,82.0,82.95,85.37765938216518,525545.0,2381.0,44869802.0,380567.0,72.41,5.2,-3.6,1362009600.0
2013-02-27,85.0,86.65,83.7,86.2,85.26864816554759,130911.0,1232.0,11162604.0,29250.0,22.34,2.95,1.2,1361923200.0
2013-02-26,89.45,89.45,84.55,84.9,86.66681459319013,139709.0,1621.0,12108134.0,50922.0,36.45,4.9,-4.55,1361836800.0
2013-02-25,89.0,90.35,85.2,88.75,88.35748144708957,267074.0,1863.0,23597986.0,64838.0,24.28,5.15,-0.25,1361750400.0
2013-02-22,86.1,90.0,86.1,89.05,88.52096870287278,214844.0,1558.0,19018199.0,74646.0,34.74,3.9,2.95,1361491200.0
2013-02-21,88.2,88.9,86.5,86.7,87.34134494387678,79468.0,686.0,6940842.0,30427.0,38.29,2.4,-1.5,1361404800.0
2013-02-20,88.5,89.35,88.35,89.05,88.90635835219098,157761.0,1399.0,14025956.0,53322.0,33.8,1.0,0.55,1361318400.0
2013-02-19,87.25,88.4,86.35,88.2,87.69109024081428,162698.0,1284.0,14267165.0,36058.0,22.16,2.05,0.95,1361232000.0
2013-02-18,86.25,87.35,86.1,87.05,86.93342691127505,153170.0,1176.0,13315593.0,61984.0,40.47,1.25,0.8,1361145600.0
2013-02-15,85.5,86.15,85.1,85.9,85.71959722486547,173397.0,1448.0,14863521.0,65158.0,37.58,1.05,0.4,1360886400.0
2013-02-14,84.3,85.75,83.1,84.9,84.57855675049808,191734.0,1370.0,16216585.0,88528.0,46.17,2.65,0.6,1360800000.0
2013-02-13,85.35,85.8,83.75,84.25,84.9402656904729,86868.0,1112.0,7378591.0,31799.0,36.61,2.05,-1.1,1360713600.0
2013-02-12,84.95,85.95,83.3,85.1,84.62618181447107,195991.0,1766.0,16585970.0,55450.0,28.29,2.65,0.15,1360627200.0
2013-02-11,86.25,86.65,84.8,85.3,85.52967215842902,150225.0,1510.0,12848695.0,51611.0,34.36,1.85,-0.95,1360540800.0
2013-02-08,85.3,86.75,85.0,86.35,86.19195692937097,211188.0,1702.0,18202707.0,82438.0,39.04,1.75,1.05,1360281600.0
2013-02-07,85.25,86.15,84.4,85.3,85.3054260004964,269941.0,2397.0,23027432.0,56216.0,20.83,1.75,0.05,1360195200.0
2013-02-06,85.5,87.5,84.2,84.85,85.9549476119138,1098055.0,8624.0,94383260.0,141771.0,12.91,3.3,-0.65,1360108800.0
2013-02-05,86.0,86.75,84.35,85.15,85.41433838354745,208308.0,1783.0,17792490.0,55512.0,26.65,2.4,-0.85,1360022400.0
2013-02-04,86.8,87.45,86.0,86.55,86.6374007434543,148227.0,1113.0,12842002.0,51518.0,34.76,1.45,-0.25,1359936000.0
2013-02-01,86.3,87.65,85.55,87.0,86.71060114940244,150861.0,1435.0,13081248.0,51977.0,34.45,2.1,0.7,1359676800.0
2013-01-31,86.0,87.25,85.7,86.3,86.5866561269629,131566.0,1319.0,11391860.0,45201.0,34.36,1.55,0.3,1359590400.0
2013-01-30,85.5,86.3,84.75,85.9,85.80657950336804,160924.0,1434.0,13808338.0,85343.0,53.03,1.55,0.4,1359504000.0
2013-01-29,84.7,86.0,83.7,85.0,85.08834827144686,143704.0,1343.0,12227536.0,44628.0,31.06,2.3,0.3,1359417600.0
2013-01-28,84.7,85.5,83.5,84.05,84.30619537133747,72764.0,616.0,6134456.0,17166.0,23.59,2.0,-0.65,1359331200.0
2013-01-25,82.45,84.6,81.25,84.05,83.21629486517945,166666.0,1522.0,13869327.0,45314.0,27.19,3.35,1.6,1359072000.0
2013-01-24,85.5,85.55,81.8,82.3,83.43655757222342,205785.0,1901.0,17169992.0,63596.0,30.9,3.75,-3.2,1358985600.0
2013-01-23,85.0,86.65,84.4,85.3,85.13778393060018,132911.0,1483.0,11315748.0,45741.0,34.41,2.25,0.3,1358899200.0
2013-01-22,87.45,88.0,85.5,85.85,86.48333536974435,147318.0,1401.0,12740552.0,34495.0,23.42,2.5,-1.6,1358812800.0
2013-01-21,88.0,88.6,86.7,86.85,87.45635431836003,142832.0,1052.0,12491566.0,59705.0,41.8,1.9,-1.15,1358726400.0
2013-01-18,88.4,88.95,87.6,87.7,88.17003406952897,117994.0,753.0,10403535.0,31705.0,26.87,1.35,-0.7,1358467200.0
2013-01-17,88.75,89.55,87.95,88.4,88.63207154525685,192214.0,1490.0,17036325.0,56239.0,29.26,1.6,-0.35,1358380800.0
2013-01-16,90.05,90.3,87.65,88.4,88.61425026223552,195435.0,1514.0,17318326.0,59393.0,30.39,2.65,-1.65,1358294400.0
2013-01-15,89.6,90.75,89.15,90.05,90.019090248288,339807.0,2053.0,30589117.0,103826.0,30.55,1.6,0.45,1358208000.0
2013-01-14,88.5,89.45,87.2,89.2,88.26809564929667,247822.0,2118.0,21874776.0,72305.0,29.18,2.25,0.7,1358121600.0
2013-01-11,88.9,89.05,86.8,87.1,87.72711491125794,192975.0,1467.0,16929140.0,62021.0,32.14,2.25,-1.8,1357862400.0
2013-01-10,90.0,90.0,87.9,88.5,88.65053106453801,228315.0,1614.0,20240246.0,46703.0,20.46,2.1,-1.5,1357776000.0
2013-01-09,89.5,90.9,88.65,89.1,90.02819426900382,462328.0,2880.0,41622555.0,110716.0,23.95,2.25,-0.4,1357689600.0
2013-01-08,88.1,89.7,87.8,89.35,88.86927224301445,231657.0,1680.0,20587189.0,48610.0,20.98,1.9,1.25,1357603200.0
2013-01-07,90.45,90.45,88.05,88.25,88.76878158266814,157721.0,1152.0,14000701.0,63507.0,40.27,2.4,-2.2,1357516800.0
2013-01-04,90.5,90.5,88.4,89.55,89.34792601510343,246699.0,1374.0,22042044.0,95100.0,38.55,2.1,-0.95,1357257600.0
2013-01-03,90.5,91.35,89.65,90.2,90.47771063699932,347363.0,2043.0,31428609.0,111121.0,31.99,1.7,-0.3,1357171200.0
2013-01-02,90.0,91.4,89.7,90.3,90.58346436360196,391131.0,3135.0,35430001.0,131261.0,33.56,1.7,0.3,1357084800.0
2013-01-01,89.0,89.9,87.0,89.4,89.38975286655166,213933.0,1507.0,19123418.0,61625.0,28.81,2.9,0.4,1356998400.0
2012-12-31,87.25,89.1,86.95,88.9,88.14410685294077,366485.0,2699.0,32303493.0,126090.0,34.41,2.15,1.65,1356912000.0
2012-12-28,86.0,86.9,84.5,86.4,85.65556402308005,174523.0,1405.0,14948866.0,46517.0,26.65,2.4,0.4,1356652800.0
2012-12-27,86.8,87.45,84.55,85.3,86.1712418679176,207204.0,1497.0,17855026.0,70026.0,33.8,2.9,-1.5,1356566400.0
2012-12-26,86.75,87.8,86.15,86.55,87.01819259698395,188923.0,1223.0,16439738.0,94213.0,49.87,1.65,-0.2,1356480000.0
2012-12-24,87.5,87.75,86.2,86.65,86.8263075141561,188258.0,1195.0,16345747.0,65230.0,34.65,1.55,-0.85,1356307200.0
2012-12-21,87.95,88.6,86.65,87.0,87.54320180503491,281435.0,1744.0,24637721.0,85391.0,30.34,1.95,-0.95,1356048000.0
2012-12-20,89.0,89.8,87.25,87.95,88.23777967214002,295614.0,1947.0,26084323.0,47239.0,15.98,2.55,-1.05,1355961600.0
2012-12-19,88.95,89.4,88.3,88.55,88.84733191891458,392623.0,2481.0,34883506.0,123312.0,31.41,1.1,-0.4,1355875200.0
2012-12-18,87.1,88.35,86.55,88.1,87.81938248683842,393190.0,2746.0,34529703.0,163326.0,41.54,1.8,1.0,1355788800.0
2012-12-17,87.2,87.8,86.1,86.9,86.93355895479547,215996.0,1352.0,18777301.0,79569.0,36.84,1.7,-0.3,1355702400.0
2012-12-14,86.7,87.3,86.0,86.6,86.58590466535725,236745.0,1927.0,20498780.0,77633.0,32.79,1.3,-0.1,1355443200.0
2012-12-13,86.5,87.85,85.4,85.95,86.85644274352504,521548.0,3212.0,45299804.0,131956.0,25.3,2.45,-0.55,1355356800.0
2012-12-12,85.35,87.1,85.1,86.2,86.25997049261663,382955.0,2475.0,33033687.0,107418.0,28.05,2.0,0.85,1355270400.0
2012-12-11,86.7,87.0,84.25,85.0,85.31947610095331,240428.0,1692.0,20513191.0,64652.0,26.89,2.75,-1.7,1355184000.0
2012-12-10,86.15,87.2,85.65,86.25,86.47161430311868,224902.0,1401.0,19447639.0,72007.0,32.02,1.55,0.1,1355097600.0
2012-12-07,88.5,88.5,85.5,86.25,86.93564404034326,405619.0,2992.0,35262749.0,117100.0,28.87,3.0,-2.25,1354838400.0
2012-12-06,87.0,88.55,86.2,87.75,87.78751766338229,781985.0,4913.0,68648522.0,202671.0,25.92,2.35,0.75,1354752000.0
2012-12-05,85.25,87.0,85.0,86.45,86.36846185208141,546963.0,3635.0,47240353.0,176482.0,32.27,2.0,1.2,1354665600.0
2012-12-04,84.1,84.95,83.9,84.65,84.45549897283064,207366.0,1335.0,17513199.0,54333.0,26.2,1.05,0.55,1354579200.0
2012-12-03,84.8,85.2,83.75,84.0,84.34503511766057,243752.0,1481.0,20559271.0,93833.0,38.5,1.45,-0.8,1354492800.0
2012-11-30,84.15,84.9,83.45,84.45,84.1909205462657,381719.0,2117.0,32137274.0,125810.0,32.96,1.45,0.3,1354233600.0
2012-11-29,84.5,84.5,83.2,83.6,83.82550029093106,271542.0,1721.0,22762144.0,100383.0,36.97,1.3,-0.9,1354147200.0
2012-11-27,84.0,84.55,83.3,83.5,83.89747665490765,240950.0,1643.0,20215097.0,84202.0,34.95,1.25,-0.5,1353974400.0
2012-11-26,82.5,83.75,82.25,83.5,83.20178014965198,267955.0,1778.0,22294333.0,91298.0,34.07,1.5,1.0,1353888000.0
2012-11-23,83.5,83.9,81.6,82.1,82.849030445537,327470.0,2386.0,27130572.0,92325.0,28.19,2.3,-1.4,1353628800.0
2012-11-22,81.0,83.95,81.0,83.15,83.08181137946963,1110579.0,5346.0,92268915.0,442215.0,39.82,2.95,2.15,1353542400.0
2012-11-21,79.0,81.15,78.1,80.85,80.15828321337908,549515.0,3000.0,44048179.0,157670.0,28.69,3.05,1.85,1353456000.0
2012-11-20,82.8,82.8,78.25,78.85,79.62614673562416,472755.0,2506.0,37643659.0,150485.0,31.83,4.55,-3.95,1353369600.0
2012-11-19,80.35,80.9,79.75,80.15,80.4134587453377,344252.0,2069.0,27682494.0,86802.0,25.21,1.15,-0.2,1353283200.0
2012-11-16,81.7,82.35,79.35,80.25,81.34809343182272,500900.0,2798.0,40747260.0,176802.0,35.3,3.0,-1.45,1353024000.0
2012-11-15,80.0,81.75,80.0,81.45,80.9958131066153,335571.0,2105.0,27179846.0,111308.0,33.17,1.75,1.45,1352937600.0
2012-11-13,82.3,82.3,81.15,81.55,81.73046431261882,167258.0,906.0,13670074.0,97068.0,58.03,1.15,-0.75,1352764800.0
2012-11-12,80.1,82.15,80.1,81.75,80.89112009711931,2499194.0,3738.0,202162602.0,157603.0,6.31,2.05,1.65,1352678400.0
2012-11-09,82.6,83.1,79.75,80.05,81.30378973500719,772587.0,4810.0,62814251.0,370454.0,47.95,3.35,-2.55,1352419200.0
2012-11-08,83.35,83.45,82.1,82.45,82.79578595018334,625574.0,4297.0,51794891.0,289311.0,46.25,1.35,-0.9,1352332800.0
2012-11-07,85.1,85.75,83.85,84.2,84.9346403923972,500921.0,3005.0,42545545.0,168647.0,33.67,1.9,-0.9,1352246400.0
2012-11-06,84.7,85.45,84.0,84.85,84.67333387095405,471212.0,2912.0,39899091.0,138110.0,29.31,1.45,0.15,1352160000.0
2012-11-05,86.0,86.45,84.2,84.7,85.18004480637049,721326.0,4672.0,61442581.0,200502.0,27.8,2.25,-1.3,1352073600.0
2012-11-02,89.6,90.5,86.1,86.45,88.56657529463116,3722875.0,20400.0,329722289.0,668873.0,17.97,4.4,-3.15,1351814400.0
2012-11-01,86.4,88.95,85.55,88.55,87.54502889521953,896169.0,5123.0,78455141.0,229501.0,25.61,3.4,2.15,1351728000.0
2012-10-31,88.0,88.4,85.25,85.75,86.59878262316734,1129642.0,4440.0,97825622.0,529177.0,46.84,3.15,-2.25,1351641600.0
2012-10-30,85.5,87.5,82.1,87.0,86.27011466494073,1759823.0,6240.0,151820132.0,757798.0,43.06,5.4,1.5,1351555200.0
2012-10-29,85.0,85.7,84.5,85.1,85.12624823015628,267679.0,1738.0,22786509.0,91209.0,34.07,1.2,0.1,1351468800.0
2012-10-26,84.5,85.85,84.0,84.6,84.91563052875568,284309.0,1956.0,24142278.0,81172.0,28.55,1.85,0.1,1351209600.0
2012-10-25,87.25,87.6,85.75,86.0,86.6701064447286,458266.0,2727.0,39717963.0,166667.0,36.37,1.85,-1.25,1351123200.0
2012-10-23,87.15,87.8,86.3,86.6,87.05854557984722,545592.0,3340.0,47498446.0,144496.0,26.48,1.5,-0.55,1350950400.0
2012-10-22,84.6,86.65,84.4,86.05,86.03519117698222,517374.0,3261.0,44512371.0,201304.0,38.91,2.25,1.45,1350864000.0
2012-10-19,86.0,86.5,84.25,84.55,85.30013331405901,435813.0,3647.0,37174907.0,205445.0,47.14,2.25,-1.45,1350604800.0
2012-10-18,85.8,86.75,85.3,85.9,86.12428739778308,334338.0,2135.0,28794622.0,124257.0,37.17,1.45,0.1,1350518400.0
2012-10-17,85.7,86.65,84.55,85.2,85.40912976199247,271420.0,2129.0,23181746.0,72490.0,26.71,2.1,-0.5,1350432000.0
2012-10-16,86.5,87.25,84.4,84.9,86.04327109626249,304106.0,2160.0,26166275.0,81463.0,26.79,2.85,-1.6,1350345600.0
2012-10-15,88.0,88.0,85.6,86.2,86.65428597566553,404447.0,3201.0,35047066.0,114344.0,28.27,2.4,-1.8,1350259200.0
2012-10-12,88.8,89.5,86.9,87.35,88.36548867635649,828841.0,5500.0,73240940.0,292076.0,35.24,2.6,-1.45,1350000000.0
2012-10-11,86.3,88.55,85.85,88.0,87.63793498150912,650861.0,4295.0,57040114.0,199577.0,30.66,2.7,1.7,1349913600.0
2012-10-10,85.5,86.95,84.2,86.15,85.87930785096295,746660.0,4920.0,64122644.0,151671.0,20.31,2.75,0.65,1349827200.0
2012-10-09,86.5,87.25,85.45,85.9,86.06581735437773,689970.0,4692.0,59382832.0,189574.0,27.48,1.8,-0.6,1349740800.0
2012-10-08,89.5,90.05,86.2,86.4,87.4925983625121,728555.0,6476.0,63743170.0,311301.0,42.73,3.85,-3.1,1349654400.0
2012-10-05,90.5,91.45,88.5,89.7,90.1679774323948,481398.0,3376.0,43406684.0,148357.0,30.82,2.95,-0.8,1349395200.0
2012-10-04,93.5,93.7,89.9,90.2,91.3900808513936,387130.0,3303.0,35379842.0,195477.0,50.49,3.8,-3.3,1349308800.0
2012-10-03,92.55,93.45,91.25,92.95,92.70483021738112,491717.0,3353.0,45584541.0,77539.0,15.77,2.2,0.4,1349222400.0
2012-10-01,93.45,94.8,91.85,92.15,93.32579883455573,934236.0,6431.0,87188321.0,281690.0,30.15,2.95,-1.3,1349049600.0
2012-09-28,91.8,92.95,91.15,92.45,92.27902719524472,371462.0,3054.0,34278152.0,105775.0,28.48,1.8,0.65,1348790400.0
2012-09-27,90.05,91.8,89.0,90.4,90.53230346877268,573344.0,4085.0,51906153.0,147024.0,25.64,2.8,0.35,1348704000.0
2012-09-26,93.05,94.25,89.2,89.9,92.67038055186391,1977444.0,6239.0,183250488.0,1384166.0,70.0,5.05,-3.15,1348617600.0
2012-09-25,91.9,93.4,88.85,92.25,90.81226144786322,1420811.0,6390.0,129027060.0,729040.0,51.31,4.55,0.35,1348531200.0
2012-09-24,96.95,98.1,92.4,92.95,94.595122131567,513913.0,4681.0,48613663.0,198197.0,38.57,5.7,-4.0,1348444800.0
2012-09-21,96.4,98.5,95.05,97.2,97.13361828695037,480780.0,5170.0,46699901.0,114492.0,23.81,3.45,0.8,1348185600.0
2012-09-20,99.0,100.0,95.55,95.85,96.96705433323746,333792.0,2500.0,32366827.0,115477.0,34.6,4.45,-3.15,1348099200.0
2012-09-18,100.15,102.15,99.05,99.55,100.11302265610608,352885.0,2768.0,35328384.0,66462.0,18.83,3.1,-0.6,1347926400.0
2012-09-17,101.15,102.0,98.4,99.95,100.46992075585122,575563.0,2770.0,57826769.0,330308.0,57.39,3.6,-1.2,1347840000.0
2012-09-14,101.9,102.45,99.1,99.8,100.74488329380716,280405.0,2747.0,28249369.0,70655.0,25.2,3.35,-2.1,1347580800.0
2012-09-13,100.95,102.45,98.85,99.8,100.78638046907145,904084.0,6465.0,91119354.0,127429.0,14.09,3.6,-1.15,1347494400.0
2012-09-12,94.1,100.0,94.1,99.5,98.25778227390808,1244527.0,8256.0,122284463.0,170643.0,13.71,5.9,5.4,1347408000.0
2012-09-11,93.25,93.9,91.85,93.55,93.02027808209094,230939.0,1671.0,21482010.0,22955.0,9.94,2.05,0.3,1347321600.0
2012-09-10,95.0,95.9,92.6,93.55,94.30250838566756,382796.0,3279.0,36098623.0,100074.0,26.14,3.3,-1.45,1347235200.0
2012-09-08,93.65,94.95,93.65,94.5,94.36594648798942,43878.0,334.0,4140589.0,14472.0,32.98,1.3,0.85,1347062400.0
2012-09-07,92.7,95.0,92.5,93.5,93.6186859698702,466382.0,4054.0,43662070.0,169773.0,36.4,2.5,0.8,1346976000.0
2012-09-06,92.05,93.0,91.05,91.5,91.95983239134672,153930.0,1205.0,14155377.0,23997.0,15.59,1.95,-0.55,1346889600.0
2012-09-05,92.0,93.9,91.3,92.05,92.48836536878956,224803.0,2525.0,20791662.0,55930.0,24.88,2.6,0.05,1346803200.0
2012-09-04,93.5,93.5,91.6,92.05,92.18576805604836,287466.0,3309.0,26500274.0,96173.0,33.46,1.9,-1.45,1346716800.0
2012-09-03,95.0,95.4,91.2,91.6,92.99684894485652,260865.0,2464.0,24259623.0,45014.0,17.26,4.2,-3.4,1346630400.0
2012-08-31,94.5,95.2,93.05,94.05,94.07596994628923,263262.0,2190.0,24766628.0,30538.0,11.6,2.15,-0.45,1346371200.0
2012-08-30,89.9,95.45,88.25,94.8,91.9215938615985,452235.0,3907.0,41570162.0,51211.0,11.32,7.2,4.9,1346284800.0
2012-08-29,93.75,94.15,90.1,90.5,91.669862187482,329941.0,2659.0,30245646.0,69375.0,21.03,4.05,-3.25,1346198400.0
2012-08-28,95.55,96.2,91.0,93.9,93.99367425820265,412916.0,3399.0,38811492.0,42036.0,10.18,5.2,-1.65,1346112000.0
2012-08-27,94.75,98.2,94.4,95.35,96.6288036256956,608104.0,4767.0,58760362.0,94544.0,15.55,3.8,0.6,1346025600.0
2012-08-24,94.0,95.9,88.0,95.2,94.95787332033338,413847.0,3658.0,39298031.0,120983.0,29.23,7.9,1.2,1345766400.0
2012-08-23,94.0,95.7,93.5,94.75,94.52850589976792,492477.0,3601.0,46553115.0,66724.0,13.55,2.2,0.75,1345680000.0
2012-08-22,95.0,96.45,93.55,93.9,95.00372669218144,547134.0,4111.0,51979769.0,114893.0,21.0,2.9,-1.1,1345593600.0
2012-08-21,92.9,95.4,90.0,95.1,93.61100673176568,830837.0,6272.0,77775488.0,144087.0,17.34,5.4,2.2,1345507200.0
2012-08-17,89.5,91.9,89.15,91.25,90.68362420353937,654301.0,4320.0,59334386.0,172267.0,26.33,2.75,1.75,1345161600.0
2012-08-16,87.5,91.0,87.15,89.1,89.48371343032183,584193.0,4113.0,52275759.0,156414.0,26.77,3.85,1.6,1345075200.0
2012-08-14,86.15,88.4,85.1,87.65,86.78674138985123,245350.0,1655.0,21293127.0,55098.0,22.46,3.3,1.5,1344902400.0
2012-08-13,86.4,87.2,84.7,87.0,86.26795507269135,337523.0,2175.0,29117419.0,78040.0,23.12,2.5,0.6,1344816000.0
2012-08-10,84.3,86.45,83.7,85.8,85.23177468050291,666751.0,4523.0,56828371.0,110222.0,16.53,2.75,1.5,1344556800.0
2012-08-09,80.6,84.25,80.25,83.6,82.32602418069881,1729065.0,12034.0,142347047.0,186873.0,10.81,4.0,3.0,1344470400.0
2012-08-08,81.25,81.5,79.05,79.45,80.18193515277038,272795.0,1479.0,21873231.0,106313.0,38.97,2.45,-1.8,1344384000.0
2012-08-07,79.5,81.3,79.4,80.55,80.60517911015562,339093.0,2320.0,27332652.0,100345.0,29.59,1.9,1.05,1344297600.0
2012-08-06,80.0,80.0,79.0,79.35,79.50798747479037,188420.0,1350.0,14980895.0,40586.0,21.54,1.0,-0.65,1344211200.0
2012-08-03,78.5,79.85,78.05,79.35,79.27060520979566,256440.0,1817.0,20328154.0,78249.0,30.51,1.8,0.85,1343952000.0
2012-08-02,78.05,79.5,78.05,78.7,78.78596590532736,166067.0,1227.0,13083749.0,27886.0,16.79,1.45,0.65,1343865600.0
2012-08-01,76.5,78.85,76.5,78.3,77.70810604422908,356191.0,2464.0,27678928.0,60865.0,17.09,2.35,1.8,1343779200.0
2012-07-31,80.1,80.5,77.4,77.7,78.35870250472826,199862.0,1597.0,15660927.0,92005.0,46.03,3.1,-2.4,1343692800.0
2012-07-30,79.9,80.25,78.7,79.8,79.44554043111094,129665.0,1441.0,10301306.0,18324.0,14.13,1.55,-0.1,1343606400.0
2012-07-27,81.45,83.35,78.5,79.45,81.15173887526147,332255.0,2754.0,26963071.0,57924.0,17.43,4.85,-2.0,1343347200.0
2012-07-26,81.25,81.65,79.75,80.2,80.75887188789093,68362.0,641.0,5520838.0,16904.0,24.73,1.9,-1.05,1343260800.0
2012-07-25,80.9,81.6,79.45,80.8,80.64339249586169,130488.0,1053.0,10522995.0,37268.0,28.56,2.15,-0.1,1343174400.0
2012-07-24,81.95,82.45,79.8,80.85,80.82526778522984,132849.0,1104.0,10737556.0,22589.0,17.0,2.65,-1.1,1343088000.0
2012-07-23,82.9,82.95,80.85,81.65,81.65883244164574,105605.0,806.0,8623581.0,23490.0,22.24,2.1,-1.25,1343001600.0
2012-07-20,82.85,83.7,82.3,83.05,83.09146540123238,141190.0,1003.0,11731684.0,23294.0,16.5,1.4,0.2,1342742400.0
2012-07-19,84.45,85.1,82.6,82.9,84.03758421224958,302361.0,2222.0,25409688.0,56845.0,18.8,2.5,-1.55,1342656000.0
2012-07-18,81.0,83.7,80.6,83.3,82.50416158220708,173732.0,1365.0,14333613.0,46928.0,27.01,3.1,2.3,1342569600.0
2012-07-17,83.45,83.45,80.95,81.3,82.13303559601081,105686.0,819.0,8680312.0,22398.0,21.19,2.5,-2.15,1342483200.0
2012-07-16,83.5,83.7,81.4,82.45,82.6464978373099,143340.0,1029.0,11846549.0,27356.0,19.08,2.3,-1.05,1342396800.0
2012-07-13,83.5,84.35,82.25,82.75,83.23900068144997,377137.0,2321.0,31392507.0,96313.0,25.54,2.1,-0.75,1342137600.0
2012-07-12,81.0,83.8,80.0,83.35,82.23120320971887,436923.0,2958.0,35928704.0,117663.0,26.93,3.8,2.35,1342051200.0
2012-07-11,84.0,84.4,81.3,81.85,82.96863510197515,248590.0,1732.0,20625173.0,68167.0,27.42,3.1,-2.15,1341964800.0
2012-07-10,82.0,83.9,81.75,83.35,83.15091618766942,444505.0,3091.0,36960998.0,101372.0,22.81,2.15,1.35,1341878400.0
2012-07-09,81.3,82.25,80.0,81.2,81.1563301419046,327544.0,2064.0,26582269.0,47647.0,14.55,2.25,-0.1,1341792000.0
2012-07-06,80.4,82.4,78.6,81.75,81.3235279874366,578188.0,3662.0,47020288.0,91553.0,15.83,3.8,1.35,1341532800.0
2012-07-05,77.0,80.85,76.8,80.55,79.5435289827364,564888.0,3754.0,44933185.0,139213.0,24.64,4.05,3.55,1341446400.0
2012-07-04,77.85,78.55,76.3,77.0,77.03152167173063,322540.0,2166.0,24845747.0,81256.0,25.19,2.25,-0.85,1341360000.0
2012-07-03,80.0,80.0,77.55,77.9,78.54745168256342,203291.0,1305.0,15967990.0,58734.0,28.89,2.45,-2.1,1341273600.0
2012-07-02,79.7,80.75,78.1,79.3,79.38144086317902,203156.0,1446.0,16126816.0,52532.0,25.86,2.65,-0.4,1341187200.0
2012-06-29,78.35,79.9,78.25,79.0,79.01713304267406,189225.0,1139.0,14952017.0,79977.0,42.27,1.65,0.65,1340928000.0
2012-06-28,79.35,79.65,77.5,77.9,78.14672687727116,150804.0,1356.0,11784839.0,28006.0,18.57,2.15,-1.45,1340841600.0
2012-06-27,78.8,79.65,78.4,79.35,79.10467252594468,140973.0,1290.0,11151623.0,28804.0,20.43,1.25,0.55,1340755200.0
2012-06-26,78.5,79.35,77.2,78.35,78.49337556520234,132917.0,1022.0,10433104.0,21896.0,16.47,2.15,-0.15,1340668800.0
2012-06-25,79.5,80.8,78.05,78.5,79.50142654969284,308787.0,2169.0,24549007.0,46132.0,14.94,2.75,-1.0,1340582400.0
2012-06-22,78.3,79.75,76.3,79.0,78.62035657536045,342985.0,2424.0,26965603.0,46168.0,13.46,3.45,0.7,1340323200.0
2012-06-21,77.05,79.65,76.0,78.9,77.92987747607596,377967.0,2034.0,29454922.0,122029.0,32.29,3.65,1.85,1340236800.0
2012-06-20,76.1,77.95,73.8,77.35,76.30146210615558,719510.0,5434.0,54899665.0,270652.0,37.62,4.15,1.25,1340150400.0
2012-06-19,78.15,79.0,75.4,76.1,76.63854467453181,303025.0,2450.0,23223395.0,70295.0,23.2,3.6,-2.05,1340064000.0
2012-06-18,81.4,82.0,76.9,78.15,79.38605674831814,248536.0,1927.0,19730293.0,52091.0,20.96,5.1,-3.25,1339977600.0
2012-06-15,79.7,81.7,79.35,80.85,80.86872752705459,344581.0,2051.0,27865827.0,123981.0,35.98,2.35,1.15,1339718400.0
2012-06-14,80.45,82.2,79.05,79.5,80.96360072527924,258659.0,1843.0,20941964.0,50238.0,19.42,3.15,-0.95,1339632000.0
2012-06-13,82.0,82.9,80.15,80.95,81.48115034403197,169897.0,1410.0,13843403.0,34877.0,20.53,2.75,-1.05,1339545600.0
2012-06-12,81.5,83.0,80.45,82.0,81.72174018023352,256778.0,1731.0,20984345.0,60613.0,23.61,2.55,0.5,1339459200.0
2012-06-11,83.45,85.1,81.4,81.85,83.58526585154176,313408.0,2044.0,26196291.0,74638.0,23.81,3.7,-1.6,1339372800.0
2012-06-08,83.0,83.3,81.4,82.45,82.34437405060946,215928.0,1588.0,17780456.0,30830.0,14.28,1.9,-0.55,1339113600.0
2012-06-07,85.0,85.35,82.2,83.35,83.19330354393098,357174.0,2166.0,29714485.0,56143.0,15.72,3.15,-1.65,1339027200.0
2012-06-06,78.5,85.0,76.45,84.05,81.41743963672772,809971.0,5429.0,65945765.0,169380.0,20.91,8.55,5.55,1338940800.0
2012-06-05,82.5,83.1,77.5,78.15,80.07674772764278,417628.0,3390.0,33442292.0,136936.0,32.79,5.6,-4.35,1338854400.0
2012-06-04,79.0,82.1,79.0,81.45,81.07656720382504,180704.0,1238.0,14650860.0,35948.0,19.89,3.1,2.45,1338768000.0
2012-06-01,88.0,88.0,79.75,81.2,82.12546930085618,349456.0,3213.0,28699238.0,79261.0,22.68,8.25,-6.8,1338508800.0
2012-05-31,85.3,87.2,85.15,86.5,86.311329689713,115087.0,984.0,9933312.0,35109.0,30.51,2.05,1.2,1338422400.0
2012-05-30,88.6,88.7,85.8,86.15,87.14559952028652,123407.0,1082.0,10754377.0,29225.0,23.68,2.9,-2.45,1338336000.0
2012-05-29,89.15,91.15,88.0,89.15,89.99762364955502,277316.0,2354.0,24957781.0,62564.0,22.56,3.15,0.0,1338249600.0
2012-05-28,87.05,89.25,87.05,88.8,88.4437177776525,159633.0,1339.0,14118536.0,25549.0,16.0,2.2,1.75,1338163200.0
2012-05-25,87.95,89.0,86.6,87.65,87.95947132810298,305142.0,2556.0,26840129.0,59521.0,19.51,2.4,-0.3,1337904000.0
2012-05-24,83.8,88.3,82.9,87.4,85.88783276630072,313621.0,2339.0,26936228.0,63160.0,20.14,5.4,3.6,1337817600.0
2012-05-23,82.1,83.5,81.75,83.1,83.00104298304186,181211.0,1626.0,15040702.0,18104.0,9.99,1.75,1.0,1337731200.0
2012-05-22,85.0,86.6,82.0,82.65,84.53196360312448,240680.0,1969.0,20345153.0,37296.0,15.5,4.6,-2.35,1337644800.0
2012-05-21,85.0,86.3,84.35,85.35,85.61257825680782,143438.0,1216.0,12280097.0,26671.0,18.59,1.95,0.35,1337558400.0
2012-05-18,81.8,85.0,81.55,84.6,83.60120813205647,212394.0,1706.0,17756395.0,38357.0,18.06,3.45,2.8,1337299200.0
2012-05-17,83.95,84.35,82.15,83.7,83.43569419980841,129444.0,1428.0,10800250.0,18193.0,14.05,2.2,-0.25,1337212800.0
2012-05-16,83.1,84.15,81.75,83.1,83.0858875169394,185219.0,1233.0,15389085.0,29723.0,16.05,2.4,0.0,1337126400.0
2012-05-15,80.8,85.0,80.8,84.65,83.69220485748465,263305.0,2172.0,22036576.0,43342.0,16.46,4.2,3.85,1337040000.0
2012-05-14,82.75,83.45,79.95,82.15,81.78703573225968,149025.0,1422.0,12188313.0,28027.0,18.81,3.5,-0.6,1336953600.0
2012-05-11,80.2,83.45,80.0,82.75,82.22689822755001,332929.0,3244.0,27375719.0,49222.0,14.78,3.45,2.55,1336694400.0
2012-05-10,85.8,86.85,79.65,81.8,82.78176705903404,1564860.0,12389.0,129541876.0,147278.0,9.41,7.2,-4.0,1336608000.0
2012-05-09,82.1,85.2,81.6,84.6,84.20621631264007,468091.0,3291.0,39416172.0,94147.0,20.11,3.6,2.5,1336521600.0
2012-05-08,84.1,84.9,81.1,82.1,83.1165287450695,416541.0,2314.0,34621442.0,106891.0,25.66,3.8,-2.0,1336435200.0
2012-05-07,78.55,84.1,77.1,83.3,80.81317067413816,457562.0,3350.0,36977036.0,75948.0,16.6,7.0,4.75,1336348800.0
2012-05-04,84.15,84.3,80.0,80.55,81.50038169575846,466340.0,3197.0,38006888.0,109758.0,23.54,4.3,-3.6,1336089600.0
2012-05-03,87.0,88.0,84.5,84.8,85.80162059344963,355919.0,2398.0,30538427.0,47082.0,13.23,3.5,-2.2,1336003200.0
2012-05-02,90.85,91.15,87.4,87.85,89.00123940160023,263837.0,2288.0,23481820.0,89804.0,34.04,3.75,-3.0,1335916800.0
2012-04-30,92.85,93.35,89.5,90.35,91.18160213138064,305905.0,2393.0,27892908.0,115333.0,37.7,3.85,-2.5,1335744000.0
2012-04-28,93.0,93.8,91.75,92.3,92.46610619673416,43297.0,337.0,4003505.0,8424.0,19.46,2.05,-0.7,1335571200.0
2012-04-27,91.3,94.45,91.3,93.8,93.34296235489988,691936.0,4809.0,64587356.0,179105.0,25.88,3.15,2.5,1335484800.0
2012-04-26,91.45,92.15,90.25,91.45,91.210856054197,300238.0,2044.0,27384965.0,87419.0,29.12,1.9,0.0,1335398400.0
2012-04-25,90.8,92.2,88.6,90.9,90.70372120460608,332258.0,2683.0,30137037.0,57116.0,17.19,3.6,0.1,1335312000.0
2012-04-24,87.9,91.75,87.6,90.95,90.20841485118136,407375.0,3049.0,36748653.0,109826.0,26.96,4.15,3.05,1335225600.0
2012-04-23,91.5,92.85,88.05,89.1,90.99102373237584,342570.0,2746.0,31170795.0,99029.0,28.91,4.8,-2.4,1335139200.0
2012-04-20,91.0,92.9,89.7,91.75,91.32409580651752,680413.0,5053.0,62138102.0,77291.0,11.36,3.2,0.75,1334880000.0
2012-04-19,94.05,95.0,91.0,91.45,92.7744884328262,931256.0,6825.0,86396799.0,188834.0,20.28,4.0,-2.6,1334793600.0
2012-04-18,92.0,93.9,90.6,93.3,92.4257834571605,902602.0,6954.0,83423697.0,194767.0,21.58,3.3,1.3,1334707200.0
2012-04-17,86.7,91.8,85.9,91.45,89.59722449341433,1669461.0,7804.0,149579072.0,677115.0,40.56,5.9,4.75,1334620800.0
2012-04-16,86.0,87.3,85.3,86.65,86.63626813014504,191325.0,1569.0,16575684.0,35905.0,18.77,2.0,0.65,1334534400.0
2012-04-13,85.15,88.9,84.0,85.95,87.04675962109323,1096523.0,7551.0,95448774.0,223797.0,20.41,4.9,0.8,1334275200.0
2012-04-12,83.0,84.45,82.95,84.15,83.76628096968888,119956.0,1234.0,10048268.0,33012.0,27.52,1.5,1.15,1334188800.0
2012-04-11,84.7,85.4,81.8,82.7,84.01555846039153,195842.0,1988.0,16453775.0,36745.0,18.76,3.6,-2.0,1334102400.0
2012-04-10,85.0,85.5,83.45,84.8,84.71896316507502,296132.0,2470.0,25087996.0,53543.0,18.08,2.05,-0.2,1334016000.0
2012-04-09,84.0,86.25,82.45,84.2,84.59907840440165,872400.0,6058.0,73804236.0,245286.0,28.12,3.8,0.2,1333929600.0
2012-04-04,80.4,83.85,79.65,83.45,82.49596215186592,354892.0,3137.0,29277157.0,100317.0,28.27,4.2,3.05,1333497600.0
2012-04-03,80.0,80.9,79.8,80.4,80.39861029828423,107649.0,801.0,8654830.0,49128.0,45.64,1.1,0.4,1333411200.0
2012-04-02,79.85,81.0,78.65,79.2,79.94784294179543,180570.0,1596.0,14436182.0,69103.0,38.27,2.35,-0.65,1333324800.0
2012-03-30,77.85,79.95,77.0,79.35,78.87561114833842,201465.0,1633.0,15890675.0,66399.0,32.96,2.95,1.5,1333065600.0
2012-03-29,75.65,78.95,74.25,77.65,76.35850863389788,193192.0,1679.0,14751853.0,50159.0,25.96,4.7,2.0,1332979200.0
2012-03-28,76.6,77.5,75.0,75.65,76.32994316224595,116120.0,1125.0,8863433.0,39711.0,34.2,2.5,-0.95,1332892800.0
2012-03-27,78.9,79.3,76.15,76.95,77.52750885926825,210514.0,1864.0,16320626.0,39817.0,18.91,3.15,-1.95,1332806400.0
2012-03-26,80.55,81.4,77.15,77.8,78.83731517024431,144322.0,1335.0,11377959.0,39314.0,27.24,4.25,-2.75,1332720000.0
2012-03-23,79.9,82.8,78.7,80.55,80.47492937986279,265151.0,2438.0,21338008.0,39671.0,14.96,4.1,0.65,1332460800.0
2012-03-22,83.25,85.65,78.8,79.6,83.45846299601104,852854.0,7502.0,71177884.0,207987.0,24.39,6.85,-3.65,1332374400.0
2012-03-21,82.4,84.1,80.8,83.15,82.54311440438978,398927.0,2894.0,32928677.0,68932.0,17.28,3.3,0.75,1332288000.0
2012-03-20,79.95,82.4,78.6,81.75,80.91458168080558,148762.0,1277.0,12037015.0,52762.0,35.47,3.8,1.8,1332201600.0
2012-03-19,81.9,82.05,79.25,79.95,80.21693999140102,97686.0,832.0,7836072.0,23100.0,23.65,2.8,-1.95,1332115200.0
2012-03-16,80.15,83.4,79.4,81.1,81.59296962495836,249119.0,2390.0,20326359.0,52472.0,21.06,4.0,0.95,1331856000.0
2012-03-15,81.2,81.2,79.05,79.8,80.1482084530804,101951.0,1091.0,8171190.0,18529.0,18.17,2.15,-1.4,1331769600.0
2012-03-14,83.0,84.0,80.7,81.8,82.23409335815046,163328.0,1588.0,13431130.0,33195.0,20.32,3.3,-1.2,1331683200.0
2012-03-13,83.8,84.5,82.25,82.65,83.22724687144482,161736.0,1231.0,13460842.0,61367.0,37.94,2.25,-1.15,1331596800.0
2012-03-12,82.0,83.9,80.4,83.45,82.79125952741208,282868.0,2306.0,23418998.0,53515.0,18.92,3.5,1.45,1331510400.0
2012-03-09,79.95,82.35,79.5,81.2,80.89033953476404,310896.0,2079.0,25148483.0,109825.0,35.33,2.85,1.25,1331251200.0
2012-03-07,77.45,80.15,75.7,79.55,78.15732309591789,362852.0,2557.0,28359541.0,83227.0,22.94,4.45,2.1,1331078400.0
2012-03-06,76.05,80.75,75.9,76.7,78.14254752351509,304060.0,2265.0,23760023.0,85318.0,28.06,4.85,0.65,1330992000.0
2012-03-05,79.05,79.05,76.3,77.35,77.50349172545367,112695.0,978.0,8734256.0,23361.0,20.73,2.75,-1.7,1330905600.0
2012-03-03,80.0,80.5,79.3,79.6,79.84054688810602,11922.0,127.0,951859.0,7200.0,60.39,1.2,-0.4,1330732800.0
2012-03-02,82.65,83.0,79.55,79.8,80.92820771889309,249414.0,1895.0,20184628.0,78551.0,31.49,3.45,-2.85,1330646400.0
2012-03-01,86.0,86.0,81.1,81.9,83.30548069350031,674203.0,3228.0,56164805.0,351167.0,52.09,4.9,-4.1,1330560000.0
2012-02-29,83.5,86.35,82.0,85.25,84.44654916135657,724563.0,5836.0,61186845.0,146946.0,20.28,4.35,1.75,1330473600.0
2012-02-28,76.05,83.0,75.75,82.65,81.10118412782093,493190.0,4088.0,39998293.0,111116.0,22.53,7.25,6.6,1330387200.0
2012-02-27,76.0,76.05,74.7,75.5,75.35941981963381,135613.0,1129.0,10219717.0,27298.0,20.13,1.35,-0.5,1330300800.0
2012-02-24,76.5,77.55,75.2,75.75,76.17646334491401,113695.0,846.0,8660883.0,28561.0,25.12,2.35,-0.75,1330041600.0
2012-02-23,78.2,78.95,74.8,76.05,76.15089790745836,291177.0,1662.0,22173390.0,150594.0,51.72,4.15,-2.15,1329955200.0
2012-02-22,82.0,83.0,78.0,78.5,80.42179387777135,203782.0,1749.0,16388514.0,50034.0,24.55,5.0,-3.5,1329868800.0
2012-02-21,84.0,84.0,81.25,82.4,82.39287987501446,207384.0,1825.0,17086965.0,46425.0,22.39,2.75,-1.6,1329782400.0
2012-02-17,72.35,84.2,72.35,83.6,82.86507872058499,504887.0,3297.0,41837501.0,173927.0,34.45,11.85,11.25,1329436800.0
2012-02-16,83.1,83.4,79.05,79.75,80.95883236849843,248229.0,2071.0,20096330.0,76664.0,30.88,4.35,-3.35,1329350400.0
2012-02-15,77.95,83.5,77.95,82.8,80.99795979569245,626898.0,4589.0,50777459.0,255833.0,40.81,5.55,4.85,1329264000.0
2012-02-14,78.25,78.9,76.25,77.75,77.73331341537835,314624.0,2148.0,24456766.0,51001.0,16.21,2.65,-0.5,1329177600.0
2012-02-13,76.0,78.75,74.5,78.15,76.94350252467254,583442.0,5062.0,44892071.0,174727.0,29.95,4.25,2.15,1329091200.0
2012-02-10,75.5,79.0,73.7,75.55,75.6961206204629,840985.0,4390.0,63659302.0,331466.0,39.41,5.3,0.05,1328832000.0
2012-02-09,72.4,75.85,72.2,75.5,74.40552525878623,1055118.0,7574.0,78506609.0,170783.0,16.19,3.65,3.1,1328745600.0
2012-02-08,72.0,72.8,71.15,72.4,72.11387344999203,213386.0,1241.0,15388091.0,34279.0,16.06,1.65,0.4,1328659200.0
2012-02-07,73.0,74.35,70.8,71.5,72.83342316133974,307996.0,2159.0,22432403.0,53770.0,17.46,3.55,-1.5,1328572800.0
2012-02-06,71.35,73.9,71.2,73.0,72.51670440500637,313121.0,2163.0,22706503.0,85718.0,27.38,2.7,1.65,1328486400.0
2012-02-03,71.2,71.35,68.8,70.4,70.36258632050959,186659.0,1407.0,13133810.0,37704.0,20.2,2.55,-0.8,1328227200.0
2012-02-02,73.05,73.5,69.9,70.85,71.74842545798188,340734.0,2081.0,24447128.0,72510.0,21.28,3.6,-2.2,1328140800.0
2012-02-01,72.5,73.7,71.0,73.0,72.32593772946227,328213.0,2100.0,23738313.0,80579.0,24.55,2.7,0.5,1328054400.0
2012-01-31,69.0,72.7,67.95,72.25,70.82557328265754,518854.0,3662.0,36748132.0,173571.0,33.45,4.75,3.25,1327968000.0
2012-01-30,68.9,69.75,66.8,68.1,68.57888172992291,376063.0,2526.0,25789980.0,94174.0,25.04,2.95,-0.8,1327881600.0
2012-01-27,69.25,70.8,68.55,68.9,69.6703759139063,428928.0,2992.0,29883575.0,112339.0,26.19,2.25,-0.35,1327622400.0
2012-01-25,67.5,68.8,67.25,68.55,68.20451502502381,279334.0,2070.0,19051840.0,97046.0,34.74,1.55,1.05,1327449600.0
2012-01-24,65.4,67.5,64.65,67.0,66.115301263258,418521.0,3117.0,27670642.0,78746.0,18.82,2.85,1.6,1327363200.0
2012-01-23,64.4,65.65,63.8,64.7,64.91722631800567,140117.0,1259.0,9096007.0,20403.0,14.56,1.85,0.3,1327276800.0
2012-01-20,65.5,66.2,63.75,64.4,65.0970498461228,158568.0,1287.0,10322309.0,41621.0,26.25,2.45,-1.1,1327017600.0
2012-01-19,65.15,65.75,63.7,64.85,64.60931017369727,251875.0,1679.0,16273470.0,45178.0,17.94,2.05,-0.3,1326931200.0
2012-01-18,65.85,65.85,63.35,64.6,64.46926345963449,279781.0,1646.0,18037275.0,126617.0,45.26,2.5,-1.25,1326844800.0
2012-01-17,67.25,67.9,65.05,65.85,66.7140521954794,212892.0,1598.0,14202888.0,65929.0,30.97,2.85,-1.4,1326758400.0
2012-01-16,66.9,68.0,65.1,66.65,66.153070232377,154060.0,1462.0,10191542.0,23654.0,15.35,2.9,-0.25,1326672000.0
2012-01-13,67.9,69.25,66.9,67.65,68.28893805150304,277537.0,1909.0,18952707.0,50804.0,18.31,2.35,-0.25,1326412800.0
2012-01-12,66.0,68.25,66.0,67.55,67.27081127649416,192684.0,1545.0,12962009.0,49071.0,25.47,2.25,1.55,1326326400.0
2012-01-11,67.95,67.95,65.5,66.5,66.4680072820804,299365.0,1717.0,19898195.0,99963.0,33.39,2.45,-1.45,1326240000.0
2012-01-10,63.95,67.5,63.95,67.05,65.91965694735153,392243.0,4667.0,25856524.0,111221.0,28.36,3.55,3.1,1326153600.0
2012-01-09,62.0,64.0,61.65,63.65,62.97085800082464,128543.0,1013.0,8094463.0,29238.0,22.75,2.35,1.65,1326067200.0
2012-01-07,62.75,63.0,62.0,62.55,62.59598853868194,16752.0,115.0,1048608.0,5136.0,30.66,1.0,-0.2,1325894400.0
2012-01-06,63.15,64.45,62.1,62.45,63.19132988055343,190378.0,1601.0,12030239.0,29638.0,15.57,2.35,-0.7,1325808000.0
2012-01-05,61.9,63.55,61.7,63.05,62.80454481283758,191251.0,1630.0,12011432.0,55655.0,29.1,1.85,1.15,1325721600.0
2012-01-04,62.0,63.7,60.7,61.95,62.24181390734604,313489.0,2310.0,19512124.0,58944.0,18.8,3.0,-0.05,1325635200.0
2012-01-03,58.9,61.95,58.75,61.55,60.36896177193382,347101.0,2194.0,20954127.0,89722.0,25.85,3.2,2.65,1325548800.0
2012-01-02,59.25,60.35,57.35,58.05,58.51163851535847,311294.0,1857.0,18214322.0,84938.0,27.29,3.0,-1.2,1325462400.0
2011-12-30,59.9,60.6,58.5,58.9,59.87809827094638,173968.0,1203.0,10416873.0,42015.0,24.15,2.1,-1.0,1325203200.0
2011-12-29,60.1,60.5,59.05,59.7,59.85779655477138,165214.0,1139.0,9889346.0,36348.0,22.0,1.45,-0.4,1325116800.0
2011-12-28,60.6,61.0,59.6,60.05,60.30563914622874,186092.0,1242.0,11222397.0,32799.0,17.63,1.4,-0.55,1325030400.0
2011-12-27,59.95,61.0,59.4,60.65,60.30428551643574,166071.0,1227.0,10014793.0,34966.0,21.05,1.6,0.7,1324944000.0
2011-12-26,60.0,61.25,59.55,60.2,60.23269101684648,244324.0,1629.0,14716292.0,25236.0,10.33,1.7,0.2,1324857600.0
2011-12-23,60.0,61.15,58.15,60.4,59.71263824584443,717291.0,3751.0,42831338.0,209899.0,29.26,3.0,0.4,1324598400.0
2011-12-22,57.0,61.45,54.4,59.35,56.91775749403589,578460.0,3976.0,32924646.0,57172.0,9.88,7.05,2.35,1324512000.0
2011-12-21,58.0,59.0,54.45,55.5,55.33312712202394,2966213.0,3722.0,164129841.0,2586667.0,87.2,4.55,-2.5,1324425600.0
2011-12-20,62.0,62.7,56.85,57.2,60.095566457010165,325135.0,2440.0,19539172.0,67498.0,20.76,5.85,-4.8,1324339200.0
2011-12-19,59.95,62.5,59.0,61.45,60.42009799365298,150622.0,1612.0,9100596.0,29399.0,19.52,3.5,1.5,1324252800.0
2011-12-16,63.0,64.4,59.5,60.65,62.24754122591917,263851.0,2385.0,16424076.0,57264.0,21.7,4.9,-2.35,1323993600.0
2011-12-15,60.45,63.9,59.4,63.35,61.88058553592945,195035.0,1614.0,12068880.0,39102.0,20.05,4.5,2.9,1323907200.0
2011-12-14,60.2,62.4,59.75,61.0,61.27437668352331,272494.0,2042.0,16696900.0,39578.0,14.52,2.65,0.8,1323820800.0
2011-12-13,60.45,60.75,58.25,60.35,59.727264396839615,294648.0,1771.0,17598519.0,66872.0,22.7,2.5,-0.1,1323734400.0
2011-12-12,66.05,66.3,59.6,60.95,62.95109105165522,261445.0,2377.0,16458248.0,94218.0,36.04,6.7,-5.1,1323648000.0
2011-12-09,53.0,65.7,53.0,65.45,64.63684551961985,180353.0,1472.0,11657449.0,30526.0,16.93,12.7,12.45,1323388800.0
2011-12-08,65.7,66.8,64.35,64.95,65.69859547991582,218580.0,1528.0,14360399.0,38458.0,17.59,2.45,-0.75,1323302400.0
2011-12-07,66.0,67.25,65.8,66.35,66.6072969321377,191697.0,1329.0,12768419.0,52481.0,27.38,1.45,0.35,1323216000.0
2011-12-05,65.45,67.75,65.45,65.9,66.64410666982624,236318.0,1891.0,15749202.0,52018.0,22.01,2.3,0.45,1323043200.0
2011-12-02,65.6,66.75,64.7,66.25,65.75463491199314,172657.0,1367.0,11352998.0,53430.0,30.95,2.05,0.65,1322784000.0
2011-12-01,67.0,68.9,64.95,65.7,66.76689615048967,319703.0,2335.0,21345577.0,64506.0,20.0,3.95,-1.3,1322697600.0
2011-11-30,64.2,66.35,63.65,66.0,65.2979148604764,204159.0,1427.0,13331157.0,52782.0,25.85,2.7,1.8,1322611200.0
2011-11-29,66.0,66.35,63.8,64.8,65.1337465645611,357669.0,2357.0,23296322.0,71397.0,19.96,2.55,-1.2,1322524800.0
2011-11-28,63.6,65.9,63.6,64.7,64.76564584673376,356021.0,2789.0,23057930.0,88355.0,24.82,2.3,1.1,1322438400.0
2011-11-25,64.5,65.6,62.5,63.25,63.76846543945228,393194.0,2541.0,25073378.0,131497.0,33.44,3.1,-1.25,1322179200.0
2011-11-24,60.5,65.6,60.3,64.2,62.577439657567965,410242.0,3151.0,25671894.0,118274.0,28.83,5.3,3.7,1322092800.0
2011-11-23,60.8,62.4,60.25,60.9,61.085206453074825,361874.0,1865.0,22105148.0,152036.0,42.01,2.15,0.1,1322006400.0
2011-11-22,60.1,63.4,59.85,61.2,61.61103814297585,298456.0,2665.0,18388184.0,50841.0,17.03,3.55,1.1,1321920000.0
2011-11-21,60.25,62.0,59.1,59.9,60.557298332477,214090.0,1486.0,12964712.0,53858.0,25.16,2.9,-0.35,1321833600.0
2011-11-18,59.45,61.4,57.45,60.5,59.03302608907308,156119.0,1179.0,9216177.0,40916.0,26.21,3.95,1.05,1321574400.0
2011-11-17,60.0,60.7,58.75,59.55,59.51448081418519,168119.0,1146.0,10005515.0,50240.0,29.88,1.95,-0.45,1321488000.0
2011-11-16,61.0,61.7,58.75,60.1,60.02751525241349,197018.0,1650.0,11826501.0,33041.0,16.77,2.95,-0.9,1321401600.0
2011-11-15,62.5,63.0,58.95,60.6,62.049369058828944,413113.0,3256.0,25633401.0,117240.0,28.38,4.05,-1.9,1321315200.0
2011-11-14,61.8,62.25,60.5,61.5,61.51599170478712,529462.0,2448.0,32570380.0,201438.0,38.05,1.75,-0.3,1321228800.0
2011-11-11,59.3,62.25,59.0,61.05,61.11221267361735,556684.0,4443.0,34020191.0,137397.0,24.68,3.25,1.75,1320969600.0
2011-11-09,60.5,62.3,59.0,59.35,61.08611692468634,1552401.0,8786.0,94830149.0,250209.0,16.12,3.3,-1.15,1320796800.0
2011-11-08,57.5,60.2,56.3,59.85,58.536759150292376,655143.0,3820.0,38349948.0,174617.0,26.65,3.9,2.35,1320710400.0
2011-11-04,56.0,57.05,56.0,56.85,56.53714844540366,148270.0,1062.0,8382763.0,49615.0,33.46,1.05,0.85,1320364800.0
2011-11-03,55.25,56.0,54.75,55.4,55.389265441365886,112571.0,809.0,6235225.0,41017.0,36.44,1.25,0.15,1320278400.0
2011-11-02,56.0,57.0,55.25,55.5,56.10313785389556,166292.0,1270.0,9329503.0,66961.0,40.27,1.75,-0.5,1320192000.0
2011-11-01,57.0,57.25,56.1,56.45,56.749662172778976,95463.0,846.0,5417493.0,27130.0,28.42,1.15,-0.55,1320105600.0
2011-10-31,57.2,58.25,56.5,57.5,57.5979621671308,294823.0,1835.0,16981204.0,111848.0,37.94,1.75,0.3,1320019200.0
2011-10-28,57.9,58.15,55.9,57.05,56.96857171351048,290789.0,1924.0,16565834.0,147278.0,50.65,2.25,-0.85,1319760000.0
2011-10-26,56.6,56.65,55.5,55.75,55.922263256674825,115621.0,953.0,6465788.0,58979.0,51.01,1.15,-0.85,1319587200.0
2011-10-25,54.4,56.3,53.7,55.95,54.797325600128886,279315.0,2370.0,15305715.0,86225.0,30.87,2.6,1.55,1319500800.0
2011-10-24,54.6,55.25,53.55,54.1,54.52473192073432,174855.0,1843.0,9533922.0,36457.0,20.85,1.7,-0.5,1319414400.0
2011-10-21,53.7,55.7,53.35,53.9,54.61323826171111,570377.0,2597.0,31150135.0,284039.0,49.8,2.35,0.2,1319155200.0
2011-10-20,54.0,54.2,52.0,53.2,52.08109069478568,2662303.0,2207.0,138655644.0,2584321.0,97.07,2.2,-0.8,1319068800.0
2011-10-19,54.7,55.35,54.15,54.5,54.75490865081306,155338.0,1137.0,8505518.0,83703.0,53.88,1.2,-0.2,1318982400.0
2011-10-18,55.1,55.2,53.8,54.3,54.29541777407564,2165716.0,1515.0,117588455.0,71940.0,3.32,1.4,-0.8,1318896000.0
2011-10-17,57.1,57.1,55.55,55.75,56.04269477960877,114206.0,1118.0,6400412.0,54452.0,47.68,1.55,-1.35,1318809600.0
2011-10-14,57.0,57.8,56.4,56.8,56.9711302663846,95013.0,830.0,5412998.0,31972.0,33.65,1.4,-0.2,1318550400.0
2011-10-13,58.7,59.5,57.0,57.25,58.41768292682927,121032.0,1179.0,7070409.0,21288.0,17.59,2.5,-1.45,1318464000.0
2011-10-12,56.95,58.7,56.95,58.4,58.09886704408007,139723.0,1224.0,8117748.0,53640.0,38.39,1.75,1.45,1318377600.0
2011-10-11,57.0,57.65,56.15,56.95,57.16185081634268,151652.0,1025.0,8668709.0,40799.0,26.9,1.5,-0.05,1318291200.0
2011-10-10,55.3,56.5,54.0,56.35,55.66584595182404,146214.0,1305.0,8139126.0,50062.0,34.24,2.5,1.05,1318204800.0
2011-10-07,54.0,55.0,53.8,54.6,54.43545183459164,194839.0,1444.0,10606149.0,87863.0,45.1,1.2,0.6,1317945600.0
2011-10-05,52.5,53.5,52.15,52.5,52.49273409625805,172931.0,970.0,9077621.0,92708.0,53.61,1.35,0.0,1317772800.0
2011-10-04,53.35,54.25,51.95,52.05,52.76368291614729,148415.0,1181.0,7830922.0,50077.0,33.74,2.3,-1.3,1317686400.0
2011-10-03,55.5,55.5,52.0,53.2,52.87532544198024,491255.0,3154.0,25975268.0,221313.0,45.05,3.5,-2.3,1317600000.0
2011-09-30,55.4,56.7,55.05,55.3,55.650893822654766,118368.0,1145.0,6587285.0,39399.0,33.29,1.65,-0.1,1317340800.0
2011-09-29,55.6,56.55,54.25,56.1,55.44823124600964,176989.0,1472.0,9813727.0,36509.0,20.63,2.3,0.5,1317254400.0
2011-09-28,57.7,58.25,55.35,55.6,56.67958741981399,205148.0,1184.0,11627704.0,86790.0,42.31,2.9,-2.1,1317168000.0
2011-09-27,58.0,59.5,56.25,57.2,56.97746296867767,518480.0,4235.0,29541675.0,250302.0,48.28,3.25,-0.8,1317081600.0
2011-09-26,57.9,58.15,55.9,56.4,56.996557916791375,113594.0,989.0,6474467.0,36737.0,32.34,2.25,-1.5,1316995200.0
2011-09-23,56.1,58.75,55.9,57.9,57.482789091974645,218408.0,1800.0,12554701.0,36564.0,16.74,2.85,1.8,1316736000.0
2011-09-22,60.0,60.0,57.8,58.4,58.79124295012192,161173.0,1332.0,9475561.0,38670.0,23.99,2.2,-1.6,1316649600.0
2011-09-21,59.6,61.25,59.55,60.3,60.52344607756331,225880.0,1587.0,13671036.0,39418.0,17.45,1.7,0.7,1316563200.0
2011-09-20,60.05,60.5,59.1,59.6,59.78092541868118,108794.0,925.0,6503806.0,24863.0,22.85,1.4,-0.45,1316476800.0
2011-09-19,58.5,60.6,58.4,60.05,59.72873556150007,195138.0,1244.0,11655346.0,38794.0,19.88,2.2,1.55,1316390400.0
2011-09-16,61.3,61.3,58.65,58.85,59.515170108521446,218390.0,1621.0,12997518.0,48890.0,22.39,2.65,-2.45,1316131200.0
2011-09-15,60.4,61.25,59.9,60.15,60.600741839762605,370700.0,2540.0,22464695.0,64458.0,17.39,1.35,-0.25,1316044800.0
2011-09-14,58.55,60.4,58.2,59.3,59.494275846866046,204135.0,1725.0,12144864.0,27551.0,13.5,2.2,0.75,1315958400.0
2011-09-13,58.95,59.9,58.05,58.25,58.907661884451336,128950.0,1014.0,7596143.0,26675.0,20.69,1.85,-0.7,1315872000.0
2011-09-12,59.45,59.45,57.15,58.0,58.41953376285837,200842.0,1505.0,11733096.0,57731.0,28.74,2.3,-1.45,1315785600.0
2011-09-09,62.6,63.15,60.2,60.45,61.27288828337874,183500.0,1852.0,11243575.0,64907.0,35.37,2.95,-2.15,1315526400.0
2011-09-08,63.4,63.45,61.5,62.4,62.37826688017275,274153.0,1863.0,17101189.0,82973.0,30.27,1.95,-1.0,1315440000.0
2011-09-07,63.4,63.75,62.35,63.05,63.12700227898352,244846.0,1818.0,15456394.0,69063.0,28.21,1.4,-0.35,1315353600.0
2011-09-06,61.0,63.4,59.9,62.95,61.58117790164548,448866.0,3087.0,27641697.0,82060.0,18.28,3.5,1.95,1315267200.0
2011-09-05,58.5,61.95,58.2,61.35,59.9456639271652,317211.0,2453.0,19015424.0,82574.0,26.03,3.75,2.85,1315180800.0
2011-09-02,59.0,60.3,58.1,59.7,59.2756579351568,504571.0,2696.0,29908778.0,61877.0,12.26,2.2,0.7,1314921600.0
2011-08-30,57.1,59.75,55.4,59.0,57.479782893012285,713381.0,4726.0,41004985.0,128024.0,17.95,4.35,1.9,1314662400.0
2011-08-29,55.0,56.85,54.3,56.2,55.577109963904114,388964.0,3451.0,21617495.0,95445.0,24.54,2.55,1.2,1314576000.0
2011-08-26,55.3,56.4,52.3,54.0,54.696056805922,374468.0,2901.0,20481923.0,59816.0,15.97,4.1,-1.3,1314316800.0
2011-08-25,57.45,57.9,55.25,55.5,56.41754166723264,220857.0,1918.0,12460209.0,48505.0,21.96,2.65,-1.95,1314230400.0
2011-08-24,58.25,58.9,56.0,56.6,57.84706392072639,376216.0,2621.0,21762991.0,114408.0,30.41,2.9,-1.65,1314144000.0
2011-08-23,54.5,58.35,53.25,57.55,56.383411416900174,544929.0,4833.0,30724956.0,122393.0,22.46,5.1,3.05,1314057600.0
2011-08-22,53.0,55.3,52.1,54.55,53.78394010095308,600477.0,3819.0,32296019.0,191012.0,31.81,3.2,1.55,1313971200.0
2011-08-19,55.1,55.9,50.8,52.75,52.98100364124053,1747756.0,6555.0,92597867.0,818492.0,46.83,5.1,-2.35,1313712000.0
2011-08-18,59.9,60.3,56.0,56.7,57.68968781460204,399314.0,3032.0,23036300.0,65432.0,16.39,4.3,-3.2,1313625600.0
2011-08-17,56.5,59.25,54.45,58.6,56.55862300117005,820480.0,4788.0,46405219.0,282279.0,34.4,4.8,2.1,1313539200.0
2011-08-16,63.0,63.45,55.75,56.35,57.97185326906804,869728.0,5406.0,50419744.0,224343.0,25.79,7.7,-6.65,1313452800.0
2011-08-12,67.9,67.9,61.0,62.2,63.17466649124624,1071711.0,7158.0,67704985.0,250595.0,23.38,6.9,-5.7,1313107200.0
2011-08-11,70.8,70.8,66.6,67.2,68.05909073313167,904135.0,6277.0,61534606.0,168112.0,18.59,4.2,-3.6,1313020800.0
2011-08-10,71.3,71.45,69.7,70.9,70.67637297881049,202789.0,1394.0,14332391.0,57245.0,28.23,1.75,-0.4,1312934400.0
2011-08-09,65.0,69.95,64.0,69.5,67.92757587047825,354288.0,2640.0,24065925.0,103159.0,29.12,5.95,4.5,1312848000.0
2011-08-08,67.3,69.0,66.15,66.7,67.64150792770816,225475.0,1545.0,15251469.0,52313.0,23.2,2.85,-0.6,1312761600.0
2011-08-05,70.0,71.0,67.15,69.7,69.11244245214442,247620.0,1782.0,17113623.0,61264.0,24.74,3.85,-0.3,1312502400.0
2011-08-04,73.0,74.65,71.15,72.0,73.22764949542274,1344690.0,2435.0,98468488.0,1051872.0,78.22,3.5,-1.0,1312416000.0
2011-08-03,72.6,73.75,72.5,72.7,73.01684218956474,124865.0,976.0,9117248.0,28600.0,22.9,1.25,0.1,1312329600.0
2011-08-02,72.5,74.2,72.3,73.4,73.40559685790434,142580.0,1071.0,10466170.0,30942.0,21.7,1.9,0.9,1312243200.0
2011-08-01,73.5,74.4,72.25,73.0,73.29944274560326,128846.0,1045.0,9444340.0,31557.0,24.49,2.15,-0.5,1312156800.0
2011-07-29,75.0,76.1,72.85,73.15,74.30395787782786,134466.0,1433.0,9991356.0,32480.0,24.15,3.25,-1.85,1311897600.0
2011-07-28,73.45,76.25,72.55,75.35,74.40942432580637,1626684.0,3851.0,121040620.0,1142419.0,70.23,3.7,1.9,1311811200.0
2011-07-27,74.25,74.5,72.75,73.6,73.41697712131837,182528.0,1734.0,13400654.0,54002.0,29.59,1.75,-0.65,1311724800.0
2011-07-26,76.1,76.1,73.5,74.05,74.43731183148859,182682.0,1673.0,13598357.0,61709.0,33.78,2.6,-2.05,1311638400.0
2011-07-25,74.0,77.0,74.0,76.1,76.06204519137815,188266.0,1625.0,14319897.0,44523.0,23.65,3.0,2.1,1311552000.0
2011-07-22,74.5,76.1,74.5,74.9,75.28321270770648,221346.0,1842.0,16663638.0,69199.0,31.26,1.6,0.4,1311292800.0
2011-07-21,78.95,79.35,73.7,74.5,76.0794402954561,452453.0,2452.0,34422371.0,177726.0,39.28,5.65,-4.45,1311206400.0
2011-07-20,81.3,81.3,78.0,78.5,79.63599035864391,165122.0,1646.0,13149654.0,45596.0,27.61,3.3,-2.8,1311120000.0
2011-07-19,82.0,82.5,80.25,80.7,80.9773446180962,1409334.0,1635.0,114124125.0,1156700.0,82.07,2.25,-1.3,1311033600.0
2011-07-18,81.0,82.3,80.65,80.95,81.47675867505657,353917.0,2498.0,28836010.0,65589.0,18.53,1.65,-0.05,1310947200.0
2011-07-15,80.0,81.35,78.65,80.85,80.3983030975231,584241.0,3333.0,46971985.0,92304.0,15.8,2.7,0.85,1310688000.0
2011-07-14,80.0,80.75,79.2,79.65,80.01663232569074,289256.0,1835.0,23145291.0,55672.0,19.25,1.55,-0.35,1310601600.0
2011-07-13,75.8,80.5,75.8,79.95,79.19731075658063,254421.0,1584.0,20149459.0,72820.0,28.62,4.7,4.15,1310515200.0
2011-07-12,78.4,79.2,77.15,77.75,78.28839993212425,194473.0,1207.0,15224980.0,54904.0,28.23,2.05,-0.65,1310428800.0
2011-07-11,79.2,79.75,78.5,79.0,79.1428476835809,181228.0,1306.0,14342900.0,31660.0,17.47,1.25,-0.2,1310342400.0
2011-07-08,80.0,80.45,78.8,79.1,79.78466718619048,340055.0,2007.0,27131175.0,92960.0,27.34,1.65,-0.9,1310083200.0
2011-07-07,78.8,79.95,77.65,79.55,78.99323357070932,329716.0,1770.0,26045333.0,109180.0,33.11,2.3,0.75,1309996800.0
2011-07-06,81.45,81.45,78.4,78.75,79.19971195391263,256209.0,1784.0,20291679.0,57593.0,22.48,3.05,-2.7,1309910400.0
2011-07-05,78.5,80.95,76.5,80.25,80.15776205658003,614457.0,3353.0,49253498.0,261533.0,42.56,4.45,1.75,1309824000.0
2011-07-04,79.75,80.1,78.35,78.85,79.22233649969246,292660.0,1858.0,23185209.0,54453.0,18.61,1.75,-0.9,1309737600.0
2011-07-01,78.8,80.35,77.5,79.65,79.39479372642447,629625.0,3541.0,49988947.0,149653.0,23.77,2.85,0.85,1309478400.0
2011-06-30,77.6,79.45,76.25,78.25,78.15914948933602,536948.0,3078.0,41967399.0,203170.0,37.84,3.2,0.65,1309392000.0
2011-06-29,79.0,79.75,77.1,77.6,78.11182793933773,365499.0,2731.0,28549795.0,117054.0,32.03,2.65,-1.4,1309305600.0
2011-06-28,76.6,79.3,76.6,78.6,78.28238594049826,1287727.0,7555.0,100806342.0,297502.0,23.1,2.7,2.0,1309219200.0
2011-06-27,74.9,77.5,74.15,76.35,76.55057985161261,497886.0,3395.0,38113462.0,123458.0,24.8,3.35,1.45,1309132800.0
2011-06-24,74.0,75.2,73.65,74.9,74.71880526918102,201853.0,1806.0,15082215.0,69466.0,34.41,1.55,0.9,1308873600.0
2011-06-23,72.5,73.4,70.6,73.0,72.47997073698272,314390.0,2128.0,22786978.0,49195.0,15.65,2.8,0.5,1308787200.0
2011-06-22,75.5,76.3,71.6,72.05,73.88965191340093,330119.0,2558.0,24392378.0,47859.0,14.5,4.7,-3.45,1308700800.0
2011-06-21,73.1,75.85,73.0,75.15,74.70633682450601,375614.0,2686.0,28060746.0,130298.0,34.69,2.85,2.05,1308614400.0
2011-06-20,74.95,75.1,71.0,73.15,73.4452446542521,314362.0,2353.0,23088394.0,123013.0,39.13,4.1,-1.8,1308528000.0
2011-06-17,75.45,76.35,74.1,75.45,75.67682829179039,543253.0,3143.0,41111664.0,240497.0,44.27,2.25,0.0,1308268800.0
2011-06-16,72.75,76.6,72.6,75.45,75.02190539325487,1202261.0,7355.0,90195911.0,293095.0,24.38,4.0,2.7,1308182400.0
2011-06-15,71.75,73.55,71.1,73.05,72.82124884411348,410940.0,2758.0,29925164.0,93398.0,22.73,2.45,1.3,1308096000.0
2011-06-14,72.5,72.85,71.1,71.4,71.8538883578205,124487.0,951.0,8944875.0,41706.0,33.5,1.75,-1.1,1308009600.0
2011-06-13,72.05,72.8,71.3,72.5,72.08759548269204,309742.0,1850.0,22328556.0,161971.0,52.29,1.5,0.45,1307923200.0
2011-06-10,72.05,72.85,71.4,72.2,72.05356110768466,257799.0,1662.0,18575336.0,81529.0,31.63,1.45,0.15,1307664000.0
2011-06-09,71.6,72.2,70.85,71.6,71.53504791150088,235121.0,1503.0,16819392.0,58126.0,24.72,1.35,0.0,1307577600.0
2011-06-08,72.0,72.75,71.45,71.8,72.11320181452116,520027.0,2803.0,37500812.0,188683.0,36.28,1.3,-0.2,1307491200.0
2011-06-07,70.0,72.35,69.8,71.95,71.35742923972064,360407.0,2129.0,25717717.0,118564.0,32.9,2.55,1.95,1307404800.0
2011-06-06,69.65,70.7,68.8,70.1,69.98690071195594,171078.0,1539.0,11973219.0,43557.0,25.46,1.9,0.45,1307318400.0
2011-06-03,71.0,71.85,69.3,69.7,70.64841447154254,224247.0,1658.0,15842695.0,53389.0,23.81,2.55,-1.3,1307059200.0
2011-06-02,70.05,71.65,68.25,70.7,70.56656774961569,467058.0,3282.0,32958680.0,69936.0,14.97,3.4,0.65,1306972800.0
2011-06-01,69.0,71.1,68.4,70.95,70.2732414877653,361186.0,2827.0,25381711.0,102496.0,28.38,2.7,1.95,1306886400.0
2011-05-31,69.5,70.0,68.5,68.85,69.22605211342062,130523.0,1099.0,9035592.0,34916.0,26.75,1.5,-0.65,1306800000.0
2011-05-30,70.9,70.9,68.3,68.7,69.3053327650056,255721.0,1448.0,17722829.0,97124.0,37.98,2.6,-2.2,1306713600.0
2011-05-27,67.3,71.0,66.1,70.35,69.17641789126085,497852.0,3636.0,34439618.0,124851.0,25.08,4.9,3.05,1306454400.0
2011-05-26,65.0,67.5,63.7,67.1,65.73930310152348,571848.0,3461.0,37592889.0,164476.0,28.76,3.8,2.1,1306368000.0
2011-05-25,62.5,65.35,60.35,65.0,63.41652733848924,977907.0,2236.0,62015466.0,662831.0,67.78,5.0,2.5,1306281600.0
2011-05-24,61.9,64.4,61.15,63.9,63.18391136016098,502889.0,2752.0,31774494.0,147315.0,29.29,3.25,2.0,1306195200.0
2011-05-23,65.55,65.9,62.5,62.8,63.89471064495683,279259.0,1776.0,17843173.0,112361.0,40.24,3.4,-2.75,1306108800.0
2011-05-20,66.4,67.0,65.55,65.85,66.2935880277406,164380.0,1045.0,10897340.0,45340.0,27.58,1.45,-0.55,1305849600.0
2011-05-19,67.45,67.55,66.0,66.15,66.82408882013014,197793.0,1394.0,13217337.0,71225.0,36.01,1.55,-1.3,1305763200.0
2011-05-18,66.6,67.95,65.2,67.0,66.68041396485852,588649.0,3411.0,39251359.0,166120.0,28.22,2.75,0.4,1305676800.0
2011-05-17,69.3,69.4,65.55,66.4,67.06410930466845,294809.0,2201.0,19771103.0,90912.0,30.84,3.85,-2.9,1305590400.0
2011-05-16,69.1,69.65,68.55,69.0,69.07836057140597,202168.0,1142.0,13965434.0,36455.0,18.03,1.1,-0.1,1305504000.0
2011-05-13,69.9,70.7,68.85,69.75,69.82952921118044,348394.0,1912.0,24328189.0,81391.0,23.36,1.85,-0.15,1305244800.0
2011-05-12,70.8,71.3,69.05,69.6,70.19409051942777,731401.0,4669.0,51340028.0,104088.0,14.23,2.25,-1.2,1305158400.0
2011-05-11,71.5,74.85,69.95,70.55,72.79989820450925,4534582.0,22468.0,330117108.0,405893.0,8.95,4.9,-0.95,1305072000.0
2011-05-10,70.6,72.3,69.5,71.9,71.1022203909528,478114.0,4031.0,33994967.0,137352.0,28.73,2.8,1.3,1304985600.0
2011-05-09,71.2,71.6,70.05,70.5,70.86834002979549,553775.0,4701.0,39245115.0,225252.0,40.68,1.55,-0.7,1304899200.0
2011-05-06,69.5,71.0,69.25,70.5,70.32830532519037,896644.0,5235.0,63059453.0,353656.0,39.44,1.75,1.0,1304640000.0
2011-05-05,67.2,70.25,67.2,69.2,69.1843479063777,844756.0,5233.0,58443893.0,310279.0,36.73,3.05,2.0,1304553600.0
2011-05-04,66.0,67.9,64.35,67.4,66.11237773791261,507823.0,3958.0,33573386.0,197837.0,38.96,3.55,1.4,1304467200.0
2011-05-03,67.95,68.3,65.7,66.05,67.08688106835264,310010.0,2453.0,20797604.0,136288.0,43.96,2.6,-1.9,1304380800.0
2011-05-02,70.0,70.0,67.9,68.35,68.53137340939008,209668.0,1913.0,14368836.0,77104.0,36.77,2.1,-1.65,1304294400.0
2011-04-29,70.05,71.2,68.85,69.35,69.97879235120922,401789.0,2670.0,28116709.0,157666.0,39.24,2.35,-0.7,1304035200.0
2011-04-28,72.05,72.25,70.3,70.6,71.02754991700589,290382.0,2103.0,20625122.0,86625.0,29.83,1.95,-1.45,1303948800.0
2011-04-27,73.5,73.95,70.65,71.4,72.40969979418665,312419.0,1980.0,22622166.0,93729.0,30.0,3.3,-2.1,1303862400.0
2011-04-26,72.85,73.5,71.6,73.1,72.61139058681606,482451.0,3056.0,35031438.0,119817.0,24.84,1.9,0.25,1303776000.0
2011-04-25,73.5,74.25,72.15,72.4,73.19873307121013,846930.0,4743.0,61994203.0,258984.0,30.58,2.1,-1.1,1303689600.0
2011-04-21,69.85,73.6,69.3,73.1,72.29466835390555,2315420.0,12483.0,167392521.0,640113.0,27.65,4.3,3.25,1303344000.0
2011-04-20,67.0,70.0,67.0,69.55,68.96893540080306,704049.0,3778.0,48557510.0,215520.0,30.61,3.0,2.55,1303257600.0
2011-04-19,66.1,67.6,66.1,66.7,66.87937634563244,236413.0,1776.0,15811154.0,45548.0,19.27,1.5,0.6,1303171200.0
2011-04-18,67.5,69.8,66.2,66.4,68.35486054479875,620486.0,4106.0,42413234.0,174100.0,28.06,3.6,-1.1,1303084800.0
2011-04-15,68.15,68.5,66.1,67.5,67.65248632774605,304083.0,2015.0,20571971.0,76616.0,25.2,2.4,-0.65,1302825600.0
2011-04-13,64.85,67.95,64.85,67.5,66.96632477990256,479106.0,2603.0,32083968.0,130828.0,27.31,3.1,2.65,1302652800.0
2011-04-11,65.8,66.0,65.0,65.3,65.31997026736708,220633.0,1489.0,14411741.0,62093.0,28.14,1.0,-0.5,1302480000.0
2011-04-08,68.5,69.2,66.2,66.5,66.9193509286237,445498.0,2534.0,29812437.0,192920.0,43.3,3.0,-2.0,1302220800.0
2011-04-07,68.0,69.3,67.3,68.1,68.52768907638614,444688.0,2537.0,30473441.0,74188.0,16.68,2.0,0.1,1302134400.0
2011-04-06,68.25,69.55,67.45,67.9,68.28473937866093,337175.0,2093.0,23023907.0,96945.0,28.75,2.1,-0.35,1302048000.0
2011-04-05,70.1,70.1,68.5,69.0,69.12352717944047,329385.0,1336.0,22768253.0,170271.0,51.69,1.6,-1.1,1301961600.0
2011-04-04,69.5,70.75,69.2,70.0,70.20987730353309,357223.0,2976.0,25080583.0,137457.0,38.48,1.55,0.5,1301875200.0
2011-04-01,69.55,70.05,68.5,69.15,69.0182063886876,255295.0,1693.0,17620003.0,52001.0,20.37,1.55,-0.4,1301616000.0
2011-03-31,68.5,71.0,67.15,69.55,68.71261996173016,814218.0,3881.0,55947052.0,268762.0,33.01,3.85,1.05,1301529600.0
2011-03-30,68.3,69.85,66.9,67.65,68.63743985196572,274531.0,2078.0,18843105.0,57503.0,20.95,2.95,-0.65,1301443200.0
2011-03-29,68.25,69.0,68.0,68.25,68.47111875265945,578126.0,1499.0,39584934.0,417414.0,72.2,1.0,0.0,1301356800.0
2011-03-28,68.0,69.5,67.95,69.3,68.93582219005911,375862.0,2347.0,25910356.0,116161.0,30.91,1.55,1.3,1301270400.0
2011-03-25,69.6,70.05,67.85,68.35,68.69791154520705,272546.0,1721.0,18723341.0,93242.0,34.21,2.2,-1.25,1301011200.0
2011-03-24,68.4,69.5,67.65,69.1,68.7046169288264,763148.0,5126.0,52431791.0,164199.0,21.52,1.85,0.7,1300924800.0
2011-03-23,66.15,68.45,65.55,67.9,67.43609265386587,922703.0,4382.0,62223485.0,121601.0,13.18,2.9,1.75,1300838400.0
2011-03-22,63.95,66.7,63.4,66.15,65.61564074494632,1470710.0,7929.0,96501579.0,401074.0,27.27,3.3,2.2,1300752000.0
2011-03-21,65.6,65.6,63.05,63.55,64.05966042186586,1097126.0,5787.0,70281519.0,440049.0,40.11,2.55,-2.05,1300665600.0
2011-03-18,67.5,67.9,64.2,64.9,65.60675664950345,806376.0,3823.0,52903714.0,279597.0,34.67,3.7,-2.6,1300406400.0
2011-03-17,67.75,68.4,66.1,66.8,67.0348224744452,624051.0,3330.0,41833148.0,100910.0,16.17,2.3,-0.95,1300320000.0
2011-03-16,70.2,71.2,67.5,68.0,69.59628606579524,1524852.0,7746.0,106124036.0,298562.0,19.58,3.7,-2.2,1300233600.0
2011-03-15,66.0,70.65,65.0,69.1,68.96805648440964,2733356.0,13406.0,188514251.0,659530.0,24.13,5.65,3.1,1300147200.0
2011-03-14,65.55,68.4,65.55,67.85,67.05549328294197,775265.0,4063.0,51985777.0,184510.0,23.8,2.85,2.3,1300060800.0
2011-03-11,65.5,66.85,64.9,66.2,65.97821710752756,787361.0,4608.0,51948675.0,151058.0,19.19,1.95,0.7,1299801600.0
2011-03-10,64.05,66.2,63.65,65.9,65.03227737664096,880276.0,5249.0,57246353.0,314010.0,35.67,2.55,1.85,1299715200.0
2011-03-09,62.2,64.8,61.85,64.35,63.3687888397978,1052239.0,5802.0,66679111.0,250584.0,23.81,2.95,2.15,1299628800.0
2011-03-08,59.5,62.3,58.95,61.9,61.00376005069064,1077911.0,6029.0,65756624.0,261909.0,24.3,3.35,2.4,1299542400.0
2011-03-07,58.0,60.0,57.35,59.45,58.85699806019631,721207.0,4412.0,42448079.0,136503.0,18.93,2.65,1.45,1299456000.0
2011-03-04,58.2,59.9,57.85,59.3,58.92888489393694,1030189.0,6491.0,60707889.0,269566.0,26.17,2.05,1.1,1299196800.0
2011-03-03,55.85,58.4,54.9,57.85,56.43758689329173,906284.0,4443.0,51148482.0,351141.0,38.75,3.5,2.0,1299110400.0
2011-03-01,51.0,56.75,51.0,55.9,55.14401131445654,895138.0,5072.0,49361500.0,220485.0,24.63,5.75,4.9,1298937600.0
2011-02-28,53.5,54.45,51.1,52.2,52.73362609541722,614606.0,2778.0,32410403.0,222439.0,36.19,3.35,-1.3,1298851200.0
2011-02-25,53.45,54.4,52.95,54.0,53.64843306088553,274548.0,1670.0,14729070.0,79540.0,28.97,1.45,0.55,1298592000.0
2011-02-24,56.05,57.7,52.3,53.45,54.59050058830129,695222.0,3310.0,37952517.0,234683.0,33.76,5.4,-2.6,1298505600.0
2011-02-23,57.45,58.15,56.5,56.9,57.33648913211359,239559.0,1354.0,13735472.0,39849.0,16.63,1.65,-0.55,1298419200.0
2011-02-22,58.5,58.75,56.55,57.85,57.69119737136746,437642.0,2565.0,25248091.0,73179.0,16.72,2.2,-0.65,1298332800.0
2011-02-21,56.6,59.0,55.0,58.55,57.33874648859149,508699.0,2775.0,29168163.0,85702.0,16.85,4.0,1.95,1298246400.0
2011-02-18,58.5,59.2,54.5,56.15,57.90805885100661,387487.0,2508.0,22438620.0,69274.0,17.88,4.7,-2.35,1297987200.0
2011-02-17,57.05,59.75,56.6,58.25,58.48437837317637,768934.0,4624.0,44970627.0,230004.0,29.91,3.15,1.2,1297900800.0
2011-02-16,56.0,57.45,55.55,57.05,56.59813486319129,281159.0,2044.0,15913075.0,49962.0,17.77,1.9,1.05,1297814400.0
2011-02-15,55.8,56.6,54.75,56.0,55.84107119277823,477113.0,3206.0,26642501.0,99159.0,20.78,1.85,0.2,1297728000.0
2011-02-14,51.9,56.15,51.1,55.55,53.87056945576129,1138912.0,6252.0,61353838.0,422341.0,37.08,5.05,3.65,1297641600.0
2011-02-11,47.75,52.55,47.4,50.95,50.41715811330804,1036396.0,7417.0,52252141.0,156982.0,15.15,5.15,3.2,1297382400.0
2011-02-10,46.35,48.7,44.05,47.75,46.02936979027557,501706.0,3414.0,23093211.0,152903.0,30.48,4.65,1.4,1297296000.0
2011-02-09,51.0,51.0,45.6,46.35,48.09149807260015,584985.0,3624.0,28132805.0,248009.0,42.4,5.4,-4.65,1297209600.0
2011-02-08,52.0,52.9,51.1,51.35,51.75768556016461,121982.0,996.0,6313506.0,45578.0,37.36,1.8,-0.65,1297123200.0
2011-02-07,52.35,53.4,52.0,52.4,52.579079210521,148503.0,1156.0,7808151.0,45356.0,30.54,1.4,0.05,1297036800.0
2011-02-04,54.0,55.1,52.1,53.1,53.92387354384937,272980.0,2014.0,14720139.0,85324.0,31.26,3.0,-0.9,1296777600.0
2011-02-03,53.7,54.35,53.2,53.7,53.67992733953117,242773.0,2035.0,13032037.0,52936.0,21.8,1.15,0.0,1296691200.0
2011-02-02,53.75,54.35,52.5,53.8,53.60329458653767,616223.0,2906.0,33031583.0,365131.0,59.25,1.85,0.05,1296604800.0
2011-02-01,50.5,54.1,49.7,53.6,53.19810718123077,679410.0,4771.0,36143326.0,218044.0,32.09,4.4,3.1,1296518400.0
2011-01-31,51.2,51.9,48.2,51.4,49.92943261362029,608298.0,3917.0,30371974.0,135781.0,22.32,3.7,0.2,1296432000.0
2011-01-28,53.0,53.95,50.45,51.2,51.50349568825113,583290.0,3950.0,30041474.0,255068.0,43.73,3.5,-1.8,1296172800.0
2011-01-27,56.4,56.5,53.25,53.7,54.7456309356233,381489.0,1955.0,20884856.0,183451.0,48.09,3.25,-2.7,1296086400.0
2011-01-25,57.5,57.75,55.75,56.05,56.70669515091237,197068.0,1131.0,11175075.0,85870.0,43.57,2.0,-1.45,1295913600.0
2011-01-24,56.8,57.8,56.8,57.2,57.31634036064845,188882.0,1264.0,10826025.0,69868.0,36.99,1.0,0.4,1295827200.0
2011-01-21,56.1,57.5,56.1,56.7,57.03028775467338,261855.0,1488.0,14933666.0,87977.0,33.6,1.4,0.6,1295568000.0
2011-01-20,56.1,56.75,55.3,56.5,56.09826354972412,303032.0,1962.0,16999569.0,73014.0,24.09,1.45,0.4,1295481600.0
2011-01-19,57.0,57.0,55.25,56.1,56.27172777603677,344628.0,2466.0,19392813.0,109811.0,31.86,1.75,-0.9,1295395200.0
2011-01-18,56.75,57.15,55.25,55.9,56.08056839025749,430690.0,2984.0,24153340.0,152680.0,35.45,1.9,-0.85,1295308800.0
2011-01-17,59.15,59.15,56.1,56.4,57.19453986697874,469549.0,3299.0,26855639.0,177518.0,37.81,3.05,-2.75,1295222400.0
2011-01-14,61.55,61.6,58.8,59.1,60.004134714249965,547559.0,3938.0,32855804.0,204053.0,37.27,2.8,-2.45,1294963200.0
2011-01-13,62.7,63.35,61.25,61.5,62.11900868642809,454387.0,2566.0,28226070.0,99691.0,21.94,2.1,-1.2,1294876800.0
2011-01-12,62.3,63.4,60.85,62.35,62.17827083634506,532639.0,3529.0,33118572.0,165584.0,31.09,2.55,0.05,1294790400.0
2011-01-11,60.75,62.6,60.05,61.9,61.6191181011012,534415.0,3290.0,32930181.0,146368.0,27.39,2.55,1.15,1294704000.0
2011-01-10,64.5,64.5,60.5,60.9,62.02924662881417,600753.0,4961.0,37264256.0,244802.0,40.75,4.0,-3.6,1294617600.0
2011-01-07,65.05,67.1,64.1,64.35,65.21254022813788,611823.0,3372.0,39898532.0,144110.0,23.55,3.0,-0.7,1294358400.0
2011-01-06,67.5,67.7,64.7,65.6,65.74885579884513,1068868.0,3422.0,70276848.0,580576.0,54.32,3.0,-1.9,1294272000.0
2011-01-05,70.8,70.8,67.0,67.2,68.30203886688258,1176683.0,6069.0,80369848.0,496591.0,42.2,3.8,-3.6,1294185600.0
2011-01-04,69.0,71.2,67.8,70.55,70.1807012452658,1082018.0,5261.0,75936782.0,279017.0,25.79,3.4,1.55,1294099200.0
2011-01-03,67.7,69.4,67.5,68.5,68.51913339001185,910398.0,3576.0,62379682.0,197882.0,21.74,1.9,0.8,1294012800.0
2010-12-31,66.0,67.15,66.0,66.7,66.46864852121405,262986.0,1521.0,17480324.0,107671.0,40.94,1.15,0.7,1293753600.0
2010-12-30,65.2,66.0,64.45,65.85,65.4140501430254,237720.0,1311.0,15550228.0,70296.0,29.57,1.55,0.65,1293667200.0
2010-12-29,65.1,65.5,64.45,65.05,65.07045872669009,231554.0,1243.0,15067325.0,96041.0,41.48,1.05,-0.05,1293580800.0
2010-12-28,64.8,65.45,64.2,65.05,64.90844719700593,202801.0,1441.0,13163498.0,52236.0,25.76,1.25,0.25,1293494400.0
2010-12-27,66.2,66.8,64.45,64.65,65.2110940466545,330772.0,1935.0,21570004.0,115793.0,35.01,2.35,-1.55,1293408000.0
2010-12-24,64.6,67.05,64.2,65.9,66.25989830234495,1138276.0,5774.0,75422052.0,153669.0,13.5,2.85,1.3,1293148800.0
2010-12-23,65.4,65.45,63.55,63.8,64.19551946762341,307151.0,2152.0,19717718.0,148309.0,48.29,1.9,-1.6,1293062400.0
2010-12-22,66.5,66.75,65.1,65.25,65.85580877990904,202280.0,1755.0,13321313.0,81729.0,40.4,1.65,-1.25,1292976000.0
2010-12-21,67.05,67.7,66.0,66.3,66.78853267375146,314947.0,2412.0,21034848.0,132229.0,41.98,1.7,-0.75,1292889600.0
2010-12-20,67.2,67.45,65.4,67.05,66.70200018246103,537101.0,4242.0,35825711.0,277932.0,51.75,2.05,-0.15,1292803200.0
2010-12-16,64.65,67.5,64.65,67.2,66.81990989150066,606824.0,4805.0,40547925.0,244964.0,40.37,2.85,2.55,1292457600.0
2010-12-15,64.35,65.7,63.75,65.3,64.96435500715201,808164.0,4182.0,52501853.0,322465.0,39.9,1.95,0.95,1292371200.0
2010-12-14,65.0,65.4,63.7,64.05,64.35775815166097,450307.0,2680.0,28980749.0,130765.0,29.04,1.7,-0.95,1292284800.0
2010-12-13,65.0,65.5,63.1,64.2,64.37887294481864,358545.0,2423.0,23082723.0,120756.0,33.68,2.4,-0.8,1292198400.0
2010-12-10,63.8,65.9,62.5,64.15,64.24571423660645,581810.0,3510.0,37378799.0,124292.0,21.36,3.4,0.35,1291939200.0
2010-12-09,65.5,65.5,63.2,64.25,64.0001037731351,713094.0,5013.0,45638090.0,359042.0,50.35,2.3,-1.25,1291852800.0
2010-12-08,65.6,67.35,64.75,65.2,65.94720195236404,743304.0,3664.0,49018819.0,213792.0,28.76,2.6,-0.4,1291766400.0
2010-12-07,68.0,68.5,65.5,66.3,66.74909989039533,666030.0,4215.0,44456903.0,233917.0,35.12,3.0,-1.7,1291680000.0
2010-12-06,72.0,72.0,67.15,67.95,69.90573251857948,664577.0,3887.0,46457742.0,203071.0,30.56,4.85,-4.05,1291593600.0
2010-12-03,71.95,72.4,69.1,69.7,70.81595346741103,1522202.0,5121.0,107796186.0,886249.0,58.22,3.3,-2.25,1291334400.0
2010-12-02,68.25,71.9,67.7,71.45,70.3587986914018,1863368.0,9970.0,131104334.0,416646.0,22.36,4.2,3.2,1291248000.0
2010-12-01,66.5,67.9,66.5,67.5,67.37278943237087,519776.0,3047.0,35018759.0,135865.0,26.14,1.4,1.0,1291161600.0
2010-11-30,64.2,66.4,63.0,66.15,65.14685062297094,573542.0,3319.0,37364455.0,128979.0,22.49,3.4,1.95,1291075200.0
2010-11-29,64.15,64.95,62.25,64.25,63.886958580682254,591270.0,3446.0,37774442.0,84280.0,14.25,2.7,0.1,1290988800.0
2010-11-26,67.55,68.4,61.45,63.35,64.76990865217428,943208.0,5909.0,61091496.0,235656.0,24.98,6.95,-4.2,1290729600.0
2010-11-25,65.6,67.5,65.2,66.95,66.46398656459412,1576134.0,7186.0,104756149.0,569072.0,36.11,2.3,1.35,1290643200.0
2010-11-24,62.15,65.8,62.0,65.1,64.67082372690139,1911046.0,8013.0,123588919.0,882975.0,46.2,3.8,2.95,1290556800.0
2010-11-23,61.7,63.6,60.55,62.25,62.07053245730239,1348202.0,5401.0,83683616.0,493218.0,36.58,3.05,0.55,1290470400.0
2010-11-22,62.2,63.0,60.3,62.05,61.492469926371456,771440.0,4146.0,47437751.0,209923.0,27.21,2.7,-0.15,1290384000.0
2010-11-19,64.7,65.1,62.0,62.15,63.14616007520687,537185.0,3496.0,33921170.0,225815.0,42.04,3.1,-2.55,1290124800.0
2010-11-18,66.3,66.9,62.5,64.7,64.97259615862959,703551.0,3817.0,45711535.0,234644.0,33.35,4.4,-1.6,1290038400.0
2010-11-16,67.0,68.4,65.1,65.6,66.60436839149642,1351573.0,6124.0,90020666.0,589019.0,43.58,3.3,-1.4,1289865600.0
2010-11-15,65.95,66.95,65.0,66.4,65.97560480402912,709238.0,3989.0,46792406.0,268604.0,37.87,1.95,0.45,1289779200.0
2010-11-12,70.25,70.35,65.0,65.45,66.2949215579492,3055504.0,13068.0,202564398.0,1418025.0,46.41,5.35,-4.8,1289520000.0
2010-11-11,75.9,76.4,69.8,70.35,72.34646260873771,2646046.0,10579.0,191432068.0,990169.0,37.42,6.6,-5.55,1289433600.0
2010-11-10,73.5,76.45,72.25,75.25,75.41292194199119,1935189.0,8076.0,145938257.0,626143.0,32.36,4.2,1.75,1289347200.0
2010-11-09,72.0,73.6,72.0,73.05,72.98971406671434,485323.0,2301.0,35423587.0,192646.0,39.69,1.6,1.05,1289260800.0
2010-11-08,74.3,74.3,71.7,72.0,72.45077902536198,1173646.0,3127.0,85031567.0,692775.0,59.03,2.6,-2.3,1289174400.0
2010-11-05,73.5,75.0,73.5,73.95,73.99740297526361,185597.0,1046.0,13733696.0,104757.0,56.44,1.5,0.45,1288915200.0
2010-11-04,73.7,74.45,73.1,73.5,73.609940353463,362301.0,1872.0,26668955.0,107102.0,29.56,1.35,-0.2,1288828800.0
2010-11-03,71.65,74.6,71.2,73.1,73.40251930506935,1350293.0,6054.0,99114908.0,385038.0,28.52,3.4,1.45,1288742400.0
2010-11-02,72.0,72.0,69.8,70.6,70.58202188911432,2552593.0,5284.0,180167175.0,1160719.0,45.47,2.2,-1.4,1288656000.0
2010-11-01,73.45,73.45,70.1,72.05,72.28663805061107,198257.0,959.0,14331332.0,100640.0,50.76,3.35,-1.4,1288569600.0
2010-10-29,74.65,75.4,70.5,71.55,72.32759496692356,586520.0,3026.0,42421581.0,245417.0,41.84,4.9,-3.1,1288310400.0
2010-10-28,77.1,77.5,73.25,73.75,75.33036685157069,598689.0,2784.0,45099462.0,308920.0,51.6,4.25,-3.35,1288224000.0
2010-10-27,75.6,77.65,75.5,76.95,76.99832327439468,1177891.0,4305.0,90695632.0,518938.0,44.06,2.15,1.35,1288137600.0
2010-10-26,77.05,77.25,75.35,75.6,76.1301915301997,318331.0,1759.0,24234600.0,156221.0,49.08,1.9,-1.45,1288051200.0
2010-10-25,77.25,77.95,76.55,76.75,77.20340229502281,360345.0,1848.0,27819860.0,170436.0,47.3,1.4,-0.5,1287964800.0
2010-10-22,78.0,78.25,75.9,76.2,76.87896002542686,522282.0,2890.0,40152497.0,245936.0,47.09,2.35,-1.8,1287705600.0
2010-10-21,78.65,79.25,77.5,77.75,78.10642952362505,438835.0,1950.0,34275835.0,236898.0,53.98,1.75,-0.9,1287619200.0
2010-10-20,78.2,79.85,77.8,78.45,78.78845715005154,254166.0,1927.0,20025347.0,85814.0,33.76,2.05,0.25,1287532800.0
2010-10-19,79.95,81.05,78.5,79.0,79.9684143486363,615501.0,3095.0,49220639.0,180077.0,29.26,2.55,-0.95,1287446400.0
2010-10-18,81.5,82.8,77.6,79.05,79.51214501458225,923383.0,4767.0,73420163.0,316282.0,34.25,5.2,-2.45,1287360000.0
2010-10-15,84.9,84.9,81.05,81.6,82.73827979931544,422753.0,2326.0,34977856.0,162310.0,38.39,3.85,-3.3,1287100800.0
2010-10-14,85.0,85.6,83.2,84.0,84.37292298732893,638778.0,3497.0,53895567.0,144743.0,22.66,2.4,-1.0,1287014400.0
2010-10-13,84.95,85.8,83.9,84.4,84.97056540665632,1533162.0,7657.0,130273642.0,336332.0,21.94,1.9,-0.55,1286928000.0
2010-10-12,81.5,84.2,80.8,83.25,83.04851544866095,1608230.0,9126.0,133561114.0,349636.0,21.74,3.4,1.75,1286841600.0
2010-10-11,82.6,82.6,81.15,81.4,81.57515452147554,254010.0,1880.0,20720905.0,106126.0,41.78,1.45,-1.2,1286755200.0
2010-10-08,82.8,83.1,81.2,81.75,81.9375788466279,275852.0,1821.0,22602645.0,95137.0,34.49,1.9,-1.05,1286496000.0
2010-10-07,82.65,85.05,82.0,82.45,83.77636503472114,894556.0,4503.0,74942650.0,258428.0,28.89,3.05,-0.2,1286409600.0
2010-10-06,83.95,84.1,82.0,82.2,82.78621759674381,496285.0,2863.0,41085558.0,263560.0,53.11,2.1,-1.75,1286323200.0
2010-10-05,83.0,83.9,82.2,83.05,83.13368501177177,338946.0,2278.0,28177830.0,92288.0,27.23,1.7,0.05,1286236800.0
2010-10-04,85.05,85.3,81.95,82.15,83.10513915403017,803031.0,3210.0,66736003.0,361727.0,45.05,3.35,-2.9,1286150400.0
2010-10-01,81.95,85.0,81.55,84.3,83.81422666320678,1094452.0,4778.0,91730648.0,448053.0,40.94,3.45,2.35,1285891200.0
2010-09-30,82.0,82.4,80.5,81.05,81.61523754942976,436225.0,2255.0,35602607.0,104752.0,24.01,1.9,-0.95,1285804800.0
2010-09-29,83.0,83.3,80.8,81.0,81.75474054381219,261046.0,1611.0,21341748.0,89393.0,34.24,2.5,-2.0,1285718400.0
2010-09-28,82.35,83.65,81.8,82.25,82.62523569862235,429574.0,2282.0,35493653.0,93916.0,21.86,1.85,-0.1,1285632000.0
2010-09-27,84.0,84.5,82.0,82.15,82.6478123233104,626098.0,2799.0,51745630.0,259739.0,41.49,2.5,-1.85,1285545600.0
2010-09-24,81.0,83.95,80.7,83.5,82.85684550743375,1005550.0,4719.0,83316701.0,185665.0,18.46,3.25,2.5,1285286400.0
2010-09-23,82.0,82.0,80.0,80.65,80.75682914791268,678745.0,3071.0,54813294.0,221564.0,32.64,2.0,-1.35,1285200000.0
2010-09-22,84.2,84.3,80.1,81.35,82.12148044336858,659316.0,3043.0,54144006.0,287186.0,43.56,4.2,-2.85,1285113600.0
2010-09-21,85.35,85.95,83.55,83.85,84.26109514511988,546996.0,2654.0,46090482.0,163151.0,29.83,2.4,-1.5,1285027200.0
2010-09-20,86.0,86.9,83.75,84.9,85.20290116439783,676487.0,3704.0,57638655.0,161771.0,23.91,3.15,-1.1,1284940800.0
2010-09-17,86.0,87.6,85.55,85.9,86.5239308447136,843493.0,5202.0,72982330.0,196005.0,23.24,2.05,-0.1,1284681600.0
2010-09-16,84.65,86.75,83.3,85.1,85.20384180613559,1401268.0,7236.0,119393417.0,227512.0,16.24,3.45,0.45,1284595200.0
2010-09-15,83.0,85.4,82.65,84.55,84.28270533699684,1294567.0,6503.0,109109609.0,215955.0,16.68,2.75,1.55,1284508800.0
2010-09-14,84.9,85.9,82.2,82.8,83.6722591069163,1406184.0,6739.0,117658592.0,333177.0,23.69,3.7,-2.1,1284422400.0
2010-09-13,85.05,87.1,83.8,84.3,85.4008718953977,1590099.0,6671.0,135795841.0,525395.0,33.04,3.3,-0.75,1284336000.0
2010-09-09,86.7,87.55,84.75,85.0,85.80375724542945,1112943.0,5141.0,95494691.0,285819.0,25.68,2.8,-1.7,1283990400.0
2010-09-08,86.4,87.8,85.0,85.95,86.6719163500782,1445357.0,7403.0,125271861.0,267733.0,18.52,2.8,-0.45,1283904000.0
2010-09-07,85.7,88.2,83.3,86.5,86.6812216866671,4615979.0,19287.0,400118699.0,913912.0,19.8,4.9,0.8,1283817600.0
2010-09-06,83.0,88.8,82.55,87.1,86.52291882943634,6739044.0,26554.0,583081757.0,1194550.0,17.73,6.25,4.1,1283731200.0
2010-09-03,83.0,84.2,81.1,81.75,82.69547036871501,3302388.0,15783.0,273092529.0,523621.0,15.86,3.1,-1.25,1283472000.0
2010-09-02,75.0,83.95,74.9,82.3,80.82941956805331,8709686.0,34079.0,703998864.0,1955986.0,22.46,9.05,7.3,1283385600.0
2010-09-01,72.2,74.1,72.2,73.65,73.12354920430276,663946.0,3314.0,48550088.0,160551.0,24.18,1.9,1.45,1283299200.0
2010-08-31,72.5,72.75,70.3,71.5,71.47981625245569,684635.0,3144.0,48937584.0,280170.0,40.92,2.45,-1.0,1283212800.0
2010-08-30,73.5,74.9,72.0,72.75,73.0607298591242,632259.0,4706.0,46193304.0,195760.0,30.96,2.9,-0.75,1283126400.0
2010-08-27,73.8,74.7,71.3,71.85,73.3633019549277,816910.0,4031.0,59931215.0,165266.0,20.23,3.4,-1.95,1282867200.0
2010-08-26,73.45,75.7,72.0,73.9,74.45355036097038,1017812.0,5346.0,75779717.0,175598.0,17.25,3.7,0.45,1282780800.0
2010-08-25,75.25,75.25,72.45,73.45,73.84731453800006,907814.0,5150.0,67039626.0,154943.0,17.07,2.8,-1.8,1282694400.0
2010-08-24,76.8,78.7,74.9,75.25,76.92921789724005,1683321.0,9032.0,129496568.0,399237.0,23.72,3.8,-1.55,1282608000.0
2010-08-23,72.7,78.4,72.25,76.25,75.15300930256288,4704080.0,21014.0,353525768.0,1191523.0,25.33,6.15,3.55,1282521600.0
2010-08-20,68.15,72.5,66.2,71.9,71.10522916078008,2771133.0,12721.0,197042047.0,818983.0,29.55,6.3,3.75,1282262400.0
2010-08-19,69.05,69.95,67.6,68.15,68.51183188644981,712566.0,3659.0,48819202.0,212790.0,29.86,2.35,-0.9,1282176000.0
2010-08-18,66.5,69.5,66.3,69.05,68.02173178375975,2180815.0,10957.0,148342813.0,749320.0,34.36,3.2,2.55,1282089600.0
2010-08-17,63.35,66.0,63.25,65.45,64.63456237754936,712532.0,2978.0,46054194.0,270525.0,37.97,2.75,2.1,1282003200.0
2010-08-16,64.5,64.65,62.5,63.15,63.47794946120743,201469.0,1463.0,12788839.0,73927.0,36.69,2.15,-1.35,1281916800.0
2010-08-13,63.9,65.15,63.6,64.2,64.52202681898684,233193.0,1479.0,15046085.0,104299.0,44.73,1.55,0.3,1281657600.0
2010-08-12,64.35,64.35,63.4,63.9,63.86880654559232,195307.0,1398.0,12474025.0,77563.0,39.71,0.95,-0.45,1281571200.0
2010-08-11,64.8,65.35,64.0,64.3,64.63830002274048,277039.0,1964.0,17907330.0,103283.0,37.28,1.35,-0.5,1281484800.0
2010-08-10,65.25,65.7,64.2,64.8,64.98660477786481,1513898.0,1900.0,98383091.0,1220159.0,80.6,1.5,-0.45,1281398400.0
2010-08-09,64.2,65.45,63.25,65.15,64.41122306466819,427459.0,2337.0,27533157.0,133762.0,31.29,2.2,0.95,1281312000.0
2010-08-06,66.0,66.25,63.8,64.25,64.89075907734151,690483.0,2745.0,44805966.0,416695.0,60.35,2.45,-1.75,1281052800.0
2010-08-05,66.9,67.1,65.55,65.85,66.20551857154653,641869.0,3096.0,42495270.0,217677.0,33.91,1.55,-1.05,1280966400.0
2010-08-04,66.9,67.4,66.0,66.65,66.51971248459509,774915.0,3807.0,51547123.0,391062.0,50.47,1.4,-0.25,1280880000.0
2010-08-03,66.5,66.6,65.25,65.95,65.96024284272013,665616.0,2683.0,43904193.0,357911.0,53.77,1.35,-0.55,1280793600.0
2010-08-02,64.9,66.15,64.2,65.85,65.34470722215981,783256.0,4183.0,51181634.0,302015.0,38.56,1.95,0.95,1280707200.0
2010-07-30,64.0,65.1,63.1,63.9,64.37432145848905,1019466.0,5052.0,65627432.0,337962.0,33.15,2.0,-0.1,1280448000.0
2010-07-29,60.0,63.5,59.15,63.1,61.6127663005862,2232205.0,9649.0,137532325.0,492420.0,22.06,4.35,3.1,1280361600.0
2010-07-28,61.5,62.35,59.5,59.75,61.00138104638173,784188.0,3386.0,47836551.0,388404.0,49.53,2.85,-1.75,1280275200.0
2010-07-27,62.4,62.4,60.5,60.9,61.19848529728801,570541.0,3025.0,34916245.0,224484.0,39.35,1.9,-1.5,1280188800.0
2010-07-26,64.15,64.15,61.5,61.8,62.46605050937113,446531.0,2248.0,27893028.0,256812.0,57.51,2.65,-2.35,1280102400.0
2010-07-23,64.35,64.7,63.45,63.65,63.91801925817536,288397.0,1624.0,18433765.0,120291.0,41.71,1.25,-0.7,1279843200.0
2010-07-22,63.65,64.35,63.4,64.05,64.01990853020057,296054.0,1815.0,18953350.0,88528.0,29.9,0.95,0.4,1279756800.0
2010-07-21,64.1,64.5,63.35,63.55,63.79254352502063,449569.0,2541.0,28679150.0,195756.0,43.54,1.15,-0.55,1279670400.0
2010-07-20,64.0,65.1,63.6,63.85,64.37345298607688,470584.0,2727.0,30293117.0,136408.0,28.99,1.5,-0.15,1279584000.0
2010-07-19,64.7,64.7,63.0,63.45,63.4776843329956,778713.0,4279.0,49430898.0,462098.0,59.34,1.7,-1.25,1279497600.0
2010-07-16,65.0,65.4,64.4,64.7,64.85633981306412,392969.0,2356.0,25486531.0,153512.0,39.06,1.0,-0.3,1279238400.0
2010-07-15,67.35,67.45,64.5,64.8,65.33613491862062,614652.0,3751.0,40158986.0,294671.0,47.94,2.95,-2.55,1279152000.0
2010-07-14,67.3,68.35,66.65,67.0,67.32840710198353,360519.0,2323.0,24273170.0,135388.0,37.55,1.7,-0.3,1279065600.0
2010-07-13,67.45,68.75,67.15,67.3,67.72580524847454,268116.0,1698.0,18158372.0,116045.0,43.28,1.6,-0.15,1278979200.0
2010-07-12,69.25,69.5,67.05,67.45,68.26914779453251,361556.0,2162.0,24683120.0,167880.0,46.43,2.45,-1.8,1278892800.0
2010-07-09,69.45,69.55,68.05,68.5,68.76174749437736,366376.0,2348.0,25192654.0,133436.0,36.42,1.5,-0.95,1278633600.0
2010-07-08,68.45,69.7,68.2,69.05,69.02458365324809,1056271.0,6226.0,72908666.0,355792.0,33.68,1.5,0.6,1278547200.0
2010-07-07,65.3,68.2,65.2,67.6,67.01770774607594,952521.0,5394.0,63835774.0,404369.0,42.45,3.0,2.3,1278460800.0
2010-07-06,65.0,65.7,64.8,65.3,65.28080340499565,257504.0,1519.0,16810068.0,102753.0,39.9,0.9,0.3,1278374400.0
2010-07-05,64.8,65.45,64.4,64.75,64.83171952809955,299809.0,1621.0,19437133.0,87887.0,29.31,1.05,-0.05,1278288000.0
2010-07-02,64.5,65.35,64.2,64.4,64.73125286588322,381645.0,2012.0,24704359.0,135385.0,35.47,1.15,-0.1,1278028800.0
2010-07-01,64.05,65.65,63.85,64.1,64.51502740140025,916559.0,3490.0,59131829.0,529020.0,57.72,1.8,0.05,1277942400.0
2010-06-30,64.8,65.9,64.3,64.85,65.02487003673467,660956.0,4022.0,42978578.0,244804.0,37.04,1.6,0.05,1277856000.0
2010-06-29,66.5,67.5,65.7,65.95,66.63998083763892,475933.0,2779.0,31716166.0,161204.0,33.87,1.8,-0.55,1277769600.0
2010-06-28,67.55,67.65,65.75,66.65,66.38513510850848,507518.0,2922.0,33691651.0,201632.0,39.73,1.9,-0.9,1277683200.0
2010-06-25,68.4,69.2,67.0,67.35,68.17662608253998,346523.0,2649.0,23624769.0,99617.0,28.75,2.2,-1.05,1277424000.0
2010-06-24,68.25,69.6,68.0,68.35,68.98854037247294,784755.0,4885.0,54139102.0,186930.0,23.82,1.6,0.1,1277337600.0
2010-06-23,64.5,68.55,64.5,68.15,67.83681845264506,946596.0,4124.0,64214061.0,389651.0,41.16,4.05,3.65,1277251200.0
2010-06-22,67.8,68.85,67.1,67.3,67.8610402073273,1433868.0,6055.0,97303774.0,599029.0,41.78,1.75,-0.5,1277164800.0
2010-06-21,65.0,67.65,64.55,67.4,66.61255164617737,1438393.0,6991.0,95815028.0,348061.0,24.2,3.1,2.4,1277078400.0
2010-06-18,64.95,65.95,64.25,64.45,64.80705338055013,672642.0,3323.0,43591946.0,262876.0,39.08,1.7,-0.5,1276819200.0
2010-06-17,65.65,65.65,64.25,64.5,64.7741799260991,530440.0,3111.0,34358816.0,175521.0,33.09,1.4,-1.15,1276732800.0
2010-06-16,66.0,66.7,64.55,64.85,65.56830489557161,617313.0,3359.0,40476167.0,271152.0,43.92,2.15,-1.15,1276646400.0
2010-06-15,67.9,67.9,64.8,65.45,66.1284938823848,1439695.0,7003.0,95204862.0,329762.0,22.9,3.1,-2.45,1276560000.0
2010-06-14,68.2,68.2,66.8,67.25,67.30572405403986,494894.0,3050.0,33309199.0,141190.0,28.53,1.4,-0.95,1276473600.0
2010-06-11,69.3,69.3,67.45,68.1,68.19174295342552,680437.0,3173.0,46400185.0,98812.0,14.52,1.85,-1.2,1276214400.0
2010-06-10,68.0,68.85,67.45,68.05,68.12431653743725,339448.0,1795.0,23124663.0,143714.0,42.34,1.4,0.05,1276128000.0
2010-06-09,68.9,69.25,67.8,68.1,68.51257095423802,446943.0,2976.0,30621214.0,149297.0,33.4,1.45,-0.8,1276041600.0
2010-06-08,70.5,71.2,67.85,68.35,69.64718075050982,806172.0,4381.0,56147607.0,158781.0,19.7,3.35,-2.15,1275955200.0
2010-06-07,67.1,70.9,66.15,70.0,69.36618325835532,683756.0,4164.0,47429544.0,115275.0,16.86,4.75,2.9,1275868800.0
2010-06-04,72.35,72.4,69.45,69.55,70.27308849358296,1052743.0,4388.0,73979502.0,357809.0,33.99,2.95,-2.8,1275609600.0
2010-06-03,70.25,72.1,70.25,71.75,71.36340992962069,752778.0,4494.0,53720805.0,269696.0,35.83,1.85,1.5,1275523200.0
2010-06-02,70.0,70.8,67.7,70.1,68.8883977355824,851963.0,4317.0,58690366.0,314166.0,36.88,3.1,0.1,1275436800.0
2010-06-01,71.9,71.9,69.1,69.5,70.45818353778756,537121.0,3187.0,37844570.0,244193.0,45.46,2.8,-2.4,1275350400.0
2010-05-31,71.4,72.7,69.7,71.3,71.41210009564713,1021463.0,6237.0,72944818.0,216820.0,21.23,3.0,-0.1,1275264000.0
2010-05-28,66.85,71.35,66.25,70.55,69.3162901615798,2008605.0,9309.0,139229047.0,403170.0,20.07,5.1,3.7,1275004800.0
2010-05-27,66.45,67.4,64.6,65.85,66.30045839680257,705066.0,3400.0,46746199.0,194230.0,27.55,2.8,-0.6,1274918400.0
2010-05-26,65.1,66.7,64.6,65.55,65.3213995094503,693100.0,4462.0,45274262.0,320742.0,46.28,2.1,0.45,1274832000.0
2010-05-25,62.5,64.2,62.0,63.65,62.91431327897019,293336.0,1979.0,18455033.0,97125.0,33.11,2.2,1.15,1274745600.0
2010-05-24,64.2,65.25,62.8,63.1,64.34801125449576,273313.0,1854.0,17587148.0,92469.0,33.83,2.45,-1.1,1274659200.0
2010-05-21,62.0,63.8,61.25,63.4,62.63745205856484,501393.0,3441.0,31405980.0,117890.0,23.51,2.55,1.4,1274400000.0
2010-05-20,64.0,68.0,62.8,63.9,64.90582775919732,478400.0,3504.0,31050948.0,122023.0,25.51,5.2,-0.1,1274313600.0
2010-05-19,68.95,69.0,65.05,65.55,67.12025020103623,589446.0,3800.0,39563763.0,185347.0,31.44,3.95,-3.4,1274227200.0
2010-05-18,70.0,70.95,68.2,69.15,69.83313058299557,594327.0,3732.0,41503715.0,125048.0,21.04,2.75,-0.85,1274140800.0
2010-05-17,67.0,70.2,66.55,69.75,68.25219527182122,621677.0,3675.0,42430820.0,132792.0,21.36,3.65,2.75,1274054400.0
2010-05-14,70.65,71.5,68.0,68.5,70.41551422547853,1197675.0,6207.0,84334901.0,257661.0,21.51,3.5,-2.15,1273795200.0
2010-05-13,69.9,71.7,69.7,70.65,70.64142176821663,1164156.0,6011.0,82237635.0,306271.0,26.31,2.0,0.75,1273708800.0
2010-05-12,67.75,71.0,67.75,69.55,69.60905132434185,1404811.0,7306.0,97787561.0,282097.0,20.08,3.25,1.8,1273622400.0
2010-05-11,69.5,69.5,66.7,67.65,67.82586732852972,457295.0,2956.0,31016430.0,76436.0,16.71,2.8,-1.85,1273536000.0
2010-05-10,66.5,69.7,66.25,68.95,68.18606532236393,736838.0,4476.0,50242084.0,190432.0,25.84,3.45,2.45,1273449600.0
2010-05-07,66.0,66.6,64.0,65.4,65.59701995885631,504087.0,3541.0,33066605.0,130745.0,25.94,2.6,-0.6,1273190400.0
2010-05-06,69.0,69.7,66.6,67.8,68.12834022866524,723678.0,4675.0,49302981.0,139038.0,19.21,3.1,-1.2,1273104000.0
2010-05-05,65.5,69.7,63.55,69.45,67.56437247049104,1893154.0,8991.0,127909762.0,331352.0,17.5,6.15,3.95,1273017600.0
2010-05-04,68.25,69.1,65.5,66.2,67.69259953880747,696889.0,4132.0,47174228.0,205898.0,29.55,3.6,-2.05,1272931200.0
2010-05-03,69.6,69.6,67.75,68.3,68.30730053209312,596888.0,3747.0,40771808.0,164071.0,27.49,1.85,-1.3,1272844800.0
2010-04-30,72.2,72.5,69.15,69.55,70.52917669424751,876333.0,4745.0,61807045.0,413756.0,47.21,3.35,-2.65,1272585600.0
2010-04-29,71.9,73.15,71.15,71.5,72.02884241568803,571034.0,3416.0,41130918.0,126795.0,22.2,2.0,-0.4,1272499200.0
2010-04-28,72.1,72.7,70.5,71.15,71.5999243942086,396795.0,2900.0,28410492.0,132442.0,33.38,2.2,-0.95,1272412800.0
2010-04-27,74.0,74.65,72.55,72.95,73.70692238822275,421083.0,2532.0,31036732.0,129801.0,30.83,2.1,-1.05,1272326400.0
2010-04-26,74.95,75.5,73.5,74.2,74.48400080932272,696879.0,3650.0,51906336.0,123731.0,17.76,2.0,-0.75,1272240000.0
2010-04-23,75.0,75.5,72.8,73.3,73.8252006682625,685958.0,3599.0,50640987.0,165764.0,24.17,2.7,-1.7,1271980800.0
2010-04-22,76.0,76.3,74.2,74.95,75.49166800203638,705173.0,3869.0,53234686.0,118626.0,16.82,2.1,-1.05,1271894400.0
2010-04-21,75.45,77.4,75.0,75.8,76.32456740870141,1186108.0,6333.0,90529180.0,199142.0,16.79,2.4,0.35,1271808000.0
2010-04-20,75.0,75.6,73.8,74.6,74.76094318604359,1298959.0,6298.0,97111400.0,185041.0,14.25,1.8,-0.4,1271721600.0
2010-04-19,72.5,75.1,70.55,74.2,72.80891548058484,1432026.0,6129.0,104264260.0,214084.0,14.95,4.55,1.7,1271635200.0
2010-04-16,74.1,75.35,72.85,73.2,73.72302971985178,1184730.0,6100.0,87341885.0,343042.0,28.96,2.5,-0.9,1271376000.0
2010-04-15,78.4,79.5,74.4,75.25,77.29952575519081,1084461.0,4919.0,83828321.0,220097.0,20.3,5.1,-3.15,1271289600.0
2010-04-13,77.45,80.25,76.6,77.7,78.65686764262243,2466232.0,9800.0,193986084.0,398376.0,16.15,3.65,0.25,1271116800.0
2010-04-12,79.0,79.0,76.55,76.95,77.4329409757009,679737.0,3178.0,52634035.0,208487.0,30.67,2.45,-2.05,1271030400.0
2010-04-09,77.1,79.05,75.85,78.15,77.74455891087177,1384006.0,7043.0,107598936.0,187897.0,13.58,3.2,1.05,1270771200.0
2010-04-08,80.5,81.75,76.9,77.7,79.51973530045835,2347114.0,11102.0,186641884.0,476990.0,20.32,4.85,-2.8,1270684800.0
2010-04-07,74.0,82.55,73.5,81.3,78.44760930709454,8547501.0,23275.0,670531019.0,2850158.0,33.34,9.05,7.3,1270598400.0
2010-04-06,74.2,74.9,72.65,73.05,73.57832459696938,939941.0,3290.0,69159284.0,390567.0,41.55,2.25,-1.15,1270512000.0
2010-04-05,72.8,74.3,72.5,73.85,73.66829683117204,1000717.0,4190.0,73721117.0,454267.0,45.39,1.8,1.05,1270425600.0
2010-04-01,71.8,73.05,71.2,72.2,72.25267708633503,1294411.0,5235.0,93524660.0,351696.0,27.17,1.85,0.4,1270080000.0
2010-03-31,71.2,71.85,70.15,70.95,71.10638555924406,733812.0,3158.0,52178719.0,152813.0,20.82,1.7,-0.25,1269993600.0
2010-03-30,71.05,73.0,70.5,70.95,71.46503999177473,1128232.0,4028.0,80629145.0,411972.0,36.51,2.5,-0.1,1269907200.0
2010-03-29,73.9,74.35,70.4,70.8,72.33058109381355,582677.0,3085.0,42145366.0,135146.0,23.19,3.95,-3.1,1269820800.0
2010-03-26,73.2,74.8,73.1,73.6,73.83088828114782,879395.0,4755.0,64926514.0,182439.0,20.75,1.7,0.4,1269561600.0
2010-03-25,72.75,73.2,70.8,72.65,72.15271546034471,1385603.0,5083.0,99975019.0,515485.0,37.2,2.4,-0.1,1269475200.0
2010-03-23,74.15,75.15,72.65,73.05,73.99954520951452,1945951.0,8589.0,143999489.0,302977.0,15.57,2.5,-1.1,1269302400.0
2010-03-22,77.0,78.4,72.85,73.25,75.39225245953024,2475676.0,11795.0,186646790.0,678528.0,27.41,5.55,-3.75,1269216000.0
2010-03-19,75.0,79.8,73.1,77.9,76.78852839415225,4935717.0,20605.0,379006445.0,1102273.0,22.33,6.7,2.9,1268956800.0
2010-03-18,70.0,75.0,69.5,74.45,73.08279102903097,3941514.0,16074.0,288056844.0,578937.0,14.69,5.5,4.45,1268870400.0
2010-03-17,70.6,71.25,69.05,70.15,70.16723565469603,2519971.0,12664.0,176819399.0,357239.0,14.18,2.2,-0.45,1268784000.0
2010-03-16,64.8,70.55,64.8,70.0,68.82109500035625,5796473.0,21194.0,398919619.0,1426989.0,24.62,5.75,5.2,1268697600.0
2010-03-15,63.9,65.0,63.2,64.3,64.16548639487132,1171764.0,4497.0,75186807.0,453054.0,38.66,1.8,0.4,1268611200.0
2010-03-12,64.2,64.7,61.35,63.3,62.76733950472125,1769024.0,7492.0,111036930.0,467409.0,26.42,3.35,-0.9,1268352000.0
2010-03-11,63.2,64.7,63.2,63.85,64.048264135316,1299122.0,4120.0,83206509.0,381437.0,29.36,1.5,0.65,1268265600.0
2010-03-10,64.35,64.85,62.8,63.7,63.81520491716714,852198.0,4006.0,54383190.0,142938.0,16.77,2.05,-0.65,1268179200.0
2010-03-09,66.0,66.8,63.35,64.0,65.47868987935432,1873171.0,8059.0,122652783.0,521610.0,27.85,3.45,-2.0,1268092800.0
2010-03-08,64.0,66.6,63.8,65.95,65.41932459062684,2351522.0,10298.0,153834981.0,522885.0,22.24,2.8,1.95,1268006400.0
2010-03-05,65.95,66.2,63.55,63.85,64.15676396822138,1997570.0,8683.0,128157627.0,556377.0,27.85,2.65,-2.1,1267747200.0
2010-03-04,61.95,66.8,61.0,65.25,64.62438280317328,4467173.0,16315.0,288688298.0,713780.0,15.98,5.8,3.3,1267660800.0
2010-03-03,61.25,62.75,60.8,61.3,61.59307606971464,1291723.0,6155.0,79561193.0,460254.0,35.63,1.95,0.05,1267574400.0
2010-03-02,58.9,61.8,57.8,61.05,60.41152888635881,1995544.0,8404.0,120553864.0,729210.0,36.54,4.0,2.15,1267488000.0
2010-02-26,56.5,58.95,55.75,58.2,57.57511450663321,758908.0,3665.0,43694215.0,235688.0,31.06,3.2,1.7,1267142400.0
2010-02-25,55.2,57.2,55.0,56.35,56.18323438944071,487987.0,2967.0,27416688.0,100181.0,20.53,2.2,1.15,1267056000.0
2010-02-24,55.95,55.95,54.55,55.0,55.00857449980352,480961.0,1594.0,26456979.0,272556.0,56.67,1.4,-0.95,1266969600.0
2010-02-23,58.0,58.0,55.7,56.0,56.46572501614632,535726.0,2396.0,30250157.0,156174.0,29.15,2.3,-2.0,1266883200.0
2010-02-22,59.25,59.45,57.5,57.7,58.25605521575224,1008263.0,3368.0,58737425.0,240918.0,23.89,1.95,-1.55,1266796800.0
2010-02-19,59.0,59.0,57.15,58.35,58.31849114960658,682851.0,5629.0,39822840.0,288948.0,42.31,1.85,-0.65,1266537600.0
2010-02-18,59.0,59.5,57.75,59.05,58.50735900769715,1317501.0,6499.0,77083504.0,308480.0,23.41,1.75,0.05,1266451200.0
2010-02-17,57.5,59.9,57.5,58.75,58.67054382971289,2999358.0,10787.0,175973965.0,952571.0,31.76,2.4,1.25,1266364800.0
2010-02-16,55.1,57.1,54.8,56.25,56.139987482829525,615155.0,3431.0,34534794.0,214153.0,34.81,2.3,1.15,1266278400.0
2010-02-15,57.0,57.5,54.3,54.8,55.809123157238616,482903.0,2803.0,26950393.0,209394.0,43.36,3.2,-2.2,1266192000.0
2010-02-11,58.2,58.2,55.5,55.85,56.58479538934673,1122791.0,5905.0,63532899.0,271832.0,24.21,2.7,-2.35,1265846400.0
2010-02-10,52.2,59.0,52.2,57.4,55.78095321732803,1992725.0,9193.0,111156100.0,589255.0,29.57,6.8,5.2,1265760000.0
2010-02-09,51.8,52.5,51.25,51.95,52.004751235425104,288767.0,1516.0,15017256.0,86668.0,30.01,1.25,0.15,1265673600.0
2010-02-08,53.0,53.0,51.0,51.3,51.84496552393377,370982.0,2067.0,19233549.0,177556.0,47.86,2.0,-1.7,1265587200.0
2010-02-06,53.0,53.4,52.15,52.8,52.84284817432512,49379.0,373.0,2609327.0,21237.0,43.01,1.25,-0.2,1265414400.0
2010-02-05,52.0,53.0,50.75,51.9,51.77893656705622,1036906.0,3563.0,53689890.0,593573.0,57.24,2.25,-0.1,1265328000.0
2010-02-04,56.4,56.45,55.05,55.15,55.84005441648041,370476.0,1540.0,20687400.0,268007.0,72.34,1.4,-1.25,1265241600.0
2010-02-03,56.65,56.8,55.5,56.25,56.07113488382047,747636.0,2595.0,41920799.0,378648.0,50.65,1.3,-0.4,1265155200.0
2010-02-02,58.0,58.05,55.15,56.45,56.164484833287,2751585.0,6620.0,154541354.0,1985278.0,72.15,2.9,-1.55,1265068800.0
2010-02-01,53.2,57.25,53.0,56.7,55.74646574491223,1596376.0,7942.0,88992320.0,701460.0,43.94,4.25,3.5,1264982400.0
2010-01-29,50.25,53.7,49.8,52.9,51.78310130043566,976442.0,5793.0,50563195.0,307619.0,31.5,3.9,2.65,1264723200.0
2010-01-28,52.0,52.35,50.2,51.05,51.0603222039453,318556.0,1804.0,16265572.0,118074.0,37.07,2.15,-0.95,1264636800.0
2010-01-27,52.75,52.75,50.65,51.5,51.45269551923763,515448.0,1835.0,26521189.0,271539.0,52.68,2.1,-1.25,1264550400.0
2010-01-25,53.35,54.15,52.0,52.15,52.60503445626218,411246.0,2042.0,21633610.0,169522.0,41.22,2.15,-1.2,1264377600.0
2010-01-22,52.9,55.35,50.0,53.8,53.88711801692359,1095631.0,4280.0,59040397.0,396593.0,36.2,5.35,0.9,1264118400.0
2010-01-21,54.75,56.0,53.25,53.7,54.58389779686002,837078.0,3660.0,45690980.0,337312.0,40.3,2.75,-1.05,1264032000.0
2010-01-20,56.0,56.2,54.0,54.35,54.543153103079945,322051.0,1693.0,17565677.0,131782.0,40.92,2.2,-1.65,1263945600.0
2010-01-19,57.15,57.35,55.0,55.2,55.59441909780234,622480.0,3023.0,34606414.0,295991.0,47.55,2.35,-1.95,1263859200.0
2010-01-18,55.65,57.3,55.0,57.05,56.53058276761514,1294667.0,5387.0,73188280.0,729654.0,56.36,2.3,1.4,1263772800.0
2010-01-15,55.0,56.5,55.0,55.65,55.82743687186375,1836186.0,7313.0,102509558.0,832893.0,45.36,1.5,0.65,1263513600.0
2010-01-14,52.5,55.0,52.4,54.6,54.072691366632725,2352095.0,6312.0,127184107.0,1479378.0,62.9,2.6,2.1,1263427200.0
2010-01-13,51.5,52.5,50.35,52.0,51.28784573974383,560248.0,2376.0,28733913.0,155203.0,27.7,2.15,0.5,1263340800.0
2010-01-12,52.4,52.95,51.4,51.75,52.15736657598876,639259.0,2529.0,33342066.0,209044.0,32.7,1.55,-0.65,1263254400.0
2010-01-11,52.85,53.1,52.0,52.2,52.49314671014453,578992.0,2278.0,30393112.0,259402.0,44.8,1.1,-0.65,1263168000.0
2010-01-08,52.0,52.9,51.5,51.85,52.21558279175935,687810.0,2565.0,35914400.0,323832.0,47.08,1.4,-0.15,1262908800.0
2010-01-07,52.25,52.85,51.15,51.45,51.78544301874563,592458.0,2260.0,30680700.0,278901.0,47.08,1.7,-0.8,1262822400.0
2010-01-06,53.8,53.9,51.1,51.95,52.29864699280079,1204576.0,4023.0,62997695.0,475983.0,39.51,2.8,-1.85,1262736000.0
2010-01-05,52.4,53.75,51.8,53.5,52.81605085495198,2089708.0,8229.0,110370124.0,1122282.0,53.71,1.95,1.1,1262649600.0
2010-01-04,49.5,51.85,48.8,51.5,50.99351397949673,2146000.0,8078.0,109432081.0,1023837.0,47.71,3.05,2.0,1262563200.0
2009-12-31,49.2,49.8,48.7,48.8,49.18168928171293,803300.0,3107.0,39507651.0,317299.0,39.5,1.1,-0.4,1262217600.0
2009-12-30,48.15,48.95,47.75,48.55,48.315580345367934,644530.0,2449.0,31140841.0,344189.0,53.4,1.2,0.4,1262131200.0
2009-12-29,47.25,48.35,47.25,47.8,47.92849067645572,300744.0,1216.0,14414206.0,165404.0,55.0,1.1,0.55,1262044800.0
2009-12-24,48.3,48.5,47.5,47.6,47.98343072381847,581679.0,2650.0,27910954.0,237364.0,40.81,1.0,-0.7,1261612800.0
2009-12-23,47.5,49.2,47.2,47.9,48.23298797189472,2141235.0,6737.0,103278162.0,713293.0,33.31,2.0,0.4,1261526400.0
2009-12-22,47.6,47.65,47.1,47.3,47.357193650730494,402188.0,1575.0,19046495.0,175080.0,43.53,0.55,-0.3,1261440000.0
2009-12-21,48.3,48.45,46.8,47.0,47.55167412613426,505398.0,2147.0,24032521.0,213303.0,42.2,1.65,-1.3,1261353600.0
2009-12-18,48.85,49.0,47.5,47.7,48.11714098793634,823879.0,2964.0,39642702.0,298604.0,36.24,1.5,-1.15,1261094400.0
2009-12-17,48.2,49.5,48.0,48.85,48.783715081617245,960275.0,3198.0,46845782.0,281798.0,29.35,1.5,0.65,1261008000.0
2009-12-16,48.4,49.0,47.6,48.15,48.13249811368209,381696.0,1586.0,18371982.0,130145.0,34.1,1.4,-0.25,1260921600.0
2009-12-15,49.6,49.75,48.25,48.45,48.97659943525616,495800.0,2121.0,24282598.0,218492.0,44.07,1.5,-1.15,1260835200.0
2009-12-14,49.5,50.0,48.85,49.4,49.46072896641537,903032.0,3203.0,44664621.0,269001.0,29.79,1.15,-0.1,1260748800.0
2009-12-11,49.9,50.2,48.25,49.25,49.29907331338354,1174615.0,3715.0,57907431.0,486980.0,41.46,1.95,-0.65,1260489600.0
2009-12-10,49.1,50.25,48.75,49.6,49.54874648904935,1821444.0,6327.0,90250267.0,632789.0,34.74,1.5,0.5,1260403200.0
2009-12-09,47.2,49.6,46.75,48.95,48.590247356712,2441656.0,8138.0,118640669.0,982009.0,40.22,2.85,1.75,1260316800.0
2009-12-08,46.65,48.0,46.35,47.05,47.19590045520212,1834350.0,5316.0,86573800.0,779679.0,42.5,1.65,0.4,1260230400.0
2009-12-07,47.0,48.2,46.0,46.15,46.88644223235418,1227798.0,4967.0,57567080.0,653436.0,53.22,2.2,-0.85,1260144000.0
2009-12-04,48.0,48.25,46.8,47.0,47.33157395367251,1172004.0,4054.0,55472794.0,666350.0,56.86,1.45,-1.0,1259884800.0
2009-12-03,49.0,49.2,47.3,47.8,48.51589675850025,1795712.0,3144.0,87120578.0,1354004.0,75.4,1.9,-1.2,1259798400.0
2009-12-02,48.5,49.8,48.2,48.65,48.88950076591386,2003489.0,4758.0,97949577.0,1148586.0,57.33,1.6,0.15,1259712000.0
2009-12-01,48.1,48.75,47.65,47.95,48.30039545446664,980391.0,2848.0,47353273.0,618943.0,63.13,1.1,-0.15,1259625600.0
2009-11-30,49.1,49.9,47.5,47.9,48.50081610320531,866312.0,3569.0,42016839.0,467496.0,53.96,2.4,-1.2,1259539200.0
2009-11-27,49.1,49.1,47.25,48.05,48.12570621106703,779866.0,3414.0,37531602.0,435797.0,55.88,1.85,-1.05,1259280000.0
2009-11-26,52.25,52.4,49.5,49.75,50.45231933258095,661893.0,2872.0,33394037.0,369118.0,55.77,2.9,-2.5,1259193600.0
2009-11-25,53.0,53.0,51.7,51.95,52.33580142605141,525507.0,1908.0,27502830.0,348705.0,66.36,1.3,-1.05,1259107200.0
2009-11-24,53.65,53.65,52.7,53.0,52.98721889661867,469756.0,1477.0,24891064.0,248932.0,52.99,0.95,-0.65,1259020800.0
2009-11-23,52.9,54.0,52.5,53.25,53.4046983188584,820038.0,3829.0,43793882.0,248651.0,30.32,1.5,0.35,1258934400.0
2009-11-20,52.85,53.2,50.75,52.15,52.026966171143314,724352.0,3283.0,37685837.0,250417.0,34.57,2.45,-0.7,1258675200.0
2009-11-19,54.5,55.25,51.3,52.85,53.95829476150087,1237950.0,5423.0,66797671.0,432276.0,34.92,3.95,-1.65,1258588800.0
2009-11-18,55.0,55.45,54.0,54.55,54.66878369728376,801437.0,2591.0,43813586.0,278523.0,34.75,1.45,-0.45,1258502400.0
2009-11-17,54.65,55.75,54.15,54.7,54.84881239774575,1462653.0,6019.0,80224780.0,482814.0,33.01,1.6,0.05,1258416000.0
2009-11-16,54.5,55.15,53.0,53.75,54.31209942499925,1450259.0,5594.0,78766611.0,495387.0,34.16,2.15,-0.75,1258329600.0
2009-11-13,53.1,53.75,52.1,52.7,52.945423114043,471445.0,2238.0,24960855.0,131794.0,27.96,1.65,-0.4,1258070400.0
2009-11-12,54.0,54.3,52.5,52.95,53.20305535702935,645031.0,2746.0,34317620.0,217988.0,33.79,1.8,-1.05,1257984000.0
2009-11-11,52.25,54.8,51.0,54.1,53.330469473307765,1258325.0,5228.0,67107063.0,465822.0,37.02,3.8,1.85,1257897600.0
2009-11-10,54.2,54.6,50.9,52.1,52.96476670716605,854334.0,4134.0,45249601.0,263973.0,30.9,3.7,-2.1,1257811200.0
2009-11-09,55.1,56.6,53.2,53.7,54.572182775899456,1418524.0,6072.0,77411951.0,474213.0,33.43,3.4,-1.4,1257724800.0
2009-11-06,54.0,54.4,52.75,53.95,53.665992187591584,1535506.0,7011.0,82404453.0,479842.0,31.25,1.65,-0.05,1257465600.0
2009-11-05,48.0,52.8,47.75,52.05,50.50610551005665,1940706.0,7594.0,98017502.0,575858.0,29.67,5.05,4.05,1257379200.0
2009-11-04,50.45,50.85,46.85,47.8,48.136642726421854,1865478.0,5785.0,89797848.0,637407.0,34.17,4.0,-2.65,1257292800.0
2009-11-03,47.8,50.4,46.2,47.65,48.620244378908886,1834119.0,6141.0,89175314.0,681445.0,37.15,4.2,-0.15,1257206400.0
2009-10-30,47.4,49.3,47.0,47.95,48.12677696034452,1393250.0,5602.0,67052632.0,559109.0,40.13,2.3,0.55,1256860800.0
2009-10-29,47.0,47.75,45.05,45.75,46.48539605413382,2197591.0,6592.0,102155888.0,1129821.0,51.41,2.7,-1.25,1256774400.0
2009-10-28,50.95,51.5,47.0,47.75,48.83450047886649,2390019.0,9183.0,116715384.0,845463.0,35.37,4.5,-3.2,1256688000.0
2009-10-27,53.0,53.4,50.2,50.45,51.48822565581047,862978.0,3983.0,44433206.0,331596.0,38.42,3.2,-2.55,1256601600.0
2009-10-26,52.8,53.75,52.05,52.95,53.11396371918596,1192476.0,4730.0,63337127.0,399073.0,33.47,1.7,0.15,1256515200.0
2009-10-23,53.1,54.05,52.05,52.5,53.020520633886015,1841025.0,4837.0,97612104.0,1081833.0,58.76,2.0,-0.6,1256256000.0
2009-10-22,54.5,54.5,52.0,52.2,52.837034522815024,1367038.0,5894.0,72230234.0,489842.0,35.83,2.5,-2.3,1256169600.0
2009-10-21,55.3,57.2,53.75,54.2,55.50587667317065,3985248.0,13557.0,221204684.0,1346197.0,33.78,3.45,-1.1,1256083200.0
2009-10-20,52.4,56.9,52.4,54.55,54.62513964890636,7625373.0,24454.0,416537065.0,1729303.0,22.68,4.5,2.15,1255996800.0
2009-10-17,51.0,52.1,51.0,51.9,51.76833405455719,489908.0,2221.0,25361721.0,221781.0,45.27,1.1,0.9,1255737600.0
2009-10-16,52.0,52.7,49.05,50.95,51.20701549861463,1502844.0,5161.0,76956156.0,596766.0,39.71,3.65,-1.05,1255651200.0
2009-10-15,48.35,52.8,44.0,51.95,50.987993192999376,3902453.0,13358.0,198978247.0,1633257.0,41.85,8.8,3.6,1255564800.0
2009-10-14,51.4,51.4,47.35,48.25,48.31883652119655,2410392.0,6636.0,116467337.0,1149670.0,47.7,4.05,-3.15,1255478400.0
2009-10-12,44.05,48.55,39.0,48.1,47.77938542332678,2048890.0,4325.0,97894705.0,999071.0,48.76,9.55,4.05,1255305600.0
2009-10-09,47.75,48.2,46.85,47.1,47.68270976097736,1034630.0,2114.0,49333962.0,715819.0,69.19,1.35,-0.65,1255046400.0
2009-10-08,46.35,47.5,44.85,47.0,46.71679748419727,1013116.0,3479.0,47329535.0,398343.0,39.32,2.65,0.65,1254960000.0
2009-10-07,43.85,46.2,43.8,45.65,45.012567770008246,1028663.0,3168.0,46302763.0,334528.0,32.52,2.4,1.8,1254873600.0
2009-10-06,44.5,44.85,42.75,43.85,43.56425699832367,404454.0,1538.0,17619738.0,127564.0,31.54,2.1,-0.65,1254787200.0
2009-10-05,44.9,45.35,43.25,43.65,44.37795045104978,375790.0,1640.0,16676790.0,197805.0,52.64,2.1,-1.25,1254700800.0
2009-10-01,45.45,45.95,44.7,45.3,45.46768303723098,491553.0,1937.0,22349776.0,167600.0,34.1,1.25,-0.15,1254355200.0
2009-09-30,46.7,46.7,44.75,44.95,45.39651375068287,578444.0,2112.0,26259341.0,350792.0,60.64,1.95,-1.75,1254268800.0
2009-09-29,47.0,47.8,45.9,46.25,46.82774155395545,394001.0,1823.0,18450177.0,119968.0,30.45,1.9,-0.75,1254182400.0
2009-09-25,47.45,47.75,46.25,46.5,47.00777855602858,365492.0,1627.0,17180967.0,166343.0,45.51,1.5,-0.95,1253836800.0
2009-09-24,46.0,48.0,45.75,47.45,47.04838070218985,580128.0,2630.0,27294083.0,166925.0,28.77,2.25,1.45,1253750400.0
2009-09-23,47.45,47.45,45.3,46.5,46.18547176571988,516305.0,2315.0,23845790.0,215967.0,41.83,2.15,-0.95,1253664000.0
2009-09-22,47.9,48.25,46.8,47.05,47.43445306222685,419417.0,2005.0,19894816.0,214613.0,51.17,1.45,-0.85,1253577600.0
2009-09-18,47.45,48.15,46.9,47.8,47.775932258589805,564972.0,2504.0,26992064.0,254945.0,45.13,1.25,0.35,1253232000.0
2009-09-17,49.3,49.8,47.0,47.3,48.597967005201,1341666.0,4592.0,65202240.0,577769.0,43.06,2.8,-2.0,1253145600.0
2009-09-16,49.0,50.0,47.5,49.0,49.1861463227062,3058336.0,8148.0,150427762.0,1064596.0,34.81,2.5,0.0,1253059200.0
2009-09-15,45.85,48.8,44.55,48.2,47.86063330405888,3894180.0,12155.0,186377921.0,1371418.0,35.22,4.25,2.35,1252972800.0
2009-09-14,44.5,46.4,44.1,45.85,45.730882277028805,1898474.0,6602.0,86818891.0,696279.0,36.68,2.3,1.35,1252886400.0
2009-09-11,45.6,46.3,44.6,44.7,45.366602439483096,3014819.0,8330.0,136772095.0,1156027.0,38.34,1.7,-0.9,1252627200.0
2009-09-10,43.35,45.65,43.0,44.75,44.42646309701312,7098504.0,13556.0,315361426.0,3561455.0,50.17,2.65,1.4,1252540800.0
2009-09-09,43.0,43.15,42.3,42.85,42.83085266726192,908291.0,2646.0,38902878.0,321651.0,35.41,0.85,-0.15,1252454400.0
2009-09-08,43.6,43.65,42.3,42.4,43.02247127138008,721232.0,2269.0,31029183.0,339799.0,47.11,1.35,-1.2,1252368000.0
2009-09-07,43.5,43.5,42.6,43.0,42.99007480438231,2695564.0,1566.0,115882498.0,2390634.0,88.69,0.9,-0.5,1252281600.0
2009-09-04,44.3,44.3,42.5,42.7,42.87774853233229,504542.0,1663.0,21633625.0,230471.0,45.68,1.8,-1.6,1252022400.0
2009-09-03,43.3,43.3,42.2,42.55,42.66880500873976,454246.0,1345.0,19382134.0,154919.0,34.1,1.1,-0.75,1251936000.0
2009-09-02,40.95,43.0,40.65,42.85,42.4227753392603,670945.0,2399.0,28463349.0,313082.0,46.66,2.35,1.9,1251849600.0
2009-09-01,43.25,43.25,41.1,41.45,42.24325238361581,615032.0,1920.0,25980952.0,298322.0,48.51,2.15,-1.8,1251763200.0
2009-08-31,42.9,43.5,42.1,42.55,42.74148727591284,647237.0,2254.0,27663872.0,275325.0,42.54,1.4,-0.35,1251676800.0
2009-08-28,42.1,44.0,42.05,43.55,43.303662312756,1992921.0,6139.0,86300778.0,823108.0,41.3,1.95,1.45,1251417600.0
2009-08-27,41.25,42.85,41.2,42.05,42.02374690101013,1192324.0,3381.0,50105922.0,400582.0,33.6,1.65,0.8,1251331200.0
2009-08-26,41.45,42.3,41.2,41.6,41.81201130016885,923880.0,3165.0,38629281.0,255882.0,27.7,1.1,0.15,1251244800.0
2009-08-25,40.0,41.4,40.0,41.0,40.95460037649946,528022.0,1715.0,21624930.0,245088.0,46.42,1.4,1.0,1251158400.0
2009-08-24,40.25,41.25,40.0,40.9,40.56565142384749,752398.0,2484.0,30521515.0,305439.0,40.6,1.25,0.65,1251072000.0
2009-08-21,39.8,40.5,39.1,39.75,39.818144805475775,587022.0,1959.0,23374127.0,206144.0,35.12,1.4,-0.05,1250812800.0
2009-08-20,41.6,41.65,39.4,39.65,40.518148791733815,856889.0,3008.0,34719556.0,401121.0,46.81,2.25,-1.95,1250726400.0
2009-08-19,40.4,42.2,40.05,40.95,41.116865775244776,2189760.0,6098.0,90036068.0,850952.0,38.86,2.15,0.55,1250640000.0
2009-08-18,39.3,41.1,38.95,40.0,40.24904711529279,1078567.0,3425.0,43411294.0,351797.0,32.62,2.15,0.7,1250553600.0
2009-08-17,41.0,44.2,38.15,39.1,41.67533735215509,2127821.0,7511.0,88677658.0,421323.0,19.8,6.05,-1.9,1250467200.0
2009-08-14,40.0,42.25,39.65,41.65,41.54246996313079,1278845.0,3833.0,53126380.0,461142.0,36.06,2.6,1.65,1250208000.0
2009-08-13,39.8,40.5,39.4,39.9,39.91946169111865,721073.0,2519.0,28784846.0,264980.0,36.75,1.1,0.1,1250121600.0
2009-08-12,38.1,39.1,37.5,38.75,38.34070143884892,556000.0,2456.0,21317430.0,171256.0,30.8,1.6,0.65,1250035200.0
2009-08-11,38.2,39.8,37.75,38.55,38.881262221023526,533916.0,2741.0,20759328.0,150914.0,28.27,2.05,0.35,1249948800.0
2009-08-10,41.0,41.7,37.75,38.45,39.80265397006794,721033.0,3440.0,28699027.0,280755.0,38.94,3.95,-2.55,1249862400.0
2009-08-07,41.4,42.4,39.55,40.1,41.26762309509353,1176042.0,3287.0,48532458.0,665915.0,56.62,2.85,-1.3,1249603200.0
2009-08-06,42.25,43.8,41.5,41.85,42.82705765863001,2086522.0,5990.0,89359598.0,780844.0,37.42,2.3,-0.4,1249516800.0
2009-08-05,43.1,43.2,41.75,42.0,42.51383214035354,1156907.0,3487.0,49184550.0,354115.0,30.61,1.45,-1.1,1249430400.0
2009-08-04,41.0,43.55,40.05,42.65,42.32846622956345,3785071.0,10748.0,160216250.0,1459686.0,38.56,3.5,1.65,1249344000.0
2009-08-03,40.6,40.8,39.75,40.5,40.28823533472048,1303879.0,2796.0,52530984.0,522920.0,40.1,1.05,-0.1,1249257600.0
2009-07-31,40.3,41.2,39.85,40.25,40.54451741764476,2611461.0,6711.0,105880426.0,1287659.0,49.31,1.35,-0.05,1248998400.0
2009-07-30,39.1,40.45,38.8,39.95,39.83777038321879,4769573.0,7255.0,190009154.0,3159779.0,66.25,1.65,0.85,1248912000.0
2009-07-29,39.5,39.65,36.8,38.3,38.246087430436496,2442193.0,4075.0,93404327.0,1501134.0,61.47,2.85,-1.2,1248825600.0
2009-07-28,39.0,40.15,38.25,39.1,39.40245791818636,1880860.0,4492.0,74110507.0,675538.0,35.92,1.9,0.1,1248739200.0
2009-07-27,38.0,39.75,37.6,39.05,38.63556467719221,2754379.0,7025.0,106416988.0,1190298.0,43.21,2.15,1.05,1248652800.0
2009-07-24,38.4,38.65,36.3,37.3,37.34353652368387,1969188.0,6567.0,73536444.0,854806.0,43.41,2.35,-1.1,1248393600.0
2009-07-23,38.6,39.5,36.75,37.55,37.79344912254537,3674378.0,9670.0,138867418.0,1196520.0,32.56,2.75,-1.05,1248307200.0
2009-07-22,37.2,38.5,37.2,38.05,37.8315902272102,2457108.0,6461.0,92956303.0,1371507.0,55.82,1.3,0.85,1248220800.0
2009-07-21,35.25,37.25,34.6,37.0,36.33468489536487,2501550.0,6748.0,90893031.0,1242910.0,49.69,2.65,1.75,1248134400.0
2009-07-20,36.8,36.8,34.75,35.05,35.394235935648574,988261.0,3355.0,34978743.0,424520.0,42.96,2.05,-1.75,1248048000.0
2009-07-17,34.9,36.8,34.8,36.0,35.86103908267578,3800968.0,8740.0,136306662.0,2270600.0,59.74,2.0,1.1,1247788800.0
2009-07-16,33.8,35.1,33.0,33.6,33.616429751959046,4322512.0,5209.0,145307421.0,3439323.0,79.57,2.1,-0.2,1247702400.0
2009-07-15,32.5,33.9,31.7,33.2,33.14825501059896,1856315.0,5858.0,61533603.0,569330.0,30.67,2.2,0.7,1247616000.0
2009-07-14,31.05,32.65,30.75,32.35,31.83957314075973,1088415.0,3307.0,34654669.0,422126.0,38.78,1.9,1.3,1247529600.0
2009-07-13,31.0,31.1,29.7,30.45,30.39814142397489,764241.0,3819.0,23231506.0,278131.0,36.39,1.4,-0.55,1247443200.0
2009-07-10,31.2,32.95,30.7,31.35,32.10189537902221,1866012.0,7074.0,59902522.0,775424.0,41.56,2.25,0.15,1247184000.0
2009-07-09,29.3,31.5,29.3,31.1,30.677282881408825,1134334.0,4466.0,34798285.0,458188.0,40.39,2.2,1.8,1247097600.0
2009-07-08,29.75,30.2,29.25,29.65,29.70850990575296,932337.0,2545.0,27698343.0,571766.0,61.33,0.95,-0.1,1247011200.0
2009-07-07,29.0,30.85,28.6,30.6,29.773188747841328,874961.0,3235.0,26050379.0,346991.0,39.66,2.25,1.6,1246924800.0
2009-07-06,31.5,32.4,28.75,29.05,30.55802813717833,991002.0,4842.0,30283067.0,373074.0,37.65,3.65,-2.45,1246838400.0
2009-07-03,30.6,31.45,30.4,31.2,30.99455153963285,756544.0,2176.0,23448742.0,339823.0,44.92,1.05,0.6,1246579200.0
2009-07-02,32.1,32.8,31.0,31.25,31.88731926907125,1214236.0,3616.0,38718731.0,316448.0,26.06,1.8,-0.85,1246492800.0
2009-07-01,30.9,32.4,30.55,32.1,31.647388950771955,1241589.0,3551.0,39293050.0,388805.0,31.32,1.85,1.2,1246406400.0
2009-06-30,32.45,32.45,30.3,30.8,31.312673268567664,2074453.0,2823.0,64956669.0,1529679.0,73.74,2.15,-1.65,1246320000.0
2009-06-29,32.7,32.8,31.4,31.9,31.963149313418302,1277561.0,3429.0,40834873.0,482512.0,37.77,1.4,-0.8,1246233600.0
2009-06-26,31.55,33.2,31.55,32.9,32.393192263263224,2420452.0,6728.0,78406167.0,999656.0,41.3,1.65,1.35,1245974400.0
2009-06-25,31.8,32.15,31.25,31.45,31.710895226358048,1142482.0,4256.0,36229127.0,438138.0,38.35,0.9,-0.35,1245888000.0
2009-06-24,31.0,32.6,30.5,31.45,31.65002381943176,1593237.0,6751.0,50425989.0,401986.0,25.23,2.1,0.45,1245801600.0
2009-06-23,30.0,30.7,29.1,30.45,30.14938658722441,1392374.0,5036.0,41979222.0,554567.0,39.83,1.6,0.45,1245715200.0
2009-06-22,31.6,32.15,30.5,30.7,31.376724650801865,1546400.0,5256.0,48520967.0,382108.0,24.71,1.65,-0.9,1245628800.0
2009-06-19,30.1,32.15,30.0,31.15,31.314458244974507,2292263.0,7483.0,71780974.0,595822.0,25.99,2.15,1.05,1245369600.0
2009-06-18,32.0,32.6,29.3,30.95,31.188751688382023,4298494.0,13188.0,134064662.0,1039872.0,24.19,3.3,-1.05,1245283200.0
2009-06-17,35.45,36.7,31.15,31.75,34.880192615046695,14335744.0,36222.0,500033512.0,4228935.0,29.5,5.55,-3.7,1245196800.0
2009-06-16,31.0,35.2,30.85,34.8,33.625269807641025,11920993.0,19927.0,400846606.0,4885019.0,40.98,4.35,3.8,1245110400.0
2009-06-15,30.9,32.2,30.45,31.8,31.61857448708093,2932334.0,7058.0,92716221.0,1194193.0,40.72,1.75,0.9,1245024000.0
2009-06-12,32.9,33.25,30.6,30.9,31.99668704787547,3853059.0,10762.0,123285123.0,1645649.0,42.71,2.65,-2.0,1244764800.0
2009-06-11,29.5,33.35,29.3,32.35,31.42662504234568,10420190.0,22132.0,327471404.0,4828121.0,46.33,4.05,2.85,1244678400.0
2009-06-10,30.4,30.95,29.55,29.9,30.41848845645725,3193517.0,8829.0,97141960.0,1398355.0,43.79,1.4,-0.5,1244592000.0
2009-06-09,29.0,30.3,28.25,29.65,29.486589404994664,2431995.0,5294.0,71711238.0,1303099.0,53.58,2.05,0.65,1244505600.0
2009-06-08,29.9,31.0,28.5,29.15,29.897755082280607,2179189.0,5556.0,65152859.0,911169.0,41.81,2.5,-0.75,1244419200.0
2009-06-05,29.5,30.5,29.25,29.6,29.930784288710647,3644895.0,9154.0,109094566.0,1638107.0,44.94,1.25,0.1,1244160000.0
2009-06-04,29.75,30.0,28.75,28.9,29.16195912617684,1780406.0,3812.0,51920127.0,1197327.0,67.25,1.25,-0.85,1244073600.0
2009-06-03,29.9,30.7,29.05,29.45,30.013418337824373,1752378.0,4235.0,52594854.0,952049.0,54.33,1.65,-0.45,1243987200.0
2009-06-02,31.9,32.0,28.9,29.05,29.393196941458264,2822260.0,4680.0,82955244.0,2058122.0,72.92,3.1,-2.85,1243900800.0
2009-06-01,32.0,32.45,30.85,31.1,31.450569657798123,1080561.0,2981.0,33984259.0,594269.0,55.0,1.6,-0.9,1243814400.0
2009-05-29,32.7,32.7,31.05,31.3,31.942939575394664,1653300.0,3685.0,52811262.0,969908.0,58.66,1.65,-1.4,1243555200.0
2009-05-28,31.9,33.5,31.65,31.9,32.511323745451854,2809936.0,8501.0,91354739.0,1184830.0,42.17,1.85,0.0,1243468800.0
2009-05-27,30.5,31.9,29.8,31.35,30.935263135326736,1958992.0,4928.0,60601933.0,898509.0,45.87,2.1,0.85,1243382400.0
2009-05-26,31.0,31.5,28.4,29.15,30.09208926537307,1277315.0,3458.0,38437077.0,713279.0,55.84,3.1,-1.85,1243296000.0
2009-05-25,30.8,31.4,30.0,30.4,30.484874066545704,1214173.0,3308.0,37013911.0,651464.0,53.65,1.4,-0.4,1243209600.0
2009-05-22,30.05,30.25,29.05,29.55,29.620397069862552,772660.0,1679.0,22886496.0,533098.0,69.0,1.2,-0.5,1242950400.0
2009-05-21,29.0,31.0,27.85,29.7,30.05578784484121,1891559.0,3511.0,56852296.0,1166870.0,61.69,3.15,0.7,1242864000.0
2009-05-20,29.8,30.1,29.0,29.4,29.44085400662623,767254.0,2163.0,22588613.0,456916.0,59.55,1.1,-0.4,1242777600.0
2009-05-19,30.2,31.5,26.15,29.25,29.23453084762438,1687245.0,5187.0,49325816.0,769974.0,45.63,5.35,-0.95,1242691200.0
2009-05-18,28.75,30.4,28.5,29.35,29.1293023255814,62350.0,31.0,1816212.0,62350.0,100.0,1.9,0.6,1242604800.0
2009-05-15,26.75,26.75,25.6,26.5,26.358154221288068,520019.0,1313.0,13706741.0,339360.0,65.26,1.15,-0.25,1242345600.0
2009-05-14,26.0,26.25,25.1,26.0,25.97741304871771,336079.0,764.0,8730463.0,205334.0,61.1,1.15,0.0,1242259200.0
2009-05-13,30.0,30.0,26.0,26.35,26.92040445250741,974552.0,2970.0,26235334.0,564906.0,57.97,4.0,-3.65,1242172800.0
2009-05-12,25.8,26.75,25.4,26.3,26.04216877130971,311771.0,1326.0,8119193.0,140237.0,44.98,1.35,0.5,1242086400.0
2009-05-11,27.1,27.5,26.0,26.05,26.331936883324094,698199.0,1538.0,18384932.0,492303.0,70.51,1.5,-1.05,1242000000.0
2009-05-08,25.9,27.45,24.85,26.8,26.0682388573765,1824503.0,3890.0,47561580.0,910012.0,49.88,2.6,0.9,1241740800.0
2009-05-07,23.9,25.75,23.9,25.45,24.937121012890767,1319471.0,4025.0,32903808.0,566583.0,42.94,1.85,1.55,1241654400.0
2009-05-06,23.5,24.75,22.85,23.4,23.9687309568874,991172.0,3465.0,23757135.0,365244.0,36.85,1.9,-0.1,1241568000.0
2009-05-05,24.1,24.4,22.7,22.85,23.53776346148677,706887.0,2358.0,16638539.0,371662.0,52.58,1.7,-1.25,1241481600.0
2009-05-04,22.5,23.8,21.4,23.4,22.79806096325441,788639.0,2693.0,17979440.0,427666.0,54.23,2.4,0.9,1241395200.0
2009-04-29,21.65,22.8,20.7,21.5,21.922555496317308,800909.0,3116.0,17557972.0,245986.0,30.71,2.1,-0.15,1240963200.0
2009-04-28,22.0,22.4,21.0,21.25,21.727697735449,57539.0,399.0,1250190.0,33903.0,58.92,1.4,-0.75,1240876800.0
2009-04-27,22.0,22.35,21.4,22.25,22.080059847073464,139021.0,611.0,3069592.0,91417.0,65.76,0.95,0.25,1240790400.0
2009-04-24,22.2,22.5,21.55,21.75,21.97532322325633,127002.0,612.0,2790910.0,53024.0,41.75,0.95,-0.45,1240531200.0
2009-04-23,23.0,23.0,20.9,21.55,21.35885970478523,505869.0,1379.0,10804785.0,331006.0,65.43,2.1,-1.45,1240444800.0
2009-04-22,21.7,22.8,21.65,21.85,22.09214098860636,80659.0,489.0,1781930.0,35389.0,43.87,1.15,0.15,1240358400.0
2009-04-21,21.9,22.4,20.85,21.95,21.935901741958137,131002.0,654.0,2873647.0,75193.0,57.4,1.55,0.05,1240272000.0
2009-04-20,22.0,22.75,21.75,22.05,22.26396371585452,116194.0,667.0,2586939.0,51025.0,43.91,1.0,0.05,1240185600.0
2009-04-17,21.7,23.1,21.5,22.0,22.547785726074927,248411.0,1358.0,5601118.0,127586.0,51.36,1.6,0.3,1239926400.0
2009-04-16,23.25,23.9,20.65,21.75,22.346716966580164,632738.0,2291.0,14139617.0,338937.0,53.57,3.25,-1.5,1239840000.0
2009-04-15,22.25,23.75,22.1,23.0,23.191854155794864,674528.0,2374.0,15643555.0,386405.0,57.29,1.65,0.75,1239753600.0
2009-04-13,20.45,23.65,20.25,22.4,21.72426257168124,737292.0,2829.0,16017125.0,445128.0,60.37,3.4,1.95,1239580800.0
2009-04-09,20.45,20.7,19.75,20.05,20.171704015582268,254135.0,1284.0,5126336.0,116656.0,45.9,0.95,-0.4,1239235200.0
2009-04-08,19.5,20.25,18.5,20.1,19.699569088444303,255969.0,1161.0,5042479.0,100322.0,39.19,1.75,0.6,1239148800.0
2009-04-06,20.25,20.75,19.45,19.65,19.880578697353407,277036.0,1185.0,5507636.0,146330.0,52.82,1.3,-0.6,1238976000.0
2009-04-02,19.0,19.95,18.6,19.7,19.35023039298257,635219.0,2550.0,12291634.0,427828.0,67.35,1.35,0.7,1238630400.0
2009-04-01,18.3,18.85,17.75,18.4,18.37286442020508,275218.0,1279.0,5056543.0,113712.0,41.32,1.1,0.1,1238544000.0
2009-03-31,17.0,18.5,17.0,18.18,17.93843415494906,325294.0,1055.0,5835265.0,188358.0,57.9,1.5,1.18,1238457600.0
2009-03-30,17.81,17.81,17.0,17.08,17.27026202046348,81902.0,442.0,1414469.0,48183.0,58.83,0.81,-0.73,1238371200.0
2009-03-27,17.6,18.1,17.51,17.83,17.891099953987045,245583.0,857.0,4393750.0,126344.0,51.45,0.59,0.23,1238112000.0
2009-03-26,17.6,17.85,17.23,17.51,17.488606984662667,165935.0,653.0,2901972.0,105772.0,63.74,0.62,-0.09,1238025600.0
2009-03-25,17.75,17.99,16.95,17.22,17.23546511627907,250088.0,1096.0,4310383.0,114844.0,45.92,1.04,-0.53,1237939200.0
2009-03-24,18.1,18.3,17.4,17.74,17.773046372478056,316373.0,1314.0,5622912.0,149468.0,47.24,0.9,-0.36,1237852800.0
2009-03-23,18.5,18.75,17.65,17.9,18.012480708109287,283798.0,1431.0,5111906.0,124016.0,43.7,1.1,-0.6,1237766400.0
2009-03-20,18.8,18.99,18.15,18.3,18.645967902588914,732894.0,3012.0,13665518.0,237538.0,32.41,0.84,-0.5,1237507200.0
2009-03-19,18.9,19.95,17.41,18.27,18.82910295615465,4067683.0,12495.0,76590822.0,800472.0,19.68,2.54,-0.63,1237420800.0
2009-03-18,16.8,18.5,16.8,18.16,17.65983363867513,683933.0,2868.0,12078143.0,278830.0,40.77,1.7,1.36,1237334400.0
2009-03-17,16.4,16.65,16.0,16.49,16.323778231961295,270571.0,1092.0,4416741.0,118422.0,43.77,0.65,0.09,1237248000.0
2009-03-16,15.69,16.49,15.62,16.08,15.98340856377537,2561020.0,2012.0,40933829.0,2229845.0,87.07,0.87,0.39,1237161600.0
2009-03-13,16.3,16.3,15.25,15.44,15.633198732590332,1205293.0,1053.0,18842585.0,1117338.0,92.7,1.05,-0.86,1236902400.0
2009-03-12,16.2,16.31,15.18,15.31,15.57505864672678,218256.0,1213.0,3399350.0,83460.0,38.24,1.13,-0.89,1236816000.0
2009-03-09,15.49,16.2,15.4,15.72,15.817853366231937,192916.0,827.0,3051517.0,89273.0,46.28,0.8,0.23,1236556800.0
2009-03-06,15.7,15.87,15.0,15.36,15.414439060071317,273425.0,1574.0,4214693.0,85933.0,31.43,0.87,-0.34,1236297600.0
2009-03-05,17.55,17.55,15.2,15.6,16.328638932050296,313423.0,1875.0,5117771.0,110492.0,35.25,2.35,-1.95,1236211200.0
2009-03-04,18.0,18.54,17.06,17.17,17.694000392558827,458530.0,2217.0,8113230.0,92020.0,20.07,1.48,-0.83,1236124800.0
2009-03-03,18.25,19.05,16.6,18.26,18.2348799344299,2894002.0,9399.0,52771779.0,517101.0,17.87,2.45,0.01,1236038400.0
2009-03-02,15.0,20.4,14.75,18.51,18.411429175188488,3312575.0,8441.0,60989240.0,540236.0,16.31,5.65,3.51,1235952000.0
2009-02-27,15.0,15.25,14.8,14.95,15.027888723759984,43064.0,297.0,647161.0,26112.0,60.64,0.45,-0.05,1235692800.0
2009-02-26,15.3,15.65,14.85,14.95,15.005315494736548,4179103.0,1231.0,62708759.0,4014852.0,96.07,0.8,-0.35,1235606400.0
2009-02-25,17.0,17.0,15.0,15.45,15.93339236695298,112930.0,645.0,1799358.0,65651.0,58.13,2.0,-1.55,1235520000.0
2009-02-24,16.05,16.25,15.6,16.0,15.8679441082756,68418.0,369.0,1085653.0,31030.0,45.35,0.65,-0.05,1235433600.0
2009-02-20,16.25,16.8,16.0,16.25,16.377017684098337,71307.0,389.0,1167796.0,44817.0,62.85,0.8,0.0,1235088000.0
2009-02-19,17.1,17.1,16.75,16.85,16.850167126606372,548985.0,238.0,9250489.0,537887.0,97.98,0.35,-0.25,1235001600.0
2009-02-18,16.9,17.0,16.7,16.8,16.854393230104428,55540.0,275.0,936093.0,31525.0,56.76,0.3,-0.1,1234915200.0
2009-02-17,17.4,17.5,16.75,16.8,16.97230234494744,82859.0,365.0,1406308.0,46149.0,55.7,0.75,-0.6,1234828800.0
2009-02-16,17.7,18.0,17.15,17.4,17.492699702185394,117187.0,559.0,2049917.0,78372.0,66.88,0.85,-0.3,1234742400.0
2009-02-13,17.5,17.95,17.3,17.7,17.575366798110057,197043.0,709.0,3463103.0,118579.0,60.18,0.65,0.2,1234483200.0
2009-02-12,16.8,17.9,16.8,17.2,17.40561506395177,274191.0,851.0,4772463.0,128076.0,46.71,1.1,0.4,1234396800.0
2009-02-11,17.0,17.1,16.85,16.95,16.982854990882423,50452.0,249.0,856819.0,43380.0,85.98,0.25,-0.05,1234310400.0
2009-02-10,17.2,17.2,16.95,17.05,17.021352817282065,268255.0,386.0,4566063.0,223164.0,83.19,0.25,-0.15,1234224000.0
2009-02-09,17.0,17.4,16.85,16.95,17.02402388247309,63645.0,338.0,1083494.0,41489.0,65.19,0.55,-0.05,1234137600.0
2009-02-06,17.1,17.35,17.0,17.05,17.174530860180063,46095.0,340.0,791660.0,30516.0,66.2,0.35,-0.05,1233878400.0
2009-02-05,17.2,17.4,16.9,17.1,17.104891229042536,43302.0,326.0,740676.0,26034.0,60.12,0.5,-0.1,1233792000.0
2009-02-04,17.2,17.6,17.1,17.2,17.32219331598959,44973.0,335.0,779031.0,23801.0,52.92,0.5,0.0,1233705600.0
2009-02-03,17.45,17.95,17.0,17.4,17.548196533597043,38426.0,351.0,674307.0,21715.0,56.51,0.95,-0.05,1233619200.0
2009-02-02,17.25,18.05,17.25,17.45,17.684478011171425,63555.0,441.0,1123937.0,34307.0,53.98,0.8,0.2,1233532800.0
2009-01-30,16.85,17.7,16.5,17.55,17.313087812131865,51781.0,438.0,896489.0,33494.0,64.68,1.2,0.7,1233273600.0
2009-01-29,17.95,17.95,16.9,17.1,17.281110653769638,116616.0,717.0,2015254.0,61069.0,52.37,1.05,-0.85,1233187200.0
2009-01-28,17.9,18.0,17.55,17.65,17.714915091316882,49936.0,310.0,884612.0,33204.0,66.49,0.45,-0.25,1233100800.0
2009-01-27,17.5,18.2,17.5,17.65,17.761616736639866,42159.0,286.0,748812.0,24270.0,57.57,0.7,0.15,1233014400.0
2009-01-23,18.05,18.35,17.7,17.8,17.89930987668288,79551.0,519.0,1423908.0,42685.0,53.66,0.65,-0.25,1232668800.0
2009-01-22,18.65,18.75,18.15,18.2,18.48660233809612,107780.0,453.0,1992486.0,62314.0,57.82,0.6,-0.45,1232582400.0
2009-01-21,18.65,19.15,18.5,18.5,18.6952225546188,99279.0,489.0,1856043.0,55440.0,55.84,0.65,-0.15,1232496000.0
2009-01-20,18.5,19.3,18.45,19.05,18.96504921443209,257648.0,726.0,4886307.0,130736.0,50.74,0.85,0.55,1232409600.0
2009-01-19,19.4,19.4,18.7,18.95,18.95283856277257,129555.0,656.0,2455435.0,55997.0,43.22,0.7,-0.45,1232323200.0
2009-01-16,19.5,19.65,18.8,19.1,19.17368225397896,115671.0,659.0,2217839.0,60098.0,51.96,0.85,-0.4,1232064000.0
2009-01-15,18.6,19.65,18.1,19.3,18.95898213407638,195232.0,836.0,3701400.0,84660.0,43.36,1.55,0.7,1231977600.0
2009-01-14,18.35,19.7,18.35,19.35,18.976195644023846,253399.0,1250.0,4808549.0,121088.0,47.79,1.35,1.0,1231891200.0
2009-01-13,18.65,18.9,18.15,18.25,18.465376278965987,125492.0,625.0,2317257.0,81556.0,64.99,0.75,-0.4,1231804800.0
2009-01-12,18.65,19.2,18.45,18.6,18.70504321266183,144055.0,669.0,2694555.0,78465.0,54.47,0.75,-0.05,1231718400.0
2009-01-09,18.85,19.25,18.1,18.85,18.68833958323444,252804.0,1327.0,4724487.0,119772.0,47.38,1.15,0.0,1231459200.0
2009-01-07,20.85,21.3,18.85,19.4,20.02069944564364,652288.0,2150.0,13059262.0,340998.0,52.28,2.45,-1.45,1231286400.0
2009-01-06,20.5,20.9,20.2,20.7,20.59461572112528,1147526.0,2372.0,23632857.0,706679.0,61.58,0.7,0.2,1231200000.0
2009-01-05,20.7,20.9,20.15,20.3,20.451865792588087,1193943.0,1576.0,24418362.0,467571.0,39.16,0.75,-0.4,1231113600.0
2009-01-02,21.5,21.5,20.0,20.1,20.31111214130082,539275.0,1658.0,10953275.0,314552.0,58.33,1.5,-1.4,1230854400.0
2009-01-01,20.05,20.6,19.9,20.35,20.19003418274888,465732.0,1616.0,9403145.0,216752.0,46.54,0.7,0.3,1230768000.0
2008-12-31,20.8,20.9,19.75,19.85,19.894235781148364,1857112.0,1511.0,36945824.0,1700284.0,91.56,1.15,-0.95,1230681600.0
2008-12-30,19.4,20.25,18.85,20.0,19.71005231274757,595266.0,1610.0,11732724.0,439027.0,73.75,1.4,0.6,1230595200.0
2008-12-29,18.9,18.95,18.25,18.75,18.68750499275337,175254.0,842.0,3275060.0,108392.0,61.85,0.7,-0.15,1230508800.0
2008-12-26,19.6,19.6,18.15,18.55,19.063668528864056,375900.0,1655.0,7166033.0,209226.0,55.66,1.45,-1.05,1230249600.0
2008-12-24,19.0,19.35,18.55,19.1,19.01679477683105,450914.0,1410.0,8574939.0,256980.0,56.99,0.8,0.1,1230076800.0
2008-12-23,19.5,20.1,18.35,18.95,19.15862056397512,438991.0,1849.0,8410462.0,254362.0,57.94,1.75,-0.55,1229990400.0
2008-12-22,20.0,20.7,19.3,19.4,20.11153270803533,366332.0,1239.0,7367498.0,203818.0,55.64,1.4,-0.6,1229904000.0
2008-12-19,20.0,20.5,19.6,19.8,20.006951642813,315465.0,1172.0,6311493.0,167769.0,53.18,0.9,-0.2,1229644800.0
2008-12-18,19.85,20.35,19.55,19.85,19.852805560732502,289746.0,1081.0,5752271.0,122426.0,42.25,0.8,0.0,1229558400.0
2008-12-17,20.75,21.4,19.6,19.9,20.705676613905823,689337.0,2552.0,14273189.0,251218.0,36.44,1.8,-0.85,1229472000.0
2008-12-16,20.0,20.85,19.6,20.2,20.302467179218787,542644.0,1983.0,11017012.0,246687.0,45.46,1.25,0.2,1229385600.0
2008-12-15,19.75,20.2,18.6,19.65,19.32413093682708,5318687.0,3651.0,102779004.0,4453423.0,83.73,1.6,-0.1,1229299200.0
2008-12-12,19.2,21.0,18.75,18.9,19.40400655989016,962821.0,1425.0,18682585.0,555230.0,57.67,2.25,-0.3,1229040000.0
2008-12-11,20.45,21.3,18.8,19.35,20.529503771634964,1042121.0,2119.0,21394227.0,541513.0,51.96,2.5,-1.1,1228953600.0
2008-12-10,20.7,20.7,20.0,20.25,20.192499116976528,186858.0,883.0,3773130.0,94445.0,50.54,0.7,-0.45,1228867200.0
2008-12-08,21.0,21.7,20.3,20.45,20.75910329976724,401695.0,653.0,8338828.0,206534.0,51.42,1.4,-0.55,1228694400.0
2008-12-05,20.9,21.0,20.4,20.55,20.80568799317108,96062.0,637.0,1998636.0,58791.0,61.2,0.6,-0.35,1228435200.0
2008-12-04,20.85,21.0,20.65,20.85,20.980956773430183,778387.0,616.0,16331304.0,711163.0,91.36,0.35,0.0,1228348800.0
2008-12-03,20.25,21.65,20.0,21.15,21.13860567285313,1437654.0,1085.0,30390001.0,812792.0,56.54,1.65,0.9,1228262400.0
2008-12-02,20.0,20.5,19.65,20.1,20.060923580439663,239546.0,760.0,4805514.0,157694.0,65.83,0.85,0.1,1228176000.0
2008-12-01,20.7,21.45,20.3,20.5,20.775870096059744,105247.0,561.0,2186598.0,65248.0,62.0,1.15,-0.2,1228089600.0
2008-11-28,20.8,21.25,20.8,20.95,20.947259094133145,39476.0,464.0,826914.0,20435.0,51.77,0.45,0.15,1227830400.0
2008-11-26,22.25,22.25,20.5,21.25,21.04948623039276,137513.0,1128.0,2894578.0,62217.0,45.24,1.75,-1.0,1227657600.0
2008-11-25,21.85,22.5,21.8,22.15,21.997359085534093,76110.0,453.0,1674219.0,40626.0,53.38,0.7,0.3,1227571200.0
2008-11-24,22.0,23.0,21.55,21.85,22.183746668140667,81411.0,775.0,1806001.0,44579.0,54.76,1.45,-0.15,1227484800.0
2008-11-21,21.5,22.95,21.15,22.5,22.209828189886817,122810.0,1022.0,2727589.0,47443.0,38.63,1.8,1.0,1227225600.0
2008-11-20,22.5,22.5,20.5,21.85,21.368090718158285,122842.0,1345.0,2624899.0,43895.0,35.73,2.0,-0.65,1227139200.0
2008-11-19,22.7,23.45,21.75,22.45,22.6348301628624,225098.0,1753.0,5095055.0,90788.0,40.33,1.7,-0.25,1227052800.0
2008-11-18,24.6,24.6,18.3,22.65,21.44643584635502,4283303.0,12868.0,91861583.0,1534560.0,35.83,6.3,-1.95,1226966400.0
2008-11-17,25.3,26.85,24.4,25.25,25.99307579344024,3859648.0,4313.0,100324123.0,1189184.0,30.81,2.45,-0.05,1226880000.0
2008-11-14,25.4,25.5,24.25,24.8,24.744279996526377,2832778.0,1667.0,70095052.0,901191.0,31.81,1.25,-0.6,1226620800.0
2008-11-12,25.5,26.4,24.8,25.2,25.62728168987885,1128933.0,2087.0,28931484.0,267311.0,23.68,1.6,-0.3,1226448000.0
2008-11-11,26.6,27.3,25.6,26.25,26.81552520054488,264280.0,1467.0,7086807.0,143992.0,54.48,1.7,-0.35,1226361600.0
2008-11-10,25.55,27.1,25.55,26.75,26.621682589890067,772666.0,2111.0,20569669.0,505266.0,65.39,1.55,1.2,1226275200.0
2008-11-07,25.3,26.2,23.8,25.75,25.151653629751607,291480.0,1766.0,7331204.0,103804.0,35.61,2.4,0.45,1226016000.0
2008-11-06,24.2,26.35,23.4,25.25,25.079446290115232,770873.0,2034.0,19333068.0,338163.0,43.87,2.95,1.05,1225929600.0
2008-11-05,25.6,25.75,23.8,25.3,25.182582756632968,1587335.0,1803.0,39973195.0,153551.0,9.67,1.95,-0.3,1225843200.0
2008-11-04,25.0,26.15,24.15,25.15,25.0477663234804,753041.0,1749.0,18861995.0,464163.0,61.64,2.0,0.15,1225756800.0
2008-11-03,24.0,25.25,23.9,24.45,24.737669095270885,360152.0,1655.0,8909321.0,157215.0,43.65,1.35,0.45,1225670400.0
2008-10-31,22.75,24.95,21.1,23.9,23.174817517366936,828298.0,3061.0,19195655.0,371610.0,44.86,3.85,1.15,1225411200.0
2008-10-29,26.0,26.0,22.0,22.75,23.339511840544777,209112.0,1352.0,4880572.0,134108.0,64.13,4.0,-3.25,1225238400.0
2008-10-28,25.0,26.2,23.75,25.1,24.9594343956848,58769.0,546.0,1466841.0,29927.0,50.92,2.45,0.1,1225152000.0
2008-10-27,24.25,26.3,21.0,23.25,23.5209646734062,268070.0,2515.0,6305265.0,130697.0,48.75,5.3,-1.0,1225065600.0
2008-10-24,27.25,27.4,24.3,25.0,26.02698261497685,347483.0,1848.0,9043934.0,208634.0,60.04,3.1,-2.25,1224806400.0
2008-10-23,30.0,30.0,27.3,27.9,28.502051506084268,455519.0,2763.0,12983226.0,83835.0,18.4,2.7,-2.1,1224720000.0
2008-10-22,32.45,34.75,28.0,31.8,31.93119812351653,1324179.0,8366.0,42282622.0,538253.0,40.65,6.75,-0.65,1224633600.0
2008-10-21,33.0,34.2,32.5,33.6,33.28814597578811,130597.0,1161.0,4347332.0,58396.0,44.71,1.7,0.6,1224547200.0
2008-10-20,33.6,34.0,31.7,32.5,32.93512053054493,170994.0,1296.0,5631708.0,88148.0,51.55,2.3,-1.1,1224460800.0
2008-10-17,34.3,35.5,33.5,33.9,34.256826424783625,149163.0,1045.0,5109851.0,83976.0,56.3,2.0,-0.4,1224201600.0
2008-10-16,34.5,35.0,33.5,33.95,34.273323939251604,159675.0,1288.0,5472593.0,77728.0,48.68,1.5,-0.55,1224115200.0
2008-10-15,36.0,36.65,35.25,35.95,35.80145753778304,111558.0,1030.0,3993939.0,74142.0,66.46,1.4,-0.05,1224028800.0
2008-10-14,33.7,37.0,33.7,36.5,35.888714774772744,532218.0,1920.0,19100620.0,423376.0,79.55,3.3,2.8,1223942400.0
2008-10-13,34.0,34.45,32.8,33.2,33.471394811608825,188305.0,1249.0,6302831.0,96651.0,51.33,1.65,-0.8,1223856000.0
2008-10-10,32.5,34.0,32.25,33.25,33.247075753155094,8585715.0,1067.0,285449917.0,8514007.0,99.16,1.75,0.75,1223596800.0
2008-10-08,34.95,35.5,33.05,33.9,34.17562829123703,317130.0,2052.0,10838117.0,107688.0,33.96,2.45,-1.05,1223424000.0
2008-10-07,37.0,38.2,34.8,35.55,36.35719011754769,355175.0,2502.0,12913165.0,176504.0,49.69,3.4,-1.45,1223337600.0
2008-10-06,36.25,37.8,35.25,36.75,36.37722708689046,319195.0,1176.0,11611429.0,102235.0,32.03,2.55,0.5,1223251200.0
2008-10-03,37.0,37.9,36.15,36.65,36.893047308944645,104420.0,917.0,3852372.0,47039.0,45.05,1.75,-0.35,1222992000.0
2008-10-01,37.0,38.45,36.9,37.75,37.16297277237216,2216315.0,1445.0,82364854.0,2057634.0,92.84,1.55,0.75,1222819200.0
2008-09-30,33.5,37.8,33.5,37.3,36.46564281128264,253877.0,1739.0,9257788.0,83986.0,33.08,4.3,3.8,1222732800.0
2008-09-29,36.8,37.25,35.5,35.95,36.2815972120771,376481.0,1691.0,13659332.0,149033.0,39.59,1.75,-0.85,1222646400.0
2008-09-26,38.0,38.8,36.35,37.2,37.52739193714761,212307.0,1781.0,7967328.0,104021.0,49.0,2.45,-0.8,1222387200.0
2008-09-25,38.6,39.9,35.15,38.6,39.166607413413885,4266995.0,3662.0,167123718.0,1114299.0,26.11,4.75,0.0,1222300800.0
2008-09-24,38.5,39.35,38.0,38.55,38.53442940979251,781454.0,2272.0,30112884.0,525667.0,67.27,1.35,0.05,1222214400.0
2008-09-23,37.5,39.9,37.2,39.0,39.17913912069408,7432726.0,10395.0,291207806.0,586976.0,7.9,2.7,1.5,1222128000.0
2008-09-22,36.7,39.05,36.4,38.15,38.06013882747998,692082.0,2641.0,26340737.0,260872.0,37.69,2.65,1.45,1222041600.0
2008-09-19,37.0,38.5,36.0,36.55,36.63916660877743,187139.0,916.0,6856617.0,92201.0,49.27,2.5,-0.45,1221782400.0
2008-09-18,33.6,36.75,32.25,36.4,35.4857848518112,455500.0,1427.0,16163775.0,280469.0,61.57,4.5,2.8,1221696000.0
2008-09-17,36.15,36.8,35.6,35.95,36.24483009214848,172005.0,906.0,6234292.0,73376.0,42.66,1.2,-0.2,1221609600.0
2008-09-16,35.25,36.75,35.1,36.5,36.34134612940776,196727.0,1067.0,7149324.0,97617.0,49.62,1.65,1.25,1221523200.0
2008-09-15,37.1,37.3,35.0,36.95,36.5336393830062,683767.0,2763.0,24980497.0,264739.0,38.72,2.3,-0.15,1221436800.0
2008-09-12,38.5,40.0,37.2,37.45,38.992295793657,1470755.0,5432.0,57348114.0,193494.0,13.16,2.8,-1.05,1221177600.0
2008-09-11,37.6,39.9,37.2,38.25,38.75264352663632,6287056.0,9791.0,243640040.0,1616411.0,25.71,2.7,0.65,1221091200.0
2008-09-10,37.25,37.95,37.25,37.75,37.72677848169759,1127338.0,692.0,42530831.0,1054197.0,93.51,0.7,0.5,1221004800.0
2008-09-09,37.55,39.0,37.15,37.9,38.03124345693406,1084163.0,2565.0,41232067.0,567502.0,52.34,1.85,0.35,1220918400.0
2008-09-08,38.15,41.0,37.3,37.95,37.92393900727017,422411.0,1349.0,16019489.0,237962.0,56.33,3.7,-0.2,1220832000.0
2008-09-05,37.05,38.5,36.5,36.75,37.40125882787285,503802.0,2547.0,18842829.0,195299.0,38.77,2.0,-0.3,1220572800.0
2008-09-04,39.0,39.25,36.3,37.2,37.50139960011425,507645.0,1839.0,19037398.0,294435.0,58.0,2.95,-1.8,1220486400.0
2008-09-02,38.0,39.0,37.6,38.4,38.23288680659911,310769.0,1333.0,11881596.0,131287.0,42.25,1.4,0.4,1220313600.0
2008-09-01,38.7,38.7,37.8,38.35,38.20737255673818,264196.0,1253.0,10094235.0,109515.0,41.45,0.9,-0.35,1220227200.0
2008-08-29,40.4,40.85,39.25,39.35,39.9883018554539,1998864.0,1637.0,79931177.0,1844685.0,92.29,1.6,-1.05,1219968000.0
2008-08-28,39.9,40.7,39.15,40.05,39.8730634524974,348623.0,1935.0,13900667.0,138024.0,39.59,1.55,0.15,1219881600.0
2008-08-27,40.0,40.75,39.35,39.6,39.66968619616409,401939.0,1613.0,15944794.0,189197.0,47.07,1.4,-0.4,1219795200.0
2008-08-26,37.8,40.45,37.8,40.1,39.71378518657336,1211293.0,4518.0,48105030.0,518022.0,42.77,2.65,2.3,1219708800.0
2008-08-25,37.0,39.0,36.35,37.9,37.612158699751085,629541.0,2225.0,23678396.0,314771.0,50.0,2.65,0.9,1219622400.0
2008-08-22,36.0,36.85,35.55,36.5,36.23747450563093,225540.0,898.0,8173000.0,128351.0,56.91,1.3,0.5,1219363200.0
2008-08-21,36.5,37.1,36.0,36.25,36.32885734259857,261767.0,1368.0,9509696.0,100739.0,38.48,1.1,-0.25,1219276800.0
2008-08-20,35.1,37.85,35.1,36.95,36.767753234208165,780562.0,1980.0,28699511.0,406131.0,52.03,2.75,1.85,1219190400.0
2008-08-19,34.75,35.9,34.35,35.45,35.01652933957775,838509.0,1278.0,29361675.0,595546.0,71.02,1.55,0.7,1219104000.0
2008-08-18,35.9,35.9,34.9,35.4,35.25346429870688,241896.0,1032.0,8527672.0,97488.0,40.3,1.0,-0.5,1219017600.0
2008-08-14,36.0,37.1,35.3,35.95,36.24964447229103,585749.0,2471.0,21233193.0,212187.0,36.22,1.8,-0.05,1218672000.0
2008-08-13,34.35,37.3,34.25,36.0,35.98333339777072,1293245.0,3851.0,46535266.0,622042.0,48.1,3.05,1.65,1218585600.0
2008-08-12,35.0,35.4,34.4,34.55,34.60930951843985,403501.0,1113.0,13964891.0,242473.0,60.09,1.0,-0.45,1218499200.0
2008-08-11,34.1,35.45,34.1,34.95,34.910938297618145,1012781.0,2500.0,35357135.0,645889.0,63.77,1.35,0.85,1218412800.0
2008-08-08,32.15,35.15,32.15,33.95,33.84123196824223,1727577.0,4563.0,58463334.0,848552.0,49.12,3.0,1.8,1218153600.0
2008-08-07,32.65,33.4,32.05,32.85,32.78498277605525,836626.0,2397.0,27428769.0,417572.0,49.91,1.35,0.2,1218067200.0
2008-08-06,32.55,33.8,31.9,32.4,32.79046248946946,2200742.0,4748.0,72163348.0,1098745.0,49.93,1.9,-0.15,1217980800.0
2008-08-05,29.5,32.2,29.4,31.5,30.780987198155,1379723.0,3916.0,42469236.0,709007.0,51.39,2.8,2.0,1217894400.0
2008-08-04,29.65,30.25,29.15,29.45,29.798313378025085,491515.0,1542.0,14646318.0,326547.0,66.44,1.1,-0.2,1217808000.0
2008-08-01,30.7,30.7,29.4,29.6,29.85424112260964,327095.0,1180.0,9765173.0,229227.0,70.08,1.3,-1.1,1217548800.0
2008-07-31,30.25,30.9,30.25,30.35,30.507137490608564,101156.0,618.0,3085980.0,52715.0,52.11,0.65,0.1,1217462400.0
2008-07-30,30.7,31.3,30.25,30.4,30.59518313925845,115677.0,626.0,3539159.0,72250.0,62.46,1.05,-0.3,1217376000.0
2008-07-29,30.1,31.65,30.1,30.4,30.853369181650145,148775.0,932.0,4590210.0,54799.0,36.83,1.55,0.3,1217289600.0
2008-07-28,31.0,31.4,30.65,30.9,31.084676796759336,110101.0,676.0,3422454.0,49961.0,45.38,0.75,-0.1,1217203200.0
2008-07-25,30.2,31.5,30.1,31.0,30.993888008560905,194372.0,944.0,6024344.0,114665.0,58.99,1.4,0.8,1216944000.0
2008-07-24,31.5,32.0,30.75,31.0,31.36708817025981,202608.0,1135.0,6355223.0,108269.0,53.44,1.25,-0.5,1216857600.0
2008-07-23,32.0,32.0,30.65,30.95,31.32214585547982,422377.0,1806.0,13229754.0,297056.0,70.33,1.35,-1.05,1216771200.0
2008-07-22,30.1,31.25,29.6,30.85,30.61399682423957,161851.0,1062.0,4954906.0,76430.0,47.22,1.65,0.75,1216684800.0
2008-07-21,31.0,31.15,29.85,29.9,30.12141372638016,83722.0,651.0,2521825.0,53963.0,64.45,1.3,-1.1,1216598400.0
2008-07-18,31.0,32.35,30.1,30.75,31.17136609645308,248328.0,1399.0,7740723.0,56316.0,22.68,2.25,-0.25,1216339200.0
2008-07-17,32.1,32.1,30.6,30.85,30.986079186765515,61778.0,519.0,1914258.0,31522.0,51.02,1.5,-1.25,1216252800.0
2008-07-16,31.0,32.2,30.25,30.65,31.511814043454336,119942.0,786.0,3779590.0,55973.0,46.67,1.95,-0.35,1216166400.0
2008-07-15,31.6,32.4,31.0,31.45,31.88173307254467,91006.0,642.0,2901429.0,48744.0,53.56,1.4,-0.15,1216080000.0
2008-07-14,31.8,32.7,31.5,32.45,32.23176696123813,106935.0,693.0,3446704.0,60015.0,56.12,1.2,0.65,1215993600.0
2008-07-11,32.2,33.15,32.0,32.15,32.405921560195786,158134.0,1155.0,5124478.0,49836.0,31.52,1.15,-0.05,1215734400.0
2008-07-10,32.0,32.9,31.65,31.95,32.180190126876006,106876.0,759.0,3439290.0,58312.0,54.56,1.25,-0.05,1215648000.0
2008-07-09,33.0,33.2,31.25,32.15,32.38160732923576,129345.0,1062.0,4188399.0,66059.0,51.07,1.95,-0.85,1215561600.0
2008-07-08,30.0,33.45,30.0,31.65,32.308413165628195,421613.0,2849.0,13621647.0,99063.0,23.5,3.45,1.65,1215475200.0
2008-07-07,29.75,32.7,29.7,31.8,31.746350273729472,320024.0,1758.0,10159594.0,136997.0,42.81,3.0,2.05,1215388800.0
2008-07-04,29.5,30.0,28.5,29.55,29.472981608045785,143976.0,1058.0,4243402.0,62549.0,43.44,1.5,0.05,1215129600.0
2008-07-03,30.7,30.7,29.25,29.8,29.835266604303087,85520.0,748.0,2551512.0,42694.0,49.92,1.45,-0.9,1215043200.0
2008-07-02,30.0,30.75,27.75,30.55,29.575859949349656,203355.0,1624.0,6014399.0,80116.0,39.4,3.0,0.55,1214956800.0
2008-07-01,33.0,33.0,30.1,30.2,31.24668753048285,147624.0,1154.0,4612761.0,67842.0,45.96,2.9,-2.8,1214870400.0
2008-06-30,34.25,34.9,32.15,32.55,33.59978264643065,132503.0,1060.0,4452072.0,59301.0,44.75,2.75,-1.7,1214784000.0
2008-06-27,32.1,35.5,32.1,34.1,33.88713555945808,237453.0,1909.0,8046602.0,73729.0,31.05,3.4,2.0,1214524800.0
2008-06-26,35.0,35.0,33.75,33.9,34.19351149325517,97927.0,823.0,3348468.0,46366.0,47.35,1.25,-1.1,1214438400.0
2008-06-25,34.0,34.4,33.1,33.7,33.72189435173945,178763.0,1247.0,6028227.0,92757.0,51.89,1.3,-0.3,1214352000.0
2008-06-24,34.0,35.7,34.0,34.25,34.85442040690933,100907.0,926.0,3517055.0,41819.0,41.44,1.7,0.25,1214265600.0
2008-06-23,36.0,36.0,34.4,35.0,35.04603778905809,113472.0,1131.0,3976744.0,49826.0,43.91,1.6,-1.0,1214179200.0
2008-06-20,39.0,39.0,36.0,36.4,36.98789953995775,133466.0,1243.0,4936627.0,79342.0,59.45,3.0,-2.6,1213920000.0
2008-06-19,39.9,40.0,38.0,38.2,38.49531075548939,80610.0,767.0,3103107.0,39084.0,48.49,2.0,-1.7,1213833600.0
2008-06-18,40.2,40.5,39.0,39.15,39.77817173666209,143557.0,1007.0,5710435.0,74689.0,52.03,1.5,-1.05,1213747200.0
2008-06-17,39.15,40.55,38.75,40.0,39.692103234000086,110235.0,763.0,4375459.0,64385.0,58.41,1.8,0.85,1213660800.0
2008-06-16,40.0,40.45,39.05,39.15,39.66896327742594,86214.0,773.0,3420020.0,37744.0,43.78,1.4,-0.85,1213574400.0
2008-06-13,38.5,40.5,38.25,39.35,39.604634027946325,230728.0,1474.0,9137898.0,85480.0,37.05,2.25,0.85,1213315200.0
2008-06-12,37.5,39.0,36.75,38.5,37.95150470607662,96896.0,871.0,3677349.0,41985.0,43.33,2.25,1.0,1213228800.0
2008-06-11,38.05,39.0,38.05,38.35,38.55913329855224,122672.0,967.0,4730126.0,57225.0,46.65,0.95,0.3,1213142400.0
2008-06-10,36.8,39.5,36.2,38.45,37.73700545183959,401149.0,1837.0,15138162.0,197408.0,49.21,3.3,1.65,1213056000.0
2008-06-09,37.0,37.9,34.85,37.4,36.08082749303386,296075.0,1888.0,10682631.0,143246.0,48.38,3.05,0.4,1212969600.0
2008-06-06,39.5,39.65,37.8,38.05,38.81903877768108,258525.0,1726.0,10035692.0,88910.0,34.39,1.85,-1.45,1212710400.0
2008-06-05,38.75,39.0,38.2,38.75,38.64494328421498,113196.0,965.0,4374453.0,45850.0,40.5,0.8,0.0,1212624000.0
2008-06-04,40.0,40.7,38.5,38.75,39.49507259963616,179202.0,1342.0,7077596.0,81089.0,45.25,2.2,-1.25,1212537600.0
2008-06-03,40.0,40.45,39.0,39.75,39.6480234458225,207457.0,1491.0,8225260.0,90194.0,43.48,1.45,-0.25,1212451200.0
2008-06-02,43.0,43.0,40.5,40.85,41.62012740465744,142224.0,1136.0,5919381.0,74501.0,52.38,2.5,-2.15,1212364800.0
2008-05-30,44.0,44.3,42.0,42.15,42.76471370796083,187920.0,1307.0,8036345.0,88377.0,47.03,2.3,-1.85,1212105600.0
2008-05-29,41.5,44.5,41.1,43.7,43.4919289282386,941077.0,3388.0,40929254.0,501672.0,53.31,3.4,2.2,1212019200.0
2008-05-28,41.6,41.7,40.5,41.05,40.99868779239409,122694.0,1027.0,5030293.0,65137.0,53.09,1.2,-0.55,1211932800.0
2008-05-27,42.5,43.1,40.6,41.0,41.9541514608032,240313.0,1509.0,10082128.0,119047.0,49.54,2.5,-1.5,1211846400.0
2008-05-26,42.6,44.0,41.65,42.1,42.93304136965575,450741.0,2554.0,19351682.0,160656.0,35.64,2.35,-0.5,1211760000.0
2008-05-23,43.85,44.35,43.05,43.15,43.65778610079356,193306.0,1110.0,8439312.0,93054.0,48.14,1.3,-0.7,1211500800.0
2008-05-22,44.2,44.6,43.0,43.85,44.00312072609722,160860.0,1065.0,7078342.0,70727.0,43.97,1.6,-0.35,1211414400.0
2008-05-21,42.5,44.75,42.5,44.6,44.33259072896861,312414.0,2088.0,13850122.0,132503.0,42.41,2.25,2.1,1211328000.0
2008-05-20,43.6,44.65,43.15,43.5,43.919524407151634,304378.0,1515.0,13368137.0,127294.0,41.82,1.5,-0.1,1211241600.0
2008-05-16,44.5,44.95,43.4,43.6,44.0736430260474,221596.0,1243.0,9766543.0,94706.0,42.74,1.55,-0.9,1210896000.0
2008-05-15,43.0,44.7,43.0,44.4,44.0858696077838,561782.0,3079.0,24766648.0,193552.0,34.45,1.7,1.4,1210809600.0
2008-05-14,42.65,43.2,42.0,42.6,42.67113229421615,139734.0,1066.0,5962608.0,61954.0,44.34,1.2,-0.05,1210723200.0
2008-05-13,43.5,44.2,42.35,42.65,43.336407413389054,303397.0,2054.0,13148136.0,115967.0,38.22,1.85,-0.85,1210636800.0
2008-05-12,43.9,43.9,41.85,42.55,42.50437752790066,380009.0,2415.0,16152046.0,127085.0,33.44,2.05,-1.35,1210550400.0
2008-05-09,47.0,48.0,43.3,43.6,46.21181851686925,2241178.0,8769.0,103568911.0,507869.0,22.66,4.7,-3.4,1210291200.0
2008-05-08,45.2,46.85,45.2,46.4,46.01635011457733,355655.0,1868.0,16365945.0,112780.0,31.71,1.65,1.2,1210204800.0
2008-05-07,46.8,47.25,46.0,46.15,46.55032997732671,296384.0,1488.0,13796773.0,119443.0,40.3,1.25,-0.65,1210118400.0
2008-05-06,47.5,47.5,46.15,46.6,46.756788358295054,322427.0,1837.0,15075651.0,127374.0,39.5,1.35,-0.9,1210032000.0
2008-05-05,47.1,48.4,46.55,46.9,47.680998433713576,541408.0,2661.0,25814874.0,229974.0,42.48,1.85,-0.2,1209945600.0
2008-05-02,46.15,47.95,46.0,47.1,46.95232938164643,674986.0,3567.0,31692165.0,287257.0,42.56,1.95,0.95,1209686400.0
2008-04-30,46.0,46.5,45.25,45.7,45.8973863423689,261817.0,1474.0,12016716.0,131444.0,50.2,1.25,-0.3,1209513600.0
2008-04-29,42.25,46.4,42.25,45.5,45.606606977794016,186076.0,1181.0,8486295.0,83440.0,44.84,4.15,3.25,1209427200.0
2008-04-28,46.5,46.7,45.1,45.75,45.83024190807299,205946.0,1197.0,9438555.0,105722.0,51.33,1.6,-0.75,1209340800.0
2008-04-25,45.1,46.25,44.1,45.75,45.23225955362409,428921.0,1790.0,19401066.0,232102.0,54.11,2.15,0.65,1209081600.0
2008-04-24,46.75,46.9,44.25,44.6,45.69010698481301,300323.0,1986.0,13721790.0,149990.0,49.94,2.65,-2.15,1208995200.0
2008-04-23,46.65,46.9,45.15,46.25,46.13762673838944,461778.0,2382.0,21305341.0,185569.0,40.19,1.75,-0.4,1208908800.0
2008-04-22,43.55,46.95,43.1,46.0,45.95961794838414,1213658.0,5859.0,55779258.0,390752.0,32.2,3.85,2.45,1208822400.0
2008-04-21,43.5,44.5,42.8,43.6,43.27756878711408,319791.0,1541.0,13839777.0,152447.0,47.67,1.7,0.1,1208736000.0
2008-04-17,43.9,44.4,42.65,42.9,43.328747763930565,268887.0,1450.0,11650537.0,133264.0,49.56,1.75,-1.0,1208390400.0
2008-04-16,41.5,44.0,41.5,43.3,42.990476524340366,684624.0,3495.0,29432312.0,215574.0,31.49,2.5,1.8,1208304000.0
2008-04-15,40.0,41.15,39.5,40.85,40.64150775910071,123919.0,880.0,5036255.0,70198.0,56.65,1.65,0.85,1208217600.0
2008-04-11,41.35,41.45,40.25,40.4,40.57299018440285,79771.0,688.0,3236548.0,35755.0,44.82,1.2,-0.95,1207872000.0
2008-04-10,40.9,41.3,40.6,40.95,40.95177037322927,139914.0,814.0,5729726.0,74840.0,53.49,0.7,0.05,1207785600.0
2008-04-09,40.65,41.4,40.15,40.9,40.896331830896095,137998.0,974.0,5643612.0,51709.0,37.47,1.25,0.25,1207699200.0
2008-04-08,40.05,41.7,39.75,40.6,40.92635038415471,342310.0,1872.0,14009499.0,60515.0,17.68,1.95,0.55,1207612800.0
2008-04-07,40.4,41.25,39.0,40.0,39.65980853480448,123260.0,966.0,4888468.0,49074.0,39.81,2.25,-0.4,1207526400.0
2008-04-04,40.0,40.5,39.5,39.6,39.81519582711041,89722.0,783.0,3572299.0,39969.0,44.55,1.0,-0.4,1207267200.0
2008-04-03,41.5,41.65,39.7,39.95,40.61772513951787,121669.0,853.0,4941918.0,50085.0,41.16,1.95,-1.55,1207180800.0
2008-04-02,42.7,43.4,40.5,41.3,41.98409058561194,126466.0,984.0,5309560.0,47609.0,37.65,2.9,-1.4,1207094400.0
2008-04-01,41.9,42.5,40.75,41.7,41.72473976692449,1002851.0,817.0,41843697.0,940652.0,93.8,1.75,-0.2,1207008000.0
2008-03-31,42.0,43.5,41.0,41.2,42.045422744533454,247277.0,1616.0,10396866.0,84983.0,34.37,2.5,-0.8,1206921600.0
2008-03-28,41.5,42.4,41.1,42.05,41.77854131254045,165313.0,1149.0,6906536.0,75842.0,45.88,1.3,0.55,1206662400.0
2008-03-27,41.0,42.3,40.5,41.15,41.23834083027161,291230.0,1659.0,12009842.0,153158.0,52.59,1.8,0.15,1206576000.0
2008-03-26,44.0,44.4,41.1,41.55,42.55455659063069,440011.0,2387.0,18724473.0,222846.0,50.65,3.3,-2.45,1206489600.0
2008-03-25,38.3,44.5,37.35,42.8,41.31370042473517,1040413.0,4774.0,42983311.0,558673.0,53.7,7.15,4.5,1206403200.0
2008-03-24,36.65,38.15,35.35,37.25,36.882514921557245,639511.0,2501.0,23586774.0,403850.0,63.15,2.8,0.6,1206316800.0
2008-03-19,37.45,38.95,36.5,37.05,37.09758411223087,574530.0,1395.0,21313675.0,449110.0,78.17,2.45,-0.4,1205884800.0
2008-03-18,38.0,38.9,36.0,36.5,37.32538123173966,430578.0,1393.0,16071488.0,303046.0,70.38,2.9,-1.5,1205798400.0
2008-03-17,37.5,39.0,36.5,38.25,38.10969110608685,272456.0,1662.0,10383214.0,138807.0,50.95,2.5,0.75,1205712000.0
2008-03-14,40.0,40.5,38.25,39.55,39.35702948819486,314397.0,1829.0,12373732.0,159037.0,50.58,2.25,-0.45,1205452800.0
2008-03-13,40.0,41.05,39.1,39.65,40.01125831541743,444205.0,2057.0,17773201.0,200189.0,45.07,1.95,-0.35,1205366400.0
2008-03-12,43.9,45.0,41.05,41.4,42.30208719365102,429045.0,1885.0,18149499.0,209866.0,48.91,3.95,-2.5,1205280000.0
2008-03-11,41.5,43.4,41.5,42.4,42.63615477587379,283791.0,1415.0,12099757.0,139429.0,49.13,1.9,0.9,1205193600.0
2008-03-10,42.1,42.65,40.1,42.15,41.27056634468735,491750.0,2460.0,20294801.0,225318.0,45.82,2.55,0.05,1205107200.0
2008-03-07,42.6,43.55,41.5,43.15,42.494841138674126,620195.0,2719.0,26355088.0,344785.0,55.59,2.05,0.55,1204848000.0
2008-03-05,42.5,45.0,42.1,44.15,43.67326002628794,592667.0,2740.0,25883700.0,246226.0,41.55,2.9,1.65,1204675200.0
2008-03-04,43.5,44.0,42.0,42.6,42.914815302576095,448003.0,2039.0,19225966.0,186442.0,41.62,2.0,-0.9,1204588800.0
2008-03-03,43.0,44.8,42.3,43.1,43.57541255558828,471997.0,2370.0,20567464.0,186468.0,39.51,2.5,0.1,1204502400.0
2008-02-29,44.5,45.25,41.75,44.0,43.653161420764576,724089.0,3664.0,31608774.0,328950.0,45.43,3.5,-0.5,1204243200.0
2008-02-28,45.4,45.75,44.55,45.2,45.2449975930316,220194.0,1443.0,9962677.0,118285.0,53.72,1.2,-0.2,1204156800.0
2008-02-27,45.15,46.0,44.65,45.25,45.23651450453666,453858.0,2217.0,20530954.0,236506.0,52.11,1.35,0.1,1204070400.0
2008-02-26,44.9,45.0,44.2,44.35,44.67998691443892,281226.0,1677.0,12565174.0,102516.0,36.45,0.8,-0.55,1203984000.0
2008-02-25,44.55,45.9,44.0,44.3,44.34234046154714,177230.0,1179.0,7858793.0,81629.0,46.06,1.9,-0.25,1203897600.0
2008-02-22,44.0,45.45,44.0,44.35,44.65533385073729,199715.0,1519.0,8918340.0,78500.0,39.31,1.45,0.35,1203638400.0
2008-02-21,46.0,46.4,45.0,45.2,45.53251735102055,731225.0,1618.0,33294515.0,595353.0,81.42,1.4,-0.8,1203552000.0
2008-02-20,45.5,46.95,44.25,45.25,45.59409467057988,1571428.0,3411.0,71647837.0,1159490.0,73.79,2.7,-0.25,1203465600.0
2008-02-19,46.2,46.85,45.05,45.3,46.23823313133698,372614.0,2263.0,17229013.0,156156.0,41.91,1.8,-0.9,1203379200.0
2008-02-18,47.0,47.05,45.5,46.15,46.53765294328644,802912.0,3482.0,37365640.0,227980.0,28.39,1.55,-0.85,1203292800.0
2008-02-15,46.0,46.5,44.55,45.95,45.83939336365328,505278.0,3154.0,23161637.0,183162.0,36.25,1.95,-0.05,1203033600.0
2008-02-14,44.4,47.4,43.65,46.85,45.1062693609492,752804.0,4235.0,33956180.0,395465.0,52.53,3.75,2.45,1202947200.0
2008-02-13,45.0,45.75,42.0,42.8,43.93956470897435,525074.0,3698.0,23071523.0,171464.0,32.66,3.75,-2.2,1202860800.0
2008-02-12,42.6,45.2,41.5,44.0,43.00900414367193,6116073.0,5226.0,263046209.0,5522351.0,90.29,3.7,1.4,1202774400.0
2008-02-11,46.0,46.05,41.9,42.6,43.91883667698936,594160.0,3412.0,26094816.0,235533.0,39.64,4.15,-3.4,1202688000.0
2008-02-08,47.7,48.4,45.5,46.05,46.66638312036541,540770.0,3213.0,25235780.0,187568.0,34.69,2.9,-1.65,1202428800.0
2008-02-07,48.45,50.5,46.9,47.15,48.73753415972418,889571.0,4763.0,43355497.0,270866.0,30.45,3.6,-1.3,1202342400.0
2008-02-06,48.0,49.1,46.15,48.25,48.3274604358192,815384.0,4390.0,39405438.0,246378.0,30.22,2.95,0.25,1202256000.0
2008-02-05,49.8,51.35,48.25,49.9,50.18961743373832,1194695.0,6342.0,59961285.0,392131.0,32.82,3.1,0.1,1202169600.0
2008-02-04,49.5,51.0,49.0,49.7,49.938917393165056,1039805.0,6854.0,51926736.0,350995.0,33.76,2.0,0.2,1202083200.0
2008-02-01,45.5,50.25,43.75,48.5,47.15896864571956,1325752.0,7006.0,62521097.0,450056.0,33.95,6.5,3.0,1201824000.0
2008-01-31,46.8,46.9,44.1,44.85,45.06356216379619,499511.0,2939.0,22509745.0,182878.0,36.61,2.8,-1.95,1201737600.0
2008-01-30,48.25,48.25,45.7,46.05,46.53661211866991,383821.0,2453.0,17861729.0,163116.0,42.5,2.55,-2.2,1201651200.0
2008-01-29,49.7,49.75,46.8,47.65,48.12091464144618,400944.0,2889.0,19293792.0,141339.0,35.25,2.95,-2.05,1201564800.0
2008-01-28,46.6,48.4,45.25,47.95,47.57117848000039,621487.0,3780.0,29564869.0,273578.0,44.02,3.15,1.35,1201478400.0
2008-01-25,47.0,50.35,45.6,49.5,47.6608137464828,1091421.0,5507.0,52018013.0,601714.0,55.13,4.75,2.5,1201219200.0
2008-01-24,49.0,50.0,44.5,45.1,47.13961114655709,1368279.0,7320.0,64500140.0,497482.0,36.36,5.5,-3.9,1201132800.0
2008-01-23,46.9,49.85,44.65,47.6,47.0611992146349,2048474.0,9440.0,96403643.0,940690.0,45.92,5.2,0.7,1201046400.0
2008-01-22,42.1,48.0,38.5,42.75,42.26966488653888,1532287.0,6915.0,64769258.0,733470.0,47.87,9.5,0.65,1200960000.0
2008-01-21,51.9,52.0,42.5,47.85,47.572291080008014,3404521.0,13244.0,161960864.0,1581351.0,46.45,9.5,-4.05,1200873600.0
2008-01-18,55.75,55.75,52.05,52.55,53.941140551766864,2363172.0,10501.0,127472193.0,963887.0,40.79,3.7,-3.2,1200614400.0
2008-01-17,55.9,56.8,54.6,55.75,55.8618779873552,4010027.0,17733.0,224007639.0,1214351.0,30.28,2.2,-0.15,1200528000.0
2008-01-16,52.0,55.2,50.0,54.3,53.48840015848899,4959335.0,21218.0,265266895.0,1374323.0,27.71,5.2,2.3,1200441600.0
2008-01-15,56.9,58.4,50.0,51.95,55.04637175746473,9691028.0,30171.0,533455930.0,3321247.0,34.27,8.4,-4.95,1200355200.0
2008-01-14,50.9,56.4,50.0,55.35,54.02888392840176,3157396.0,11533.0,170590582.0,1023118.0,32.4,6.4,4.45,1200268800.0
2008-01-11,51.2,51.9,48.75,49.6,49.77501284976517,1470844.0,6812.0,73211279.0,592431.0,40.28,3.15,-1.6,1200009600.0
2008-01-10,55.15,55.95,49.7,50.5,53.03145208955155,1964321.0,7256.0,104170795.0,930785.0,47.38,6.25,-4.65,1199923200.0
2008-01-09,55.5,56.1,53.15,54.25,54.54749145555585,1724805.0,7723.0,94083786.0,575971.0,33.39,2.95,-1.25,1199836800.0
2008-01-08,58.5,59.3,54.3,54.95,56.35305209103952,2648037.0,10618.0,149224967.0,1089707.0,41.15,5.0,-3.55,1199750400.0
2008-01-07,56.95,62.5,56.9,57.4,59.60570541678876,5081627.0,18270.0,302893962.0,2233736.0,43.96,5.6,0.45,1199664000.0
2008-01-04,60.25,60.95,56.5,57.1,58.49757907343854,2656834.0,10280.0,155418357.0,1340692.0,50.46,4.45,-3.15,1199404800.0
2008-01-03,61.4,61.95,59.1,59.55,60.4809522631072,3959998.0,14618.0,239504450.0,1740386.0,43.95,2.85,-1.85,1199318400.0
2008-01-02,59.0,62.9,58.25,61.55,60.74601424236478,11252064.0,32056.0,683518040.0,4344767.0,38.61,4.65,2.55,1199232000.0
2008-01-01,53.9,58.6,53.9,57.9,56.96255705396921,7026023.0,23926.0,400220236.0,2556255.0,36.38,4.7,4.0,1199145600.0
2007-12-31,50.45,55.25,50.1,53.8,52.897675024409565,6280324.0,19735.0,332214538.0,2515669.0,40.06,5.15,3.35,1199059200.0
2007-12-28,48.4,50.25,48.0,49.9,49.318865638396296,1368382.0,4997.0,67487048.0,687151.0,50.22,2.25,1.5,1198800000.0
2007-12-27,50.25,50.25,47.8,48.4,49.085588431580106,843607.0,3196.0,41408946.0,541842.0,64.23,2.45,-1.85,1198713600.0
2007-12-26,49.95,50.4,49.2,49.6,49.83777403183756,909429.0,3783.0,45323917.0,506408.0,55.68,1.2,-0.35,1198627200.0
2007-12-24,48.8,50.9,48.5,49.25,49.2897100636989,879607.0,3907.0,43355574.0,476701.0,54.19,2.4,0.45,1198454400.0
2007-12-20,49.8,50.0,47.0,47.4,48.50443366774022,810390.0,3095.0,39307508.0,364908.0,45.03,3.0,-2.4,1198108800.0
2007-12-19,49.7,50.95,48.75,49.1,49.77042637694132,1135052.0,4239.0,56492022.0,564686.0,49.75,2.2,-0.6,1198022400.0
2007-12-18,48.55,50.0,47.45,48.9,48.65690452726047,1219678.0,4537.0,59345756.0,614284.0,50.36,2.55,0.35,1197936000.0
2007-12-17,51.5,52.4,47.5,48.5,50.29929001200965,2001724.0,6846.0,100685296.0,1057918.0,52.85,4.9,-3.0,1197849600.0
2007-12-14,51.9,52.5,51.0,51.15,51.53316846010155,1710405.0,5330.0,88142589.0,927178.0,54.21,1.5,-0.75,1197590400.0
2007-12-13,52.45,53.0,51.0,51.3,52.052774132118685,1865232.0,6451.0,97090500.0,932741.0,50.01,2.0,-1.15,1197504000.0
2007-12-12,51.5,53.9,50.5,51.7,52.63742084932645,3272240.0,11505.0,172242274.0,1429775.0,43.69,3.4,0.2,1197417600.0
2007-12-11,52.7,54.0,52.0,52.3,52.930439547929865,3399561.0,12912.0,179940258.0,1682265.0,49.48,2.0,-0.4,1197331200.0
2007-12-10,51.55,53.0,49.8,51.85,51.62191422365699,3525774.0,12788.0,182007203.0,1487021.0,42.18,3.2,0.3,1197244800.0
2007-12-07,51.85,53.0,49.2,50.7,51.097763237179954,5425117.0,18912.0,277211344.0,1949419.0,35.93,3.8,-1.15,1196985600.0
2007-12-06,45.8,52.25,45.8,50.15,50.08624529770365,9719985.0,30491.0,486837553.0,3376555.0,34.74,6.45,4.35,1196899200.0
2007-12-05,42.5,45.45,42.1,44.9,44.22546502504632,2658674.0,7870.0,117581094.0,1354745.0,50.96,3.35,2.4,1196812800.0
2007-12-04,40.8,43.0,40.8,41.75,42.255482599889966,816173.0,2728.0,34487784.0,406856.0,49.85,2.2,0.95,1196726400.0
2007-12-03,42.3,43.2,41.0,41.45,42.14548179911896,742519.0,2655.0,31293821.0,412039.0,55.49,2.2,-0.85,1196640000.0
2007-11-30,43.45,43.9,41.7,41.85,42.392432451145,635503.0,2272.0,26940518.0,352865.0,55.53,2.2,-1.6,1196380800.0
2007-11-29,43.7,44.0,42.5,42.85,42.93880751079528,787613.0,2643.0,33819163.0,522213.0,66.3,1.5,-0.85,1196294400.0
2007-11-28,43.1,44.0,42.0,42.5,42.96903336963906,1317515.0,5087.0,56612346.0,675313.0,51.26,2.0,-0.6,1196208000.0
2007-11-27,39.0,42.7,39.0,41.8,41.42906737941088,1379457.0,5561.0,57149617.0,590395.0,42.8,3.7,2.8,1196121600.0
2007-11-26,40.4,41.5,40.0,40.1,40.541030471344506,514910.0,2226.0,20874982.0,306934.0,59.61,1.5,-0.3,1196035200.0
2007-11-23,40.05,41.4,39.15,39.5,39.89165715409512,467802.0,1999.0,18661397.0,260883.0,55.77,2.25,-0.55,1195776000.0
2007-11-22,41.6,41.65,38.5,39.5,39.752631074760174,605456.0,2891.0,24068469.0,284150.0,46.93,3.15,-2.1,1195689600.0
2007-11-21,42.5,44.8,39.6,40.4,42.29376328866712,1616509.0,5317.0,68368249.0,1100872.0,68.1,5.2,-2.1,1195603200.0
2007-11-20,44.0,47.25,42.6,43.1,44.99500915869973,3192047.0,11618.0,143626184.0,1789077.0,56.05,4.65,-0.9,1195516800.0
2007-11-19,38.0,45.4,37.3,43.9,40.84431031128161,5196163.0,12869.0,212233694.0,2534408.0,48.77,8.1,5.9,1195430400.0
2007-11-16,36.1,37.75,36.1,36.7,37.13314253641736,575481.0,2117.0,21369418.0,349478.0,60.73,1.65,0.6,1195171200.0
2007-11-15,36.0,37.2,35.9,36.25,36.28488248153893,1121143.0,1502.0,40680542.0,921037.0,82.15,1.3,0.25,1195084800.0
2007-11-14,36.75,36.75,35.8,36.1,36.12679104527231,300802.0,1008.0,10867011.0,245470.0,81.61,0.95,-0.65,1194998400.0
2007-11-13,37.0,37.9,34.35,35.15,35.73005869809666,557599.0,1736.0,19923045.0,370844.0,66.51,3.55,-1.85,1194912000.0
2007-11-12,37.0,37.0,35.15,36.35,36.18436976549414,95520.0,507.0,3456331.0,50012.0,52.36,1.85,-0.65,1194825600.0
2007-11-09,37.0,37.5,36.35,36.7,36.81369326651939,55677.0,387.0,2049676.0,45255.0,81.28,1.15,-0.3,1194566400.0
2007-11-08,35.5,35.9,35.25,35.65,35.4767370054072,132786.0,750.0,4710814.0,87406.0,65.82,0.65,0.15,1194480000.0
2007-11-07,37.45,38.1,35.25,35.95,36.000333564604794,149896.0,679.0,5396306.0,78729.0,52.52,2.85,-1.5,1194393600.0
2007-11-06,37.15,37.2,35.5,35.7,36.34743016532757,1919462.0,1099.0,69767511.0,1859829.0,96.89,1.7,-1.45,1194307200.0
2007-11-05,38.2,38.2,36.3,36.7,36.96646617022468,250046.0,968.0,9243317.0,194811.0,77.91,1.9,-1.5,1194220800.0
2007-11-02,36.95,38.7,36.3,37.9,37.499864960044064,377666.0,1194.0,14162424.0,184375.0,48.82,2.4,0.95,1193961600.0
2007-11-01,40.6,41.0,37.1,37.4,38.50013282628869,274795.0,1070.0,10579644.0,189400.0,68.92,3.9,-3.2,1193875200.0
2007-10-31,40.0,40.85,38.75,39.0,39.24083360839527,878590.0,1201.0,34476604.0,777040.0,88.44,2.1,-1.0,1193788800.0
2007-10-30,40.0,40.4,38.9,39.6,39.70905005541469,263468.0,1372.0,10462064.0,159172.0,60.41,1.5,-0.4,1193702400.0
2007-10-29,40.35,41.5,39.0,39.5,40.45344688576234,936425.0,3528.0,37881619.0,527916.0,56.38,2.5,-0.85,1193616000.0
2007-10-26,38.5,40.6,37.55,38.85,39.42745184797233,1107430.0,3781.0,43663143.0,419499.0,37.88,3.05,0.35,1193356800.0
2007-10-25,37.85,38.6,37.05,37.7,37.92234411601667,223692.0,1046.0,8482925.0,132938.0,59.43,1.55,-0.15,1193270400.0
2007-10-24,36.7,37.5,35.85,37.05,36.13415000104849,1382937.0,863.0,49971253.0,1296061.0,93.72,1.65,0.35,1193184000.0
2007-10-23,35.75,36.45,35.15,36.15,35.721658368998746,171735.0,678.0,6134659.0,124358.0,72.41,1.3,0.4,1193097600.0
2007-10-22,33.55,35.15,33.5,34.95,34.86423702503881,74085.0,467.0,2582917.0,45420.0,61.31,1.65,1.4,1193011200.0
2007-10-19,36.2,36.2,34.75,34.85,35.382129965085774,152087.0,733.0,5381162.0,116489.0,76.59,1.45,-1.35,1192752000.0
2007-10-18,36.9,37.2,35.4,35.9,36.5263560722026,263924.0,1084.0,9640182.0,169722.0,64.31,1.8,-1.0,1192665600.0
2007-10-17,35.05,36.95,35.0,36.0,36.13722046274911,506149.0,1042.0,18290818.0,429907.0,84.94,1.95,0.95,1192579200.0
2007-10-16,37.9,38.35,37.15,37.6,37.80489575210398,370607.0,1362.0,14010759.0,219188.0,59.14,1.2,-0.3,1192492800.0
2007-10-15,37.45,37.6,36.55,37.0,37.05492330756639,435571.0,1227.0,16140050.0,308871.0,70.91,1.05,-0.45,1192406400.0
2007-10-12,37.7,38.5,36.9,37.0,37.71336912110653,226148.0,1001.0,8528803.0,111586.0,49.34,1.6,-0.7,1192147200.0
2007-10-11,38.5,38.7,37.2,37.45,37.9983662489338,457230.0,1049.0,17373993.0,255372.0,55.85,1.5,-1.05,1192060800.0
2007-10-10,37.6,40.15,37.6,38.4,38.7425712711486,842136.0,1617.0,32626514.0,641414.0,76.17,2.55,0.8,1191974400.0
2007-10-09,36.6,37.5,36.6,37.25,37.20472355453153,1418381.0,592.0,52770473.0,1369427.0,96.55,0.9,0.65,1191888000.0
2007-10-08,38.85,40.5,36.9,37.05,37.88391689409909,167449.0,762.0,6343624.0,121825.0,72.75,3.6,-1.8,1191801600.0
2007-10-05,38.9,39.5,38.05,38.25,38.40174322819354,108649.0,527.0,4172311.0,70955.0,65.31,1.45,-0.65,1191542400.0
2007-10-04,38.5,39.4,38.2,38.5,38.64808751791514,228159.0,655.0,8817909.0,183108.0,80.25,1.2,0.0,1191456000.0
2007-10-03,41.0,41.3,38.0,39.2,39.15701571103055,359429.0,1161.0,14074167.0,229555.0,63.87,3.3,-1.8,1191369600.0
2007-10-01,39.8,40.75,39.15,40.1,40.08221882151431,356135.0,1199.0,14274681.0,268335.0,75.35,1.6,0.3,1191196800.0
2007-09-28,39.45,39.7,38.95,39.1,39.36976774434808,246022.0,762.0,9685829.0,183947.0,74.77,0.75,-0.35,1190937600.0
2007-09-27,38.85,39.35,38.15,39.0,38.89159839349385,399376.0,922.0,15532371.0,314009.0,78.62,1.2,0.15,1190851200.0
2007-09-26,39.5,40.0,37.6,37.85,37.93199666368584,1927876.0,1295.0,73128186.0,1751573.0,90.86,2.4,-1.65,1190764800.0
2007-09-25,39.2,39.2,37.4,38.5,38.39935199158396,297527.0,872.0,11424844.0,189817.0,63.8,1.8,-0.7,1190678400.0
2007-09-24,39.6,39.6,38.25,38.65,38.962765338887785,2528182.0,761.0,98504962.0,2416955.0,95.6,1.35,-0.95,1190592000.0
2007-09-21,39.2,39.35,38.4,39.1,38.93550129989004,157321.0,568.0,6125372.0,109532.0,69.62,0.95,-0.1,1190332800.0
2007-09-20,39.4,39.4,38.5,39.05,38.95742364629139,116661.0,513.0,4544812.0,80919.0,69.36,0.9,-0.35,1190246400.0
2007-09-19,40.95,40.95,38.15,39.0,39.0160941006549,1351489.0,1391.0,52729822.0,1224009.0,90.57,2.8,-1.95,1190160000.0
2007-09-18,40.5,40.5,38.8,38.95,39.071918324081565,716980.0,974.0,28013784.0,672092.0,93.74,1.7,-1.55,1190073600.0
2007-09-17,41.65,41.8,39.9,40.0,40.3907540315992,159118.0,713.0,6426896.0,106183.0,66.73,1.9,-1.65,1189987200.0
2007-09-14,42.05,42.7,41.2,41.5,42.107883462844384,175532.0,904.0,7391281.0,100889.0,57.48,1.5,-0.55,1189728000.0
2007-09-13,40.9,42.5,40.5,41.95,41.18391938593619,687225.0,1215.0,28302619.0,547328.0,79.64,2.0,1.05,1189641600.0
2007-09-12,41.0,41.0,40.0,40.65,40.51602483556324,298443.0,634.0,12091724.0,251305.0,84.21,1.0,-0.35,1189555200.0
2007-09-11,40.85,41.25,40.05,40.7,40.76413571396335,288047.0,1086.0,11741987.0,190327.0,66.07,1.2,-0.15,1189468800.0
2007-09-10,38.8,40.8,38.8,40.35,40.14140787183627,1430670.0,1541.0,57429108.0,1291069.0,90.24,2.0,1.55,1189382400.0
2007-09-07,40.0,40.0,38.5,38.75,39.05623796955926,100786.0,481.0,3936322.0,61376.0,60.9,1.5,-1.25,1189123200.0
2007-09-06,40.15,40.2,39.05,39.15,39.37244212688631,113913.0,423.0,4485033.0,66732.0,58.58,1.15,-1.0,1189036800.0
2007-09-05,40.5,40.5,39.45,39.6,39.81319936921029,105899.0,427.0,4216178.0,78370.0,74.0,1.05,-0.9,1188950400.0
2007-09-04,40.0,40.5,39.5,39.95,39.99200992819564,319897.0,618.0,12793324.0,267083.0,83.49,1.0,-0.05,1188864000.0
2007-09-03,41.0,41.4,39.2,39.8,40.28340895408426,136206.0,862.0,5486842.0,78887.0,57.92,2.2,-1.2,1188777600.0
2007-08-31,40.0,40.9,38.0,40.6,39.905195029780295,745963.0,1504.0,29767799.0,632962.0,84.85,2.9,0.6,1188518400.0
2007-08-30,38.7,39.25,38.4,38.95,38.94035920700564,553497.0,564.0,21553372.0,522449.0,94.39,0.85,0.25,1188432000.0
2007-08-29,39.35,39.35,37.05,38.15,38.260962422276286,147960.0,625.0,5661092.0,76087.0,51.42,2.3,-1.2,1188345600.0
2007-08-28,40.5,40.5,39.05,39.35,39.79003014548473,91556.0,468.0,3643016.0,44111.0,48.18,1.45,-1.15,1188259200.0
2007-08-27,39.5,40.9,38.7,40.05,39.759145086998885,600295.0,1091.0,23867216.0,1170414.0,194.97,2.2,0.55,1188172800.0
2007-08-24,38.7,39.25,37.5,38.95,38.41456144824769,364689.0,526.0,14009368.0,,,1.75,0.25,1187913600.0
2007-08-23,39.45,39.45,37.25,37.5,38.1513913841461,77369.0,416.0,2951735.0,,,2.2,-1.95,1187827200.0
2007-08-22,39.4,39.4,37.2,38.5,38.13167427477544,101865.0,647.0,3884283.0,,,2.2,-0.9,1187740800.0
2007-08-21,40.0,40.3,38.1,38.6,38.76220891816671,99886.0,651.0,3871802.0,,,2.2,-1.4,1187654400.0
2007-08-20,39.95,41.45,39.3,39.6,40.365889219449045,440330.0,1886.0,17774312.0,,,2.15,-0.35,1187568000.0
2007-08-17,39.0,40.45,36.55,39.3,38.7440033416158,512327.0,2591.0,19849599.0,,,3.9,0.3,1187308800.0
2007-08-16,379.75,382.0,366.0,370.85,373.3969145325517,48615.0,886.0,18152691.0,32973.0,67.82,16.0,-8.9,1187222400.0
2007-08-14,406.85,409.0,390.0,392.05,395.3743253288517,30941.0,675.0,12233277.0,15287.0,49.41,19.0,-14.8,1187049600.0
2007-08-13,398.0,417.0,396.35,398.6,405.7511595423673,93787.0,2046.0,38054184.0,36176.0,38.57,20.65,0.6,1186963200.0
2007-08-10,368.0,395.0,352.0,390.2,382.68183215493394,35783.0,543.0,13693504.0,20408.0,57.03,43.0,22.2,1186704000.0
2007-08-09,380.0,382.95,375.4,375.9,378.4985842111224,8829.0,235.0,3341764.0,4574.0,51.81,7.55,-4.1,1186617600.0
2007-08-08,381.0,382.85,371.0,375.35,374.8946947175852,17492.0,341.0,6557658.0,12273.0,70.16,11.85,-5.65,1186531200.0
2007-08-07,380.0,390.0,374.0,375.85,380.68040293040286,8736.0,248.0,3325624.0,5689.0,65.12,16.0,-4.15,1186444800.0
2007-08-06,380.0,383.0,375.0,378.1,379.895,6000.0,197.0,2279370.0,3619.0,60.32,8.0,-1.9,1186358400.0
2007-08-03,380.0,392.8,380.0,386.6,385.4481647083289,9617.0,263.0,3706855.0,6056.0,62.97,12.8,6.6,1186099200.0
2007-08-02,372.0,384.95,372.0,378.0,379.7788660818216,35223.0,372.0,13376951.0,29231.0,82.99,12.95,6.0,1186012800.0
