Date,Open Price,High Price,Low Price,Close Price,WAP,No.of Shares,No. of Trades,Total Turnover (Rs.),Deliverable Quantity,% Deli. Qty to Traded Qty,Spread High-Low,Spread Close-Open,Unix Date
2022-06-23,6.04,6.04,6.04,6.04,6.039987367295873,41163.0,301.0,248624.0,41163.0,100.0,0.0,0.0,1655942400.0
2022-06-22,6.35,6.35,6.35,6.35,6.349997306469859,37126.0,255.0,235750.0,37126.0,100.0,0.0,0.0,1655856000.0
2022-06-21,6.68,6.68,6.68,6.68,6.679997570063178,49384.0,320.0,329885.0,49384.0,100.0,0.0,0.0,1655769600.0
2022-06-20,7.7,7.7,7.03,7.03,7.169074768198856,126725.0,445.0,908501.0,126725.0,100.0,0.6699999999999999,-0.6699999999999999,1655683200.0
2022-06-17,7.4,7.4,6.7,7.4,7.338140869329387,840694.0,1714.0,6169131.0,840694.0,100.0,0.7000000000000002,0.0,1655424000.0
2022-06-16,6.39,7.05,6.39,7.05,6.93355101144868,728905.0,1304.0,5053900.0,728905.0,100.0,0.6600000000000001,0.6600000000000001,1655337600.0
2022-06-15,6.72,6.72,6.72,6.72,6.719998054190786,61671.0,384.0,414429.0,61671.0,100.0,0.0,0.0,1655251200.0
2022-06-14,7.07,7.07,7.07,7.07,7.069983077140036,56728.0,358.0,401066.0,56728.0,100.0,0.0,0.0,1655164800.0
2022-06-13,7.44,7.44,7.44,7.44,7.439998172069218,65648.0,410.0,488421.0,65648.0,100.0,0.0,0.0,1655078400.0
2022-06-10,7.83,7.83,7.83,7.83,7.829993710126696,89032.0,430.0,697120.0,89032.0,100.0,0.0,0.0,1654819200.0
2022-06-09,8.24,8.24,8.24,8.24,8.239995983330823,39834.0,314.0,328232.0,39834.0,100.0,0.0,0.0,1654732800.0
2022-06-08,8.67,8.67,8.67,8.67,8.669981546032396,48770.0,369.0,422835.0,48770.0,100.0,0.0,0.0,1654646400.0
2022-06-07,9.12,9.12,9.12,9.12,9.119979349509553,29055.0,308.0,264981.0,29055.0,100.0,0.0,0.0,1654560000.0
2022-06-06,9.59,9.59,9.59,9.59,9.589987013568582,44662.0,437.0,428308.0,7706.0,56.96,0.0,0.0,1654473600.0
2022-06-03,10.09,10.09,10.09,10.09,10.089994160257444,80483.0,455.0,812073.0,80483.0,100.0,0.0,0.0,1654214400.0
2022-06-02,10.62,10.62,10.62,10.62,10.619995706772569,55902.0,421.0,593679.0,55902.0,100.0,0.0,0.0,1654128000.0
2022-06-01,11.17,11.17,11.17,11.17,11.169981323507145,39622.0,309.0,442577.0,39622.0,100.0,0.0,0.0,1654041600.0
2022-05-31,11.75,11.75,11.75,11.75,11.75,49604.0,450.0,582847.0,49604.0,100.0,0.0,0.0,1653955200.0
2022-05-30,12.36,12.36,12.36,12.36,12.359990110684263,52582.0,501.0,649913.0,52582.0,100.0,0.0,0.0,1653868800.0
2022-05-27,13.01,13.01,13.01,13.01,13.009999054015704,105710.0,701.0,1375287.0,105710.0,100.0,0.0,0.0,1653609600.0
2022-05-26,15.13,15.13,13.69,13.69,14.498391646774996,940092.0,2997.0,13629822.0,940092.0,100.0,1.4400000000000013,-1.4400000000000013,1653523200.0
2022-05-25,14.41,14.41,14.41,14.41,14.409999245795309,662950.0,1226.0,9553109.0,662950.0,100.0,0.0,0.0,1653436800.0
2022-05-24,13.73,13.73,13.73,13.73,13.72999949707824,934539.0,2178.0,12831220.0,934539.0,100.0,0.0,0.0,1653350400.0
2022-05-23,13.08,13.08,13.08,13.08,13.079999337582466,966158.0,1921.0,12637346.0,966158.0,100.0,0.0,0.0,1653264000.0
2022-05-20,12.46,12.46,12.46,12.46,12.459999369616996,1237343.0,2361.0,15417293.0,1237343.0,100.0,0.0,0.0,1653004800.0
2022-05-19,11.87,11.87,11.87,11.87,11.87,1146900.0,2496.0,13613703.0,1146900.0,100.0,0.0,0.0,1652918400.0
2022-05-18,11.31,11.31,11.31,11.31,11.309999717179348,1096101.0,2202.0,12396902.0,1069190.0,97.54,0.0,0.0,1652832000.0
2022-05-17,10.78,10.78,9.85,10.78,10.734128497852163,1525722.0,2718.0,16377296.0,1068062.0,70.0,0.9299999999999996,0.0,1652745600.0
2022-05-16,10.27,10.27,10.27,10.27,10.26999992923868,989241.0,1661.0,10159505.0,942681.0,95.29,0.0,0.0,1652659200.0
2022-05-13,9.79,9.79,9.79,9.79,9.789999496184745,873336.0,1613.0,8549959.0,6305.0,16.29,0.0,0.0,1652400000.0
2022-05-12,9.33,9.33,8.89,9.33,9.307128696473889,1026485.0,1662.0,9553628.0,891945.0,86.89,0.4399999999999995,0.0,1652313600.0
2022-05-11,8.89,8.89,8.89,8.89,8.889995931070128,90933.0,36.0,808394.0,90933.0,100.0,0.0,0.0,1652227200.0
2022-05-10,8.47,8.47,8.47,8.47,8.46999929493055,212745.0,56.0,1801950.0,212719.0,99.99,0.0,0.0,1652140800.0
2022-05-09,8.07,8.07,8.07,8.07,8.069975171077333,33026.0,31.0,266519.0,33026.0,100.0,0.0,0.0,1652054400.0
2022-05-06,7.69,7.69,7.69,7.69,7.689995232816601,174107.0,67.0,1338882.0,174107.0,100.0,0.0,0.0,1651795200.0
2022-05-05,7.33,7.33,7.33,7.33,7.329983388704319,36120.0,52.0,264759.0,36120.0,100.0,0.0,0.0,1651708800.0
2022-05-04,6.67,6.67,6.01,6.67,6.578359913543293,146663.0,162.0,964802.0,121504.0,82.85,0.6600000000000001,0.0,1651622400.0
2022-05-02,5.75,6.16,5.6,6.07,6.037684091415639,58327.0,197.0,352160.0,441.0,17.86,0.5600000000000005,0.3200000000000003,1651449600.0
2022-04-29,5.22,5.85,5.22,5.6,5.416003671970624,32680.0,116.0,176995.0,21860.0,66.89,0.6299999999999999,0.3799999999999999,1651190400.0
2022-04-28,5.6,5.89,5.31,5.33,5.472629943015023,5791.0,57.0,31692.0,3990.0,68.9,0.5800000000000001,-0.2699999999999996,1651104000.0
2022-04-27,5.9,5.9,5.35,5.48,5.463957361758827,7505.0,51.0,41007.0,4860.0,64.76,0.5500000000000007,-0.4199999999999999,1651017600.0
2022-04-26,5.87,5.87,5.6,5.77,5.776933789087226,7899.0,65.0,45632.0,5665.0,71.72,0.2700000000000004,-0.1000000000000005,1650931200.0
2022-04-25,5.34,6.05,5.11,5.51,5.600225250093854,45283.0,99.0,253595.0,1708.0,100.0,0.9399999999999996,0.1699999999999999,1650844800.0
2022-04-22,5.95,5.95,5.33,5.62,5.604968367287713,17229.0,89.0,96568.0,11593.0,67.29,0.6200000000000001,-0.33,1650585600.0
2022-04-21,5.9,5.9,5.38,5.66,5.60249697946033,32279.0,92.0,180843.0,18504.0,57.33,0.5200000000000005,-0.2400000000000002,1650499200.0
2022-04-20,5.9,6.0,5.64,5.78,5.788676697530864,10368.0,53.0,60017.0,7570.0,73.01,0.3600000000000003,-0.1200000000000001,1650412800.0
2022-04-19,6.85,6.85,5.71,5.95,5.965068481468215,58629.0,137.0,349726.0,26646.0,45.45,1.1399999999999997,-0.8999999999999995,1650326400.0
2022-04-18,6.0,6.3,5.16,6.27,5.968694096601073,63726.0,188.0,380361.0,46873.0,73.55,1.1399999999999997,0.2699999999999996,1650240000.0
2022-04-13,6.1,6.4,5.5,5.73,5.738506472433563,55466.0,148.0,318292.0,37523.0,67.65,0.9000000000000004,-0.3699999999999992,1649808000.0
2022-04-12,6.2,6.48,5.71,5.84,5.856834168543975,21751.0,86.0,127392.0,18918.0,86.98,0.7700000000000005,-0.3600000000000003,1649721600.0
2022-04-11,6.0,6.52,5.55,6.07,5.979480951163385,15644.0,130.0,93543.0,11159.0,71.33,0.9699999999999998,0.0700000000000002,1649635200.0
2022-04-08,5.75,6.53,5.75,6.1,6.180121885220829,42499.0,150.0,262649.0,28923.0,68.06,0.7800000000000002,0.3499999999999996,1649376000.0
2022-04-07,6.38,6.39,5.65,5.94,6.186042097270848,47414.0,175.0,293305.0,37268.0,78.6,0.7399999999999993,-0.4399999999999995,1649289600.0
2022-04-06,5.77,5.89,5.61,5.81,5.848945710130877,16504.0,68.0,96531.0,16504.0,100.0,0.2799999999999993,0.04,1649203200.0
2022-04-05,5.61,5.61,5.5,5.61,5.596096275895103,16702.0,82.0,93466.0,16202.0,97.01,0.1100000000000003,0.0,1649116800.0
2022-04-04,5.29,5.35,5.0,5.35,5.25046439628483,16150.0,79.0,84795.0,10756.0,66.6,0.3499999999999996,0.0599999999999996,1649030400.0
2022-04-01,4.83,5.13,4.69,5.1,5.008169722186105,46146.0,97.0,231107.0,38653.0,83.76,0.4399999999999995,0.2699999999999996,1648771200.0
2022-03-31,5.1,5.17,4.73,4.89,5.028789773516743,35985.0,135.0,180961.0,16757.0,46.57,0.4399999999999995,-0.2099999999999999,1648684800.0
2022-03-30,5.24,5.24,4.83,4.93,5.081219321041125,24243.0,99.0,123184.0,15885.0,65.52,0.4100000000000001,-0.3100000000000005,1648598400.0
2022-03-29,5.2,5.4,5.02,5.07,5.186296715741789,14128.0,80.0,73272.0,9695.0,68.62,0.3800000000000008,-0.1299999999999999,1648512000.0
2022-03-28,5.82,5.82,5.28,5.28,5.407710843373494,8300.0,67.0,44884.0,8300.0,100.0,0.54,-0.54,1648425600.0
2022-03-25,5.55,5.79,5.29,5.55,5.49618025336041,20682.0,76.0,113672.0,20682.0,100.0,0.5,0.0,1648166400.0
2022-03-24,5.19,5.7,5.18,5.56,5.292455210698965,31704.0,92.0,167792.0,31704.0,100.0,0.5200000000000005,0.3699999999999992,1648080000.0
2022-03-22,5.88,5.88,5.51,5.51,5.5138076819285775,11117.0,59.0,61297.0,11117.0,100.0,0.3700000000000001,-0.3700000000000001,1647907200.0
2022-03-21,5.45,5.92,5.44,5.79,5.593545717832023,24170.0,127.0,135196.0,24170.0,100.0,0.4799999999999995,0.3399999999999998,1647820800.0
2022-03-17,5.77,5.99,5.7,5.72,5.743398170810254,7763.0,94.0,44586.0,7763.0,100.0,0.29,-0.0499999999999998,1647475200.0
2022-03-16,6.35,6.35,5.77,5.99,5.862295376866343,33354.0,129.0,195531.0,33354.0,100.0,0.5800000000000001,-0.3599999999999994,1647388800.0
2022-03-15,5.8,6.15,5.67,6.07,5.93342927783313,27099.0,119.0,160790.0,27099.0,100.0,0.4800000000000004,0.2700000000000004,1647302400.0
2022-03-14,5.96,6.25,5.67,5.88,6.089807482250136,29296.0,140.0,178407.0,29296.0,100.0,0.5800000000000001,-0.08,1647216000.0
2022-03-11,5.96,5.96,5.41,5.96,5.910143769968051,10016.0,63.0,59196.0,10016.0,100.0,0.5499999999999998,0.0,1646956800.0
2022-03-10,5.5,5.68,5.5,5.68,5.677907559748194,53851.0,78.0,305761.0,53851.0,100.0,0.1799999999999997,0.1799999999999997,1646870400.0
2022-03-09,5.16,5.41,5.01,5.41,5.369339272457313,16164.0,107.0,86790.0,16164.0,100.0,0.4000000000000003,0.25,1646784000.0
2022-03-08,5.17,5.17,4.69,5.16,5.057175312381673,7923.0,75.0,40068.0,7923.0,100.0,0.4799999999999995,-0.0099999999999997,1646697600.0
2022-03-07,4.9,5.01,4.55,4.93,4.901680626265944,36534.0,62.0,179078.0,36534.0,100.0,0.4599999999999999,0.0299999999999993,1646611200.0
2022-03-04,4.78,4.78,4.34,4.78,4.774507457924544,12537.0,58.0,59858.0,12537.0,100.0,0.4400000000000004,0.0,1646352000.0
2022-03-03,4.55,4.74,4.3,4.56,4.518343703068012,32627.0,123.0,147420.0,32627.0,100.0,0.4400000000000004,0.0099999999999997,1646265600.0
2022-03-02,4.52,4.52,4.52,4.52,4.519888196086863,4651.0,66.0,21022.0,4651.0,100.0,0.0,0.0,1646179200.0
2022-02-28,4.75,4.75,4.75,4.75,4.749974876896794,9951.0,91.0,47267.0,,,0.0,0.0,1646006400.0
2022-02-25,5.15,5.15,4.98,4.99,5.081012851897185,13072.0,82.0,66419.0,13072.0,100.0,0.1699999999999999,-0.1600000000000001,1645747200.0
2022-02-24,5.5,5.5,5.24,5.24,5.257039947609692,3054.0,35.0,16055.0,3054.0,100.0,0.2599999999999998,-0.2599999999999998,1645660800.0
2022-02-23,5.67,5.67,5.51,5.51,5.534622302158273,8896.0,64.0,49236.0,8896.0,100.0,0.1600000000000001,-0.1600000000000001,1645574400.0
2022-02-22,6.0,6.0,5.79,5.79,5.829599846831323,5223.0,53.0,30448.0,5223.0,100.0,0.2099999999999999,-0.2099999999999999,1645488000.0
2022-02-21,5.8,6.2,5.62,6.09,5.970705187946567,32190.0,105.0,192197.0,32190.0,100.0,0.5800000000000001,0.29,1645401600.0
2022-02-18,5.95,6.1,5.52,5.91,5.787712870888522,24839.0,122.0,143761.0,24839.0,100.0,0.5800000000000001,-0.04,1645142400.0
2022-02-17,5.27,5.81,5.27,5.81,5.785135632748251,16294.0,68.0,94263.0,16294.0,100.0,0.54,0.54,1645056000.0
2022-02-16,5.2,5.54,5.02,5.54,5.344927536231884,25530.0,114.0,136456.0,25530.0,100.0,0.5200000000000005,0.3399999999999998,1644969600.0
2022-02-15,5.28,5.35,5.28,5.28,5.280014534883721,13760.0,68.0,72653.0,13760.0,100.0,0.0699999999999994,0.0,1644883200.0
2022-02-14,5.55,5.55,5.55,5.55,5.549953807575558,7577.0,61.0,42052.0,7577.0,100.0,0.0,0.0,1644796800.0
2022-02-11,5.9,6.4,5.8,5.84,5.829789084583605,22995.0,85.0,134056.0,22995.0,100.0,0.6000000000000005,-0.0600000000000005,1644537600.0
2022-02-10,6.55,6.74,6.1,6.1,6.221312965993817,10998.0,83.0,68422.0,10998.0,100.0,0.6400000000000006,-0.4500000000000002,1644451200.0
2022-02-09,6.3,6.42,5.82,6.42,6.132663107274035,52818.0,192.0,323915.0,52818.0,100.0,0.5999999999999996,0.1200000000000001,1644364800.0
2022-02-08,6.76,6.76,6.12,6.12,6.449525504151839,33720.0,154.0,217478.0,33720.0,100.0,0.6399999999999997,-0.6399999999999997,1644278400.0
2022-02-07,6.44,6.44,6.16,6.44,6.428017829225293,60126.0,159.0,386491.0,60126.0,100.0,0.2800000000000002,0.0,1644192000.0
2022-02-04,6.14,6.14,5.85,6.14,6.132864921040146,44263.0,180.0,271459.0,44263.0,100.0,0.29,0.0,1643932800.0
2022-02-03,5.5,5.85,5.31,5.85,5.781051187159549,48098.0,202.0,278057.0,48098.0,100.0,0.54,0.3499999999999996,1643846400.0
2022-02-02,5.58,5.58,5.58,5.58,5.5799751812422445,15311.0,100.0,85435.0,15311.0,100.0,0.0,0.0,1643760000.0
2022-02-01,5.87,5.87,5.87,5.87,5.869938160781967,5013.0,77.0,29426.0,5013.0,100.0,0.0,0.0,1643673600.0
2022-01-31,6.4,6.4,6.17,6.17,6.17790146361575,14553.0,135.0,89907.0,14553.0,100.0,0.2300000000000004,-0.2300000000000004,1643587200.0
2022-01-28,6.7,7.06,6.4,6.49,6.858885695638732,174674.0,435.0,1198069.0,174674.0,100.0,0.6599999999999993,-0.2099999999999999,1643328000.0
2022-01-27,6.73,6.73,6.73,6.73,6.729977876106195,9040.0,75.0,60839.0,9040.0,100.0,0.0,0.0,1643241600.0
2022-01-25,7.08,7.08,7.08,7.08,7.079872204472843,5634.0,50.0,39888.0,5634.0,100.0,0.0,0.0,1643068800.0
2022-01-24,7.45,7.45,7.45,7.45,7.449928905139143,4923.0,61.0,36676.0,3541.0,100.0,0.0,0.0,1642982400.0
2022-01-21,7.84,7.84,7.84,7.84,7.839986763334436,33241.0,111.0,260609.0,33241.0,100.0,0.0,0.0,1642723200.0
2022-01-20,8.25,8.25,8.25,8.25,8.249978427819483,11589.0,77.0,95609.0,11589.0,100.0,0.0,0.0,1642636800.0
2022-01-19,8.68,8.68,8.68,8.68,8.679989516446076,7631.0,73.0,66237.0,7631.0,100.0,0.0,0.0,1642550400.0
2022-01-18,9.61,9.61,9.13,9.13,9.172784647089127,46584.0,219.0,427305.0,46584.0,100.0,0.4799999999999986,-0.4799999999999986,1642464000.0
2022-01-17,9.35,9.61,9.35,9.61,9.583680173812889,152808.0,474.0,1464463.0,152808.0,100.0,0.2599999999999998,0.2599999999999998,1642377600.0
2022-01-14,9.15,9.17,8.95,9.16,9.164877803945794,51802.0,236.0,474759.0,51802.0,100.0,0.2200000000000006,0.0099999999999997,1642118400.0
2022-01-13,8.85,8.85,8.01,8.74,8.706851561917542,107304.0,456.0,934280.0,107304.0,100.0,0.8399999999999999,-0.1099999999999994,1642032000.0
2022-01-12,8.43,8.43,8.19,8.43,8.42208340927543,120706.0,351.0,1016596.0,115163.0,95.41,0.2400000000000002,0.0,1641945600.0
2022-01-11,8.03,8.03,8.03,8.03,8.029825162838533,2917.0,19.0,23423.0,2917.0,100.0,0.0,0.0,1641859200.0
2022-01-10,7.65,7.65,7.65,7.65,7.649941656942824,10284.0,24.0,78672.0,10284.0,100.0,0.0,0.0,1641772800.0
2022-01-07,7.29,7.29,7.29,7.29,7.289855072463768,4002.0,23.0,29174.0,4002.0,100.0,0.0,0.0,1641513600.0
2022-01-06,6.95,6.95,6.95,6.95,6.949985911524373,7098.0,27.0,49331.0,7098.0,100.0,0.0,0.0,1641427200.0
2022-01-05,6.62,6.62,6.62,6.62,6.619986345792797,11718.0,34.0,77573.0,11718.0,100.0,0.0,0.0,1641340800.0
2022-01-04,6.31,6.31,6.31,6.31,6.309957798329892,11137.0,30.0,70274.0,11137.0,100.0,0.0,0.0,1641254400.0
2022-01-03,6.01,6.01,6.01,6.01,6.009976882832461,16438.0,26.0,98792.0,16438.0,100.0,0.0,0.0,1641168000.0
2021-12-31,5.73,5.73,5.73,5.73,5.729862119013062,5512.0,21.0,31583.0,5512.0,100.0,0.0,0.0,1640908800.0
2021-12-30,5.46,5.46,5.46,5.46,5.459942011292537,13106.0,29.0,71558.0,13106.0,100.0,0.0,0.0,1640822400.0
2021-12-28,4.96,4.96,4.96,4.96,4.959955447119975,18854.0,60.0,93515.0,18853.0,99.99,0.0,0.0,1640649600.0
2021-12-27,4.65,4.73,4.31,4.73,4.61596729933684,34984.0,87.0,161485.0,34948.0,99.9,0.4200000000000008,0.08,1640563200.0
2021-12-24,4.51,4.51,4.51,4.51,4.509905859210342,7117.0,20.0,32097.0,7117.0,100.0,0.0,0.0,1640304000.0
2021-12-23,4.1,4.3,4.1,4.3,4.255219694608912,9627.0,44.0,40965.0,9627.0,100.0,0.2000000000000001,0.2000000000000001,1640217600.0
2021-12-22,4.1,4.1,4.1,4.1,4.099990440684447,31383.0,161.0,128670.0,31383.0,100.0,0.0,0.0,1640131200.0
2021-12-21,4.45,4.45,4.31,4.31,4.310556017323592,22859.0,127.0,98535.0,22709.0,99.34,0.1400000000000005,-0.1400000000000005,1640044800.0
2021-12-20,4.99,4.99,4.53,4.53,4.7802272409592845,50079.0,171.0,239389.0,42580.0,85.03,0.4599999999999999,-0.4599999999999999,1639958400.0
2021-12-17,4.76,4.76,4.75,4.76,4.758627004683044,38223.0,161.0,181889.0,37100.0,97.06,0.0099999999999997,0.0,1639699200.0
2021-12-16,4.54,4.54,4.45,4.54,4.538971975208838,29688.0,108.0,134753.0,29688.0,100.0,0.0899999999999998,0.0,1639612800.0
2021-12-15,4.33,4.33,4.13,4.33,4.310948576008817,39923.0,187.0,172106.0,36371.0,91.1,0.2000000000000001,0.0,1639526400.0
2021-12-14,4.13,4.13,4.13,4.13,4.1299589603283176,13889.0,36.0,57361.0,13889.0,100.0,0.0,0.0,1639440000.0
2021-12-13,3.93,3.94,3.93,3.94,3.9351631594998473,32790.0,90.0,129034.0,32782.0,99.98,0.0099999999999997,0.0099999999999997,1639353600.0
2021-12-10,3.76,3.76,3.76,3.76,3.759992163009404,35728.0,81.0,134337.0,35727.0,100.0,0.0,0.0,1639094400.0
2021-12-09,3.59,3.59,3.59,3.59,3.589962885267065,18591.0,26.0,66741.0,18591.0,100.0,0.0,0.0,1639008000.0
2021-12-08,3.1,3.42,3.1,3.42,3.2845473110959835,20566.0,90.0,67550.0,19766.0,96.11,0.3199999999999998,0.3199999999999998,1638921600.0
2021-12-07,3.3,3.3,3.26,3.26,3.264707738257998,47543.0,198.0,155214.0,47538.0,99.99,0.04,-0.04,1638835200.0
2021-12-06,3.43,3.43,3.43,3.43,3.429989944695827,23868.0,170.0,81867.0,23368.0,97.91,0.0,0.0,1638748800.0
2021-12-03,3.61,3.61,3.61,3.61,3.609964243146603,20975.0,102.0,75719.0,20975.0,100.0,0.0,0.0,1638489600.0
2021-12-02,3.8,3.8,3.8,3.8,3.799990031897927,20064.0,126.0,76243.0,20064.0,100.0,0.0,0.0,1638403200.0
2021-12-01,4.0,4.0,4.0,4.0,4.0,32339.0,195.0,129356.0,32339.0,100.0,0.0,0.0,1638316800.0
2021-11-30,4.65,4.65,4.21,4.21,4.548682066414163,181648.0,220.0,826259.0,173944.0,95.76,0.4400000000000004,-0.4400000000000004,1638230400.0
2021-11-29,4.43,4.43,4.43,4.43,4.4299867899603695,30280.0,73.0,134140.0,30280.0,100.0,0.0,0.0,1638144000.0
2021-11-26,4.22,4.22,4.22,4.22,4.219965879698421,18171.0,50.0,76681.0,18171.0,100.0,0.0,0.0,1637884800.0
2021-11-25,4.02,4.02,4.02,4.02,4.019948703334284,7018.0,24.0,28212.0,7018.0,100.0,0.0,0.0,1637798400.0
2021-11-24,3.83,3.83,3.83,3.83,3.829957191402975,22659.0,39.0,86783.0,22659.0,100.0,0.0,0.0,1637712000.0
2021-11-23,3.65,3.65,3.65,3.65,3.6499450131122577,11821.0,37.0,43146.0,11421.0,96.62,0.0,0.0,1637625600.0
2021-11-22,3.48,3.48,3.48,3.48,3.479989892289712,31659.0,86.0,110173.0,31659.0,100.0,0.0,0.0,1637539200.0
2021-11-18,3.32,3.32,3.31,3.32,3.3198824221046443,42525.0,65.0,141178.0,42523.0,100.0,0.0099999999999997,0.0,1637193600.0
2021-11-17,3.17,3.17,3.02,3.17,3.169402274382388,53553.0,136.0,169731.0,53490.0,99.88,0.1499999999999999,0.0,1637107200.0
2021-11-16,3.02,3.02,3.02,3.02,3.019960652512501,24398.0,53.0,73681.0,24358.0,99.84,0.0,0.0,1637020800.0
2021-11-12,2.46,2.5,2.32,2.5,2.464957883313524,96755.0,150.0,238497.0,80665.0,83.37,0.1800000000000001,0.04,1636675200.0
2021-11-11,2.47,2.47,2.2,2.28,2.415210151110622,36331.0,107.0,87747.0,34650.0,95.37,0.27,-0.1900000000000004,1636588800.0
2021-11-10,2.43,2.43,2.2,2.35,2.324203148754155,38809.0,111.0,90200.0,30221.0,77.87,0.2299999999999999,-0.08,1636502400.0
2021-11-09,2.31,2.5,2.12,2.22,2.267617300751435,50703.0,136.0,114975.0,31904.0,62.92,0.3799999999999999,-0.0899999999999998,1636416000.0
2021-11-08,2.26,2.38,2.12,2.29,2.337589465638246,115128.0,103.0,269122.0,109617.0,95.21,0.2599999999999998,0.0300000000000002,1636329600.0
2021-11-04,2.05,2.25,1.92,2.17,2.1077312491673696,22519.0,57.0,47464.0,160.0,60.38,0.33,0.1200000000000001,1635984000.0
2021-11-03,2.31,2.31,2.08,2.12,2.130617726051925,22340.0,62.0,47598.0,13211.0,59.14,0.2299999999999999,-0.1899999999999999,1635897600.0
2021-11-02,2.32,2.32,2.14,2.21,2.181832936593811,18484.0,83.0,40329.0,15327.0,82.92,0.1799999999999997,-0.1099999999999998,1635811200.0
2021-11-01,2.34,2.34,2.15,2.24,2.263594698377307,24219.0,125.0,54822.0,12436.0,51.35,0.1899999999999999,-0.0999999999999996,1635724800.0
2021-10-29,2.25,2.3,2.1,2.27,2.192490588468397,30282.0,91.0,66393.0,24554.0,81.08,0.1999999999999997,0.02,1635465600.0
2021-10-28,2.11,2.35,2.11,2.17,2.243333607839908,60715.0,145.0,136204.0,22409.0,36.91,0.2400000000000002,0.06,1635379200.0
2021-10-27,2.2,2.23,2.1,2.14,2.162083500602168,9964.0,81.0,21543.0,6607.0,66.31,0.1299999999999999,-0.06,1635292800.0
2021-10-26,2.29,2.29,2.1,2.13,2.1548322050986606,20829.0,77.0,44883.0,17230.0,82.72,0.1899999999999999,-0.1600000000000001,1635206400.0
2021-10-25,2.14,2.2,2.02,2.13,2.1305898395161007,28601.0,113.0,60937.0,25316.0,88.51,0.1800000000000001,-0.0100000000000002,1635120000.0
2021-10-22,2.37,2.37,2.0,2.05,2.021501600464608,222123.0,222.0,449022.0,120369.0,54.19,0.3700000000000001,-0.3200000000000003,1634860800.0
2021-10-21,2.48,2.55,2.09,2.22,2.187888198757764,37996.0,85.0,83131.0,31110.0,81.88,0.4599999999999999,-0.2599999999999998,1634774400.0
2021-10-20,2.48,2.48,2.18,2.32,2.308098642092269,34833.0,117.0,80398.0,24970.0,71.68,0.2999999999999998,-0.1600000000000001,1634688000.0
2021-10-19,2.32,2.44,2.22,2.32,2.399849383759161,163329.0,158.0,391965.0,144995.0,88.77,0.2199999999999997,0.0,1634601600.0
2021-10-18,2.28,2.43,2.15,2.22,2.308618613452606,87195.0,144.0,201300.0,42628.0,48.89,0.2800000000000002,-0.0599999999999996,1634515200.0
2021-10-14,2.28,2.28,2.15,2.22,2.217173006552634,23502.0,77.0,52108.0,20767.0,88.36,0.1299999999999999,-0.0599999999999996,1634169600.0
2021-10-13,2.35,2.4,2.12,2.16,2.152995167402566,143815.0,176.0,309633.0,106466.0,74.03,0.2799999999999998,-0.1899999999999999,1634083200.0
2021-10-12,2.39,2.39,2.13,2.35,2.2662159064863627,17452.0,75.0,39550.0,13128.0,75.22,0.2600000000000002,-0.04,1633996800.0
2021-10-11,2.11,2.4,2.11,2.3,2.326898017968589,29162.0,101.0,67857.0,25925.0,88.9,0.29,0.1899999999999999,1633910400.0
2021-10-08,2.42,2.42,2.17,2.25,2.3201028818612266,17107.0,72.0,39690.0,13832.0,80.86,0.25,-0.1699999999999999,1633651200.0
2021-10-07,2.2,2.31,2.1,2.23,2.174019515503146,26543.0,94.0,57705.0,20644.0,77.78,0.2099999999999999,0.0299999999999998,1633564800.0
2021-10-06,2.22,2.27,2.07,2.11,2.161535732587016,25369.0,61.0,54836.0,17911.0,70.6,0.2000000000000001,-0.1100000000000003,1633478400.0
2021-10-05,2.25,2.36,2.15,2.17,2.1718141802175417,27489.0,89.0,59701.0,23992.0,87.28,0.2099999999999999,-0.08,1633392000.0
2021-10-04,2.19,2.27,2.09,2.26,2.1734664764621967,14020.0,77.0,30472.0,8832.0,63.0,0.1800000000000001,0.0699999999999998,1633305600.0
2021-10-01,2.15,2.21,2.02,2.19,2.1166532582461786,8701.0,42.0,18417.0,5320.0,61.14,0.1899999999999999,0.04,1633046400.0
2021-09-30,2.21,2.21,2.1,2.11,2.144803277126798,20994.0,65.0,45028.0,13457.0,64.1,0.1099999999999998,-0.1,1632960000.0
2021-09-29,2.3,2.33,2.11,2.11,2.148037949811936,35626.0,80.0,76526.0,33558.0,94.2,0.2200000000000002,-0.1899999999999999,1632873600.0
2021-09-28,2.4,2.42,2.2,2.22,2.3070145876462376,20771.0,50.0,47919.0,19302.0,92.93,0.2199999999999997,-0.1799999999999997,1632787200.0
2021-09-27,2.3,2.31,2.29,2.31,2.301006404391583,14209.0,31.0,32695.0,14209.0,100.0,0.02,0.0100000000000002,1632700800.0
2021-09-24,2.2,2.28,2.09,2.2,2.140920529263739,12319.0,50.0,26374.0,8331.0,67.63,0.1899999999999999,0.0,1632441600.0
2021-09-23,2.2,2.22,2.06,2.18,2.1452018530774324,7555.0,48.0,16207.0,5863.0,77.6,0.1600000000000001,-0.02,1632355200.0
2021-09-22,2.16,2.16,2.05,2.12,2.105927428442641,8874.0,49.0,18688.0,7999.0,90.14,0.1100000000000003,-0.04,1632268800.0
2021-09-21,2.22,2.25,2.05,2.06,2.112924071082391,12380.0,47.0,26158.0,8536.0,68.95,0.2000000000000001,-0.1600000000000001,1632182400.0
2021-09-20,2.23,2.34,2.12,2.15,2.2017771926937635,30385.0,89.0,66901.0,3402.0,87.98,0.2199999999999997,-0.08,1632096000.0
2021-09-17,2.43,2.43,2.21,2.23,2.2400681356118466,18199.0,57.0,40767.0,9978.0,54.83,0.2200000000000002,-0.2000000000000001,1631836800.0
2021-09-16,2.3,2.33,2.12,2.32,2.286371669612191,29989.0,76.0,68566.0,22206.0,74.05,0.2099999999999999,0.02,1631750400.0
2021-09-15,2.4,2.44,2.22,2.22,2.239426615871376,30974.0,61.0,69364.0,21557.0,69.6,0.2199999999999997,-0.1799999999999997,1631664000.0
2021-09-14,2.22,2.33,2.13,2.33,2.258895705521472,9780.0,47.0,22092.0,7287.0,74.51,0.2000000000000001,0.1099999999999998,1631577600.0
2021-09-13,2.3,2.31,2.09,2.22,2.2350579279769125,23909.0,50.0,53438.0,22449.0,93.89,0.2200000000000002,-0.0799999999999996,1631491200.0
2021-09-09,2.27,2.37,2.16,2.2,2.2422066264077034,18381.0,68.0,41214.0,11518.0,62.66,0.2099999999999999,-0.0699999999999998,1631145600.0
2021-09-08,2.3,2.41,2.2,2.27,2.279360465116279,3440.0,32.0,7841.0,2828.0,82.21,0.2099999999999999,-0.0299999999999998,1631059200.0
2021-09-07,2.25,2.3,2.2,2.3,2.2877370417193426,15820.0,49.0,36192.0,14774.0,93.39,0.0999999999999996,0.0499999999999998,1630972800.0
2021-09-06,2.39,2.39,2.19,2.2,2.251697233762286,9869.0,52.0,22222.0,8576.0,86.9,0.2000000000000001,-0.1899999999999999,1630886400.0
2021-09-03,2.18,2.35,2.18,2.3,2.2199001700400416,18231.0,67.0,40471.0,16868.0,92.52,0.1699999999999999,0.1199999999999996,1630627200.0
2021-09-02,2.29,2.29,2.29,2.29,2.2899780941949617,3652.0,34.0,8363.0,3652.0,100.0,0.0,0.0,1630540800.0
2021-09-01,2.55,2.55,2.41,2.41,2.437946925154934,6293.0,34.0,15342.0,6273.0,99.68,0.1399999999999996,-0.1399999999999996,1630454400.0
2021-08-31,2.79,2.79,2.53,2.53,2.555228586442459,9515.0,50.0,24313.0,8980.0,94.38,0.2600000000000002,-0.2600000000000002,1630368000.0
2021-08-30,2.68,2.69,2.5,2.66,2.6542517171326305,10337.0,46.0,27437.0,9737.0,94.2,0.1899999999999999,-0.02,1630281600.0
2021-08-27,2.57,2.57,2.34,2.57,2.561303935359351,61138.0,56.0,156593.0,59913.0,98.0,0.2299999999999999,0.0,1630022400.0
2021-08-26,2.45,2.45,2.45,2.45,2.4497841726618703,3475.0,19.0,8513.0,3475.0,100.0,0.0,0.0,1629936000.0
2021-08-25,2.33,2.34,2.33,2.34,2.3307092148731288,14227.0,20.0,33159.0,14227.0,100.0,0.0099999999999997,0.0099999999999997,1629849600.0
2021-08-24,2.2,2.23,2.13,2.23,2.229842046558486,27793.0,31.0,61974.0,27793.0,100.0,0.1,0.0299999999999998,1629763200.0
2021-08-23,2.13,2.13,2.01,2.13,2.115939987321265,28394.0,66.0,60080.0,24201.0,85.23,0.1200000000000001,0.0,1629676800.0
2021-08-20,2.22,2.22,2.02,2.03,2.03528670447385,17457.0,36.0,35530.0,16652.0,95.39,0.2000000000000001,-0.1900000000000004,1629417600.0
2021-08-18,2.14,2.31,2.11,2.12,2.1279969794223144,21188.0,48.0,45088.0,18969.0,89.53,0.2000000000000001,-0.02,1629244800.0
2021-08-17,2.31,2.31,2.14,2.22,2.242486265215986,27849.0,44.0,62451.0,14673.0,52.69,0.1699999999999999,-0.0899999999999998,1629158400.0
2021-08-16,2.35,2.39,2.17,2.2,2.2418551033076173,56385.0,47.0,126407.0,33027.0,58.57,0.2200000000000002,-0.1499999999999999,1629072000.0
2021-08-13,2.31,2.31,2.13,2.28,2.2540714082282576,38623.0,77.0,87059.0,23424.0,60.65,0.1800000000000001,-0.0300000000000002,1628812800.0
2021-08-12,2.02,2.21,2.02,2.2,2.1274857364426967,36106.0,56.0,76815.0,22886.0,63.39,0.1899999999999999,0.1800000000000001,1628726400.0
2021-08-11,2.31,2.31,2.09,2.11,2.100183793892884,31013.0,42.0,65133.0,26606.0,85.79,0.2200000000000002,-0.2000000000000001,1628640000.0
2021-08-09,2.36,2.36,2.15,2.22,2.1709169323082693,21332.0,45.0,46310.0,15760.0,73.88,0.2099999999999999,-0.1399999999999996,1628467200.0
2021-08-06,2.34,2.34,2.16,2.25,2.288487548731005,12569.0,54.0,28764.0,10199.0,81.14,0.1799999999999997,-0.0899999999999998,1628208000.0
2021-08-05,2.43,2.43,2.21,2.23,2.247280565441877,19949.0,76.0,44831.0,15002.0,75.2,0.2200000000000002,-0.2000000000000001,1628121600.0
2021-08-04,2.53,2.53,2.29,2.32,2.367965693650316,26584.0,85.0,62950.0,16615.0,62.5,0.2399999999999997,-0.2099999999999999,1628035200.0
2021-08-03,2.5,2.51,2.31,2.41,2.4302881667688534,24465.0,71.0,59457.0,21347.0,87.26,0.1999999999999997,-0.0899999999999998,1627948800.0
2021-08-02,2.55,2.62,2.39,2.4,2.450031328320802,25536.0,92.0,62564.0,16652.0,65.21,0.2299999999999999,-0.1499999999999999,1627862400.0
2021-07-30,2.6,2.6,2.36,2.5,2.428233462102836,66786.0,83.0,162172.0,53275.0,79.77,0.2400000000000002,-0.1,1627603200.0
2021-07-29,2.36,2.59,2.36,2.48,2.536392024981984,12489.0,50.0,31677.0,10683.0,85.54,0.2299999999999999,0.1200000000000001,1627516800.0
2021-07-28,2.48,2.6,2.48,2.48,2.4799915308066907,28338.0,53.0,70278.0,28332.0,99.98,0.1200000000000001,0.0,1627430400.0
2021-07-27,2.74,2.86,2.61,2.61,2.636970427366274,32361.0,68.0,85335.0,29806.0,92.1,0.25,-0.1300000000000003,1627344000.0
2021-07-26,3.01,3.01,2.73,2.74,2.832474729735004,51246.0,121.0,145153.0,42470.0,82.87,0.2799999999999998,-0.2699999999999996,1627257600.0
2021-07-23,2.87,2.87,2.75,2.87,2.8589058891454964,27712.0,42.0,79226.0,27712.0,100.0,0.1200000000000001,0.0,1626998400.0
2021-07-22,2.7,2.74,2.61,2.74,2.7361424276587747,21288.0,14.0,58247.0,21288.0,100.0,0.1300000000000003,0.04,1626912000.0
2021-07-20,2.61,2.61,2.61,2.61,2.609916907514451,11072.0,22.0,28897.0,9072.0,81.94,0.0,0.0,1626739200.0
2021-07-19,2.38,2.49,2.32,2.49,2.4633370835982977,40886.0,86.0,100716.0,40712.0,99.57,0.1700000000000003,0.1100000000000003,1626652800.0
2021-07-16,2.32,2.56,2.32,2.38,2.4208709110932523,33597.0,83.0,81334.0,28110.0,83.67,0.2400000000000002,0.06,1626393600.0
2021-07-15,2.67,2.67,2.43,2.44,2.5379575268011605,73411.0,81.0,186314.0,60423.0,82.31,0.2399999999999997,-0.2299999999999999,1626307200.0
2021-07-14,2.7,2.7,2.5,2.55,2.592014124677441,14726.0,67.0,38170.0,12423.0,84.36,0.2000000000000001,-0.1500000000000003,1626220800.0
2021-07-13,2.57,2.69,2.45,2.58,2.5280989373587257,38489.0,110.0,97304.0,29956.0,77.83,0.2399999999999997,0.0100000000000002,1626134400.0
2021-07-12,2.47,2.58,2.45,2.57,2.459049565661727,48925.0,103.0,120309.0,48925.0,100.0,0.1299999999999999,0.0999999999999996,1626048000.0
2021-07-09,2.57,2.57,2.57,2.57,2.569908491168334,4699.0,45.0,12076.0,4699.0,100.0,0.0,0.0,1625788800.0
2021-07-08,2.7,2.8,2.7,2.7,2.700317754534622,60424.0,54.0,163164.0,60424.0,100.0,0.0999999999999996,0.0,1625702400.0
2021-07-07,2.84,2.84,2.84,2.84,2.838881491344873,751.0,22.0,2132.0,751.0,100.0,0.0,0.0,1625616000.0
2021-07-06,3.0,3.0,2.98,2.98,2.9798115746971736,3715.0,34.0,11070.0,3715.0,100.0,0.02,-0.02,1625529600.0
2021-07-05,3.22,3.22,3.13,3.13,3.1349713172421256,9239.0,47.0,28964.0,9239.0,100.0,0.0900000000000003,-0.0900000000000003,1625443200.0
2021-07-02,3.29,3.29,3.29,3.29,3.289977477477477,15984.0,37.0,52587.0,15984.0,100.0,0.0,0.0,1625184000.0
2021-07-01,3.35,3.35,3.35,3.35,3.35,560.0,19.0,1876.0,560.0,100.0,0.0,0.0,1625097600.0
2021-06-30,3.41,3.41,3.41,3.41,3.409556313993174,1465.0,28.0,4995.0,1465.0,100.0,0.0,0.0,1625011200.0
2021-06-29,3.47,3.47,3.47,3.47,3.469951923076923,9984.0,31.0,34644.0,9984.0,100.0,0.0,0.0,1624924800.0
2021-06-28,3.54,3.54,3.54,3.54,3.539951080309825,4906.0,31.0,17367.0,4906.0,100.0,0.0,0.0,1624838400.0
2021-06-25,3.75,3.75,3.61,3.61,3.712115666178624,10928.0,83.0,40566.0,10927.0,99.99,0.1400000000000001,-0.1400000000000001,1624579200.0
2021-06-24,3.68,3.68,3.68,3.68,3.679978586723769,9340.0,32.0,34371.0,9340.0,100.0,0.0,0.0,1624492800.0
2021-06-23,3.61,3.61,3.61,3.61,3.609966084007305,3833.0,12.0,13837.0,3833.0,100.0,0.0,0.0,1624406400.0
2021-06-22,3.54,3.54,3.54,3.54,3.5399875363523057,9628.0,31.0,34083.0,9128.0,94.81,0.0,0.0,1624320000.0
2021-06-21,3.48,3.48,3.48,3.48,3.4799033324853728,7862.0,52.0,27359.0,7802.0,99.24,0.0,0.0,1624233600.0
2021-06-18,3.32,3.32,3.32,3.32,3.319975968759388,16645.0,83.0,55261.0,16642.0,99.98,0.0,0.0,1623974400.0
2021-06-17,3.08,3.17,3.0,3.17,3.1304618393563586,44994.0,107.0,140852.0,44962.0,99.93,0.1699999999999999,0.0899999999999998,1623888000.0
2021-06-16,3.02,3.02,3.02,3.02,3.019997007928988,20053.0,33.0,60560.0,20053.0,100.0,0.0,0.0,1623801600.0
2021-06-15,2.85,2.88,2.85,2.88,2.878496868475992,21555.0,77.0,62046.0,20561.0,95.39,0.0299999999999998,0.0299999999999998,1623715200.0
2021-06-14,2.75,2.75,2.75,2.75,2.75,14844.0,64.0,40821.0,14344.0,96.63,0.0,0.0,1623628800.0
2021-06-11,2.62,2.62,2.62,2.62,2.6199696618185064,11207.0,18.0,29362.0,10000.0,50.0,0.0,0.0,1623369600.0
2021-06-10,2.5,2.5,2.39,2.5,2.483128834355828,14996.0,34.0,37237.0,13977.0,93.2,0.1099999999999998,0.0,1623283200.0
2021-06-09,2.39,2.39,2.39,2.39,2.3899964272954626,13995.0,19.0,33448.0,13995.0,100.0,0.0,0.0,1623196800.0
2021-06-08,2.25,2.28,2.1,2.28,2.230904087249006,49055.0,128.0,109437.0,46079.0,93.93,0.1799999999999997,0.0299999999999998,1623110400.0
2021-06-07,2.15,2.18,2.01,2.18,2.1547566273605816,22558.0,47.0,48607.0,18785.0,83.27,0.1700000000000003,0.0300000000000002,1623024000.0
2021-06-04,2.11,2.11,2.0,2.08,2.07214215099641,38438.0,204.0,79649.0,30105.0,78.32,0.1099999999999998,-0.0299999999999998,1622764800.0
2021-06-03,2.01,2.01,1.92,2.01,2.0077062010836846,16610.0,47.0,33348.0,16370.0,98.56,0.0899999999999998,0.0,1622678400.0
2021-06-02,1.91,1.98,1.8,1.92,1.9353757360228527,34306.0,96.0,66395.0,27435.0,79.97,0.1799999999999999,0.01,1622592000.0
2021-06-01,1.84,1.92,1.75,1.89,1.8329070313723443,38314.0,85.0,70226.0,28229.0,73.68,0.1699999999999999,0.0499999999999998,1622505600.0
2021-05-31,1.94,1.94,1.78,1.84,1.840070239986621,59795.0,110.0,110027.0,38276.0,64.01,0.1599999999999999,-0.0999999999999998,1622419200.0
2021-05-28,2.01,2.01,1.65,1.87,1.919372734669724,81114.0,110.0,155688.0,69488.0,85.67,0.3599999999999999,-0.1399999999999996,1622160000.0
2021-05-27,1.79,1.83,1.78,1.83,1.8287026908772697,27426.0,51.0,50154.0,26904.0,98.1,0.05,0.04,1622073600.0
2021-05-26,1.59,1.69,1.59,1.67,1.6741485692075986,20583.0,65.0,34459.0,16578.0,80.54,0.0999999999999998,0.0799999999999998,1621987200.0
2021-05-25,1.5,1.63,1.5,1.59,1.554687044274631,34286.0,79.0,53304.0,20113.0,58.66,0.1299999999999999,0.09,1621900800.0
2021-05-24,1.59,1.59,1.42,1.5,1.5236309077269317,14663.0,62.0,22341.0,12278.0,83.73,0.1700000000000001,-0.09,1621814400.0
2021-05-21,1.55,1.55,1.4,1.48,1.474566573210505,17477.0,58.0,25771.0,8383.0,47.97,0.1500000000000001,-0.07,1621555200.0
2021-05-20,1.49,1.58,1.49,1.5,1.5205232649224505,12766.0,44.0,19411.0,11266.0,88.25,0.09,0.01,1621468800.0
2021-05-19,1.6,1.6,1.45,1.49,1.498179262761132,15653.0,55.0,23451.0,12923.0,82.56,0.1500000000000001,-0.1100000000000001,1621382400.0
2021-05-18,1.65,1.65,1.4,1.54,1.5401592937338069,41684.0,95.0,64200.0,25070.0,60.14,0.25,-0.1099999999999998,1621296000.0
2021-05-17,1.42,1.59,1.41,1.54,1.4971291997472598,36401.0,81.0,54497.0,23257.0,63.89,0.1800000000000001,0.1200000000000001,1621209600.0
2021-05-14,1.45,1.52,1.33,1.48,1.4509726810340309,38142.0,83.0,55343.0,26458.0,69.37,0.1899999999999999,0.03,1620950400.0
2021-05-12,1.44,1.44,1.31,1.39,1.402787456445993,18655.0,51.0,26169.0,13085.0,70.14,0.1299999999999999,-0.05,1620757800.0
2021-05-11,1.38,1.44,1.35,1.42,1.3967713004484306,22300.0,49.0,31148.0,18837.0,84.47,0.0899999999999998,0.04,1620671400.0
2021-05-10,1.5,1.5,1.33,1.39,1.3894367374226977,35898.0,76.0,49878.0,25307.0,70.5,0.1699999999999999,-0.1100000000000001,1620585000.0
2021-05-07,1.47,1.47,1.36,1.46,1.3975903614457832,2158.0,29.0,3016.0,1709.0,79.19,0.1099999999999998,-0.01,1620345600.0
2021-05-06,1.49,1.49,1.37,1.47,1.4656722623564264,19241.0,40.0,28201.0,14134.0,73.46,0.1199999999999998,-0.02,1620259200.0
2021-05-05,1.31,1.48,1.31,1.39,1.3750512925728355,7311.0,21.0,10053.0,3627.0,49.61,0.1699999999999999,0.0799999999999998,1620153000.0
2021-05-04,1.55,1.55,1.36,1.44,1.3908792978947953,18003.0,32.0,25040.0,14744.0,81.9,0.1899999999999999,-0.1100000000000001,1620086400.0
2021-05-03,1.45,1.55,1.31,1.45,1.4799257759784077,11856.0,44.0,17546.0,8294.0,69.96,0.24,0.0,1620000000.0
2021-04-30,1.55,1.55,1.35,1.42,1.4015,12000.0,50.0,16818.0,6795.0,56.62,0.2,-0.13,1619740800.0
2021-04-29,1.58,1.58,1.36,1.48,1.435335519475326,12503.0,38.0,17946.0,8601.0,68.79,0.22,-0.1,1619654400.0
2021-04-28,1.47,1.47,1.3,1.45,1.4318233381229677,13223.0,46.0,18933.0,10037.0,75.91,0.17,-0.02,1619568000.0
2021-04-27,1.37,1.49,1.34,1.35,1.4132958461817522,11026.0,53.0,15583.0,5924.0,53.73,0.15,-0.02,1619481600.0
2021-04-26,1.43,1.5,1.32,1.37,1.406535319557905,8324.0,35.0,11708.0,7120.0,85.54,0.18,-0.06,1619395200.0
2021-04-23,1.38,1.47,1.31,1.43,1.4223504721930744,3812.0,17.0,5422.0,3711.0,97.35,0.16,0.05,1619136000.0
2021-04-22,1.44,1.44,1.34,1.38,1.344340647403867,4603.0,11.0,6188.0,4603.0,100.0,0.1,-0.06,1619049600.0
2021-04-20,1.45,1.47,1.33,1.35,1.3927961088471144,7607.0,38.0,10595.0,4715.0,61.98,0.14,-0.1,1618876800.0
2021-04-19,1.35,1.47,1.28,1.45,1.3804816223067171,7890.0,41.0,10892.0,7692.0,97.49,0.19,0.1,1618790400.0
2021-04-16,1.44,1.47,1.3,1.36,1.385175167439464,15528.0,46.0,21509.0,11623.0,74.85,0.17,-0.08,1618531200.0
2021-04-15,1.32,1.45,1.25,1.44,1.3595100864553311,5552.0,31.0,7548.0,5340.0,96.18,0.2,0.12,1618444800.0
2021-04-13,1.45,1.45,1.31,1.32,1.3314022988505747,10875.0,38.0,14479.0,10809.0,99.39,0.14,-0.13,1618272000.0
2021-04-12,1.35,1.45,1.31,1.45,1.3752727272727272,2750.0,24.0,3782.0,2750.0,100.0,0.14,0.1,1618185600.0
2021-04-09,1.47,1.47,1.36,1.45,1.4372679194328797,8887.0,28.0,12773.0,6255.0,70.38,0.11,-0.02,1617926400.0
2021-04-08,1.5,1.5,1.4,1.41,1.442083805209513,22075.0,45.0,31834.0,12983.0,58.81,0.1,-0.09,1617840000.0
2021-04-07,1.44,1.44,1.34,1.43,1.4092227378190256,3448.0,27.0,4859.0,3438.0,99.71,0.1,-0.01,1617753600.0
2021-04-06,1.49,1.49,1.36,1.38,1.3903747244673037,13610.0,44.0,18923.0,11673.0,85.77,0.13,-0.11,1617667200.0
2021-04-05,1.47,1.47,1.35,1.43,1.3874157303370789,2225.0,26.0,3087.0,1440.0,64.72,0.12,-0.04,1617580800.0
2021-04-01,1.46,1.53,1.4,1.41,1.4262494920763915,7383.0,30.0,10530.0,5739.0,77.73,0.13,-0.05,1617235200.0
2021-03-31,1.41,1.49,1.41,1.46,1.4350042480883602,2354.0,23.0,3378.0,2180.0,92.61,0.08,0.05,1617148800.0
2021-03-30,1.48,1.48,1.36,1.48,1.475140607424072,4445.0,21.0,6557.0,4257.0,95.77,0.12,0.0,1617062400.0
2021-03-26,1.4,1.45,1.33,1.42,1.3735248845561825,11694.0,31.0,16062.0,11594.0,99.14,0.12,0.02,1616716800.0
2021-03-25,1.4,1.52,1.38,1.4,1.4045639483460108,5653.0,28.0,7940.0,4798.0,84.88,0.14,0.0,1616630400.0
2021-03-24,1.35,1.49,1.35,1.45,1.4853733081065348,6871.0,29.0,10206.0,6741.0,98.11,0.14,0.1,1616544000.0
2021-03-23,1.41,1.42,1.36,1.42,1.4168320762207225,2519.0,20.0,3569.0,2469.0,98.02,0.06,0.01,1616457600.0
2021-03-22,1.43,1.43,1.36,1.42,1.4114226375908618,4815.0,42.0,6796.0,4615.0,95.85,0.07,-0.01,1616371200.0
2021-03-19,1.5,1.5,1.43,1.43,1.4315890542486795,4166.0,24.0,5964.0,4166.0,100.0,0.07,-0.07,1616112000.0
2021-03-18,1.62,1.62,1.48,1.5,1.5096345846645367,20032.0,35.0,30241.0,18973.0,94.71,0.14,-0.12,1616025600.0
2021-03-17,1.55,1.55,1.55,1.55,1.5499602054844075,13821.0,18.0,21422.0,13821.0,100.0,0.0,0.0,1615939200.0
2021-03-16,1.55,1.55,1.48,1.48,1.4807826694619148,2862.0,23.0,4238.0,2435.0,85.08,0.07,-0.07,1615852800.0
2021-03-15,1.71,1.71,1.55,1.55,1.6361497326203207,14025.0,48.0,22947.0,13862.0,98.84,0.16,-0.16,1615766400.0
2021-03-12,1.63,1.63,1.62,1.63,1.6294562708386764,46788.0,53.0,76239.0,42918.0,91.73,0.01,0.0,1615507200.0
2021-03-10,1.54,1.56,1.54,1.56,1.5417066968070077,35390.0,28.0,54561.0,35339.0,99.86,0.02,0.02,1615334400.0
2021-03-09,1.49,1.49,1.42,1.49,1.4811962211926109,33238.0,91.0,49232.0,28557.0,85.92,0.07,0.0,1615248000.0
2021-03-08,1.41,1.42,1.3,1.42,1.3901059682644263,36426.0,77.0,50636.0,29499.0,80.98,0.12,0.01,1615161600.0
2021-03-05,1.37,1.37,1.31,1.36,1.3349043526476296,10821.0,33.0,14445.0,8265.0,76.38,0.06,-0.01,1614902400.0
2021-03-04,1.41,1.48,1.36,1.37,1.3800873362445414,5725.0,23.0,7901.0,4160.0,72.66,0.12,-0.04,1614816000.0
2021-03-03,1.5,1.5,1.4,1.43,1.406275318553436,27154.0,55.0,38186.0,25728.0,94.75,0.1,-0.07,1614729600.0
2021-03-02,1.4,1.52,1.38,1.47,1.3961884000528473,30276.0,55.0,42271.0,26653.0,88.03,0.14,0.07,1614643200.0
2021-03-01,1.5,1.54,1.4,1.45,1.4720502388112506,22612.0,42.0,33286.0,19408.0,85.83,0.14,-0.05,1614556800.0
2021-02-26,1.47,1.47,1.38,1.47,1.4693412244105948,20614.0,43.0,30289.0,20612.0,99.99,0.09,0.0,1614297600.0
2021-02-25,1.34,1.4,1.34,1.4,1.3705248023005032,6955.0,24.0,9532.0,5605.0,80.59,0.06,0.06,1614211200.0
2021-02-24,1.23,1.34,1.22,1.34,1.3149237965897087,6627.0,33.0,8714.0,5520.0,83.3,0.12,0.11,1614124800.0
2021-02-23,1.39,1.39,1.28,1.28,1.29624323463865,18846.0,67.0,24429.0,17893.0,94.94,0.11,-0.11,1614038400.0
2021-02-22,1.45,1.48,1.34,1.34,1.4423246442513535,31764.0,57.0,45814.0,23537.0,74.1,0.14,-0.11,1613952000.0
2021-02-19,1.55,1.55,1.41,1.41,1.4306398879028492,10705.0,35.0,15315.0,9533.0,89.05,0.14,-0.14,1613692800.0
2021-02-18,1.45,1.5,1.4,1.48,1.4307788846184013,12749.0,48.0,18241.0,9153.0,71.79,0.1,0.03,1613606400.0
2021-02-17,1.35,1.46,1.33,1.45,1.3716498191597883,21566.0,72.0,29581.0,12699.0,58.88,0.13,0.1,1613520000.0
2021-02-16,1.52,1.52,1.38,1.4,1.40802800119154,13428.0,37.0,18907.0,10729.0,79.9,0.14,-0.12,1613433600.0
2021-02-15,1.51,1.51,1.38,1.45,1.460146322680015,31164.0,62.0,45504.0,24686.0,79.21,0.13,-0.06,1613347200.0
2021-02-12,1.53,1.54,1.4,1.45,1.4823968803207557,54621.0,85.0,80970.0,41732.0,76.4,0.14,-0.08,1613088000.0
2021-02-11,1.49,1.49,1.4,1.47,1.4104065182725705,45779.0,48.0,64567.0,41548.0,90.76,0.09,-0.02,1613001600.0
2021-02-10,1.5,1.5,1.37,1.45,1.4066852367688023,14360.0,38.0,20200.0,12090.0,84.19,0.13,-0.05,1612915200.0
2021-02-09,1.35,1.47,1.33,1.43,1.4544672212537788,45319.0,68.0,65915.0,40817.0,90.07,0.14,0.08,1612828800.0
2021-02-08,1.43,1.44,1.32,1.4,1.3554568930367417,22073.0,89.0,29919.0,18875.0,85.51,0.12,-0.03,1612742400.0
2021-02-05,1.47,1.47,1.38,1.38,1.391912268677176,7295.0,43.0,10154.0,6775.0,92.87,0.09,-0.09,1612483200.0
2021-02-04,1.49,1.49,1.45,1.45,1.460326499620349,26340.0,50.0,38465.0,21811.0,82.81,0.04,-0.04,1612396800.0
2021-02-03,1.44,1.48,1.44,1.47,1.4544414395672975,28842.0,43.0,41949.0,27842.0,96.53,0.04,0.03,1612310400.0
2021-02-02,1.42,1.46,1.42,1.46,1.428356525009402,13295.0,55.0,18990.0,11976.0,90.08,0.04,0.04,1612224000.0
2021-02-01,1.44,1.44,1.44,1.44,1.4398190045248869,4420.0,22.0,6364.0,4420.0,100.0,0.0,0.0,1612137600.0
2021-01-29,1.46,1.46,1.46,1.46,1.459915611814346,7584.0,33.0,11072.0,7584.0,100.0,0.0,0.0,1611878400.0
2021-01-28,1.47,1.53,1.47,1.48,1.489585947302384,7970.0,48.0,11872.0,7970.0,100.0,0.06,0.01,1611792000.0
2021-01-27,1.56,1.56,1.5,1.5,1.5009373828271466,13335.0,51.0,20015.0,13335.0,100.0,0.06,-0.06,1611705600.0
2021-01-25,1.51,1.56,1.51,1.53,1.5354895285257402,19386.0,71.0,29767.0,19386.0,100.0,0.05,0.02,1611532800.0
2021-01-22,1.54,1.57,1.51,1.54,1.5261913806930902,23691.0,54.0,36157.0,23691.0,100.0,0.06,0.0,1611273600.0
2021-01-21,1.49,1.54,1.48,1.54,1.4911744174450683,30083.0,58.0,44859.0,30083.0,100.0,0.06,0.05,1611187200.0
2021-01-20,1.51,1.51,1.47,1.51,1.4901426859819191,9181.0,33.0,13681.0,9181.0,100.0,0.04,0.0,1611100800.0
2021-01-19,1.47,1.49,1.45,1.49,1.4573989824211917,37147.0,53.0,54138.0,37147.0,100.0,0.04,0.02,1611014400.0
2021-01-18,1.47,1.47,1.43,1.47,1.452050942107589,24891.0,68.0,36143.0,24891.0,100.0,0.04,0.0,1610928000.0
2021-01-15,1.43,1.45,1.43,1.45,1.4499476196019088,17182.0,32.0,24913.0,17182.0,100.0,0.02,0.02,1610668800.0
2021-01-14,1.41,1.43,1.39,1.43,1.3959772450223489,19688.0,51.0,27484.0,19688.0,100.0,0.04,0.02,1610582400.0
2021-01-13,1.43,1.44,1.41,1.41,1.4193247859456102,22541.0,48.0,31993.0,22541.0,100.0,0.03,-0.02,1610496000.0
2021-01-12,1.41,1.43,1.41,1.43,1.4263291139240506,3950.0,13.0,5634.0,3950.0,100.0,0.02,0.02,1610409600.0
2021-01-11,1.45,1.45,1.41,1.41,1.4388495206335972,23990.0,54.0,34518.0,23990.0,100.0,0.04,-0.04,1610323200.0
2021-01-08,1.39,1.43,1.39,1.43,1.3937812567949557,22995.0,35.0,32050.0,22995.0,100.0,0.04,0.04,1610064000.0
2021-01-07,1.45,1.45,1.41,1.41,1.4143207238909137,31828.0,43.0,45015.0,31828.0,100.0,0.04,-0.04,1609977600.0
2021-01-06,1.43,1.43,1.43,1.43,1.4299328989594475,10283.0,10.0,14704.0,10283.0,100.0,0.0,0.0,1609891200.0
2021-01-05,1.39,1.41,1.39,1.41,1.3953977646285338,7605.0,24.0,10612.0,7605.0,100.0,0.02,0.02,1609804800.0
2021-01-04,1.37,1.41,1.37,1.41,1.3699887069452286,14168.0,27.0,19410.0,14168.0,100.0,0.04,0.04,1609718400.0
2021-01-01,1.37,1.39,1.37,1.39,1.375500858614768,8735.0,16.0,12015.0,8735.0,100.0,0.02,0.02,1609459200.0
2020-12-31,1.35,1.37,1.33,1.37,1.3633184021599067,16297.0,20.0,22218.0,16297.0,100.0,0.04,0.02,1609372800.0
2020-12-30,1.35,1.35,1.35,1.35,1.35,10040.0,9.0,13554.0,10040.0,100.0,0.0,0.0,1609286400.0
2020-12-29,1.37,1.37,1.37,1.37,1.3698198198198197,2220.0,13.0,3041.0,2220.0,100.0,0.0,0.0,1609200000.0
2020-12-28,1.37,1.39,1.35,1.39,1.3808595864458155,9237.0,17.0,12755.0,9237.0,100.0,0.04,0.02,1609113600.0
2020-12-24,1.37,1.37,1.37,1.37,1.36997049777164,15931.0,10.0,21825.0,15931.0,100.0,0.0,0.0,1608768000.0
2020-12-23,1.39,1.39,1.39,1.39,1.38996632996633,14850.0,14.0,20641.0,14850.0,100.0,0.0,0.0,1608681600.0
2020-12-22,1.39,1.39,1.39,1.39,1.3897134967207456,2897.0,14.0,4026.0,2897.0,100.0,0.0,0.0,1608595200.0
2020-12-21,1.41,1.43,1.41,1.41,1.4178628389154704,1881.0,19.0,2667.0,1881.0,100.0,0.02,0.0,1608508800.0
2020-12-18,1.38,1.41,1.38,1.41,1.4072852760736196,13040.0,18.0,18351.0,13040.0,100.0,0.03,0.03,1608249600.0
2020-12-17,1.37,1.39,1.37,1.39,1.375156166339461,5603.0,12.0,7705.0,5603.0,100.0,0.02,0.02,1608163200.0
2020-12-16,1.36,1.37,1.33,1.37,1.3357254989908052,4459.0,17.0,5956.0,4459.0,100.0,0.04,0.01,1608076800.0
2020-12-15,1.39,1.39,1.35,1.35,1.3570430733410943,8590.0,25.0,11657.0,8590.0,100.0,0.04,-0.04,1607990400.0
2020-12-14,1.37,1.37,1.37,1.37,1.3699604743083005,15180.0,34.0,20796.0,15180.0,100.0,0.0,0.0,1607904000.0
2020-12-11,1.41,1.41,1.39,1.39,1.4057656540607564,9678.0,24.0,13605.0,9678.0,100.0,0.02,-0.02,1607644800.0
2020-12-10,1.41,1.41,1.41,1.41,1.4099980406975117,35727.0,25.0,50375.0,35727.0,100.0,0.0,0.0,1607558400.0
2020-12-09,1.43,1.43,1.43,1.43,1.4299890840527931,10077.0,33.0,14410.0,10077.0,100.0,0.0,0.0,1607472000.0
2020-12-08,1.45,1.45,1.43,1.45,1.4433227574271703,10401.0,32.0,15012.0,10401.0,100.0,0.02,0.0,1607385600.0
2020-12-07,1.43,1.43,1.43,1.43,1.42997542997543,13431.0,27.0,19206.0,13431.0,100.0,0.0,0.0,1607299200.0
2020-12-04,1.45,1.45,1.45,1.45,1.4499542264266096,13108.0,18.0,19006.0,13108.0,100.0,0.0,0.0,1607040000.0
2020-12-03,1.47,1.47,1.47,1.47,1.4699043236042146,8257.0,13.0,12137.0,8257.0,100.0,0.0,0.0,1606953600.0
2020-12-02,1.49,1.49,1.49,1.49,1.489992664780467,19086.0,34.0,28438.0,19086.0,100.0,0.0,0.0,1606867200.0
2020-12-01,1.52,1.52,1.52,1.52,1.5198738170347004,6340.0,28.0,9636.0,6340.0,100.0,0.0,0.0,1606780800.0
2020-11-27,1.6,1.6,1.6,1.6,1.5999379508260296,12893.0,12.0,20628.0,12893.0,100.0,0.0,0.0,1606435200.0
2020-11-26,1.68,1.68,1.68,1.68,1.6798920377867743,7410.0,15.0,12448.0,7410.0,100.0,0.0,0.0,1606348800.0
2020-11-25,1.76,1.76,1.76,1.76,1.7598858540562576,2453.0,10.0,4317.0,2453.0,100.0,0.0,0.0,1606262400.0
2020-11-24,1.85,1.85,1.85,1.85,1.8498605123002787,3943.0,19.0,7294.0,3943.0,100.0,0.0,0.0,1606176000.0
2020-11-23,2.03,2.03,1.94,1.94,1.9413688978359327,3974.0,18.0,7715.0,3974.0,100.0,0.09,-0.09,1606089600.0
2020-11-20,1.94,1.94,1.94,1.94,1.9395906140788817,2003.0,11.0,3885.0,2003.0,100.0,0.0,0.0,1605830400.0
2020-11-19,2.04,2.04,2.04,2.04,2.039697542533081,2645.0,20.0,5395.0,2645.0,100.0,0.0,0.0,1605744000.0
2020-11-18,2.14,2.14,2.14,2.14,2.1399509450295766,6931.0,9.0,14832.0,6931.0,100.0,0.0,0.0,1605657600.0
2020-11-17,2.25,2.25,2.25,2.25,2.249867374005305,5655.0,19.0,12723.0,5655.0,100.0,0.0,0.0,1605571200.0
2020-11-14,2.36,2.36,2.36,2.36,2.3583959899749374,399.0,8.0,941.0,399.0,100.0,0.0,0.0,1605312000.0
2020-11-13,2.37,2.37,2.37,2.37,2.369952087611225,5844.0,12.0,13850.0,5844.0,100.0,0.0,0.0,1605225600.0
2020-11-12,2.49,2.49,2.49,2.49,2.489991993594876,6245.0,12.0,15550.0,6245.0,100.0,0.0,0.0,1605139200.0
2020-11-11,2.75,2.75,2.62,2.62,2.6928159707577675,7113.0,21.0,19154.0,7113.0,100.0,0.13,-0.13,1605052800.0
2020-11-10,2.78,2.78,2.65,2.75,2.76780679171264,8157.0,26.0,22577.0,8157.0,100.0,0.13,-0.03,1604966400.0
2020-11-09,2.78,2.78,2.78,2.78,2.78,8000.0,27.0,22240.0,8000.0,100.0,0.0,0.0,1604880000.0
2020-11-06,2.45,2.65,2.45,2.65,2.4891046386192017,9270.0,26.0,23074.0,9270.0,100.0,0.2,0.2,1604620800.0
2020-11-05,2.4,2.57,2.4,2.57,2.4111974668969487,6948.0,23.0,16753.0,6948.0,100.0,0.17,0.17,1604534400.0
2020-11-04,2.37,2.45,2.37,2.45,2.38810822147651,19072.0,33.0,45546.0,19072.0,100.0,0.08,0.08,1604448000.0
2020-11-03,2.29,2.47,2.29,2.47,2.4463841353700087,26121.0,34.0,63902.0,26121.0,100.0,0.18,0.18,1604361600.0
2020-11-02,2.25,2.36,2.25,2.36,2.272421360643745,6835.0,25.0,15532.0,6835.0,100.0,0.11,0.11,1604275200.0
2020-10-30,2.25,2.25,2.05,2.25,2.1434453844426145,26714.0,48.0,57260.0,26214.0,98.13,0.2,0.0,1604016000.0
2020-10-29,2.06,2.15,2.06,2.15,2.0734070563454448,9495.0,30.0,19687.0,9495.0,100.0,0.09,0.09,1603929600.0
2020-10-28,1.9,2.08,1.9,2.08,1.92527740062737,21359.0,30.0,41122.0,21359.0,100.0,0.18,0.18,1603843200.0
2020-10-27,1.81,1.99,1.81,1.99,1.8350142721217888,15765.0,27.0,28929.0,15765.0,100.0,0.18,0.18,1603756800.0
2020-10-26,1.9,1.9,1.9,1.9,1.8999725450718403,32781.0,62.0,62283.0,32781.0,100.0,0.0,0.0,1603670400.0
2020-10-23,1.81,1.99,1.81,1.99,1.8484579087738493,29246.0,43.0,54060.0,29246.0,100.0,0.18,0.18,1603411200.0
2020-10-22,1.9,1.9,1.9,1.9,1.9,3680.0,6.0,6992.0,3680.0,100.0,0.0,0.0,1603324800.0
2020-10-21,1.81,1.81,1.81,1.81,1.81,10100.0,11.0,18281.0,10100.0,100.0,0.0,0.0,1603238400.0
2020-10-20,1.73,1.73,1.73,1.73,1.7299695037427223,7214.0,11.0,12480.0,7214.0,100.0,0.0,0.0,1603152000.0
2020-10-19,1.59,1.65,1.59,1.65,1.6251286008230452,15552.0,19.0,25274.0,15552.0,100.0,0.06,0.06,1603065600.0
2020-10-16,1.54,1.58,1.54,1.58,1.572635445362718,5445.0,10.0,8563.0,5445.0,100.0,0.04,0.04,1602806400.0
2020-10-15,1.5,1.51,1.5,1.51,1.503651811000149,6709.0,16.0,10088.0,6459.0,96.27,0.01,0.01,1602720000.0
2020-10-14,1.38,1.38,1.38,1.38,1.3799567967906188,12962.0,25.0,17887.0,12962.0,100.0,0.0,0.0,1602633600.0
2020-10-13,1.25,1.26,1.25,1.26,1.2594864479315264,7010.0,14.0,8829.0,6760.0,96.43,0.01,0.01,1602547200.0
2020-10-12,1.05,1.15,1.05,1.15,1.0886327503974562,5032.0,23.0,5478.0,4332.0,86.09,0.1,0.1,1602460800.0
2020-10-09,1.06,1.06,1.02,1.05,1.037037037037037,12366.0,21.0,12824.0,11166.0,90.3,0.04,-0.01,1602201600.0
2020-10-08,1.1,1.14,1.0,1.0,1.074779541446208,5670.0,16.0,6094.0,5670.0,100.0,0.14,-0.1,1602115200.0
2020-10-07,1.12,1.12,1.1,1.1,1.1159183673469388,2450.0,14.0,2734.0,2450.0,100.0,0.02,-0.02,1602028800.0
2020-10-06,1.1,1.13,1.1,1.1,1.1177578657977802,19642.0,19.0,21955.0,19642.0,100.0,0.03,0.0,1601942400.0
2020-10-05,1.05,1.09,1.0,1.09,1.0566192560175054,3656.0,10.0,3863.0,3656.0,100.0,0.09,0.04,1601856000.0
2020-10-01,1.14,1.14,1.05,1.05,1.0500515404879165,8731.0,23.0,9168.0,8731.0,100.0,0.09,-0.09,1601510400.0
2020-09-30,1.02,1.1,1.02,1.1,1.0865384615384617,9152.0,21.0,9944.0,9152.0,100.0,0.08,0.08,1601424000.0
2020-09-29,1.07,1.07,1.07,1.07,1.0699457639798016,5347.0,15.0,5721.0,5347.0,100.0,0.0,0.0,1601337600.0
2020-09-28,1.1,1.14,1.1,1.12,1.1329214871391664,44515.0,46.0,50432.0,44515.0,100.0,0.04,0.02,1601251200.0
2020-09-25,1.1,1.1,1.09,1.09,1.0938446014127143,991.0,10.0,1084.0,991.0,100.0,0.01,-0.01,1600992000.0
2020-09-24,1.05,1.05,1.05,1.05,1.0499032882011603,2585.0,11.0,2714.0,2585.0,100.0,0.0,0.0,1600905600.0
2020-09-23,1.0,1.0,1.0,1.0,1.0,1834.0,8.0,1834.0,1834.0,100.0,0.0,0.0,1600819200.0
2020-09-22,1.0,1.05,1.0,1.0,1.030902348578492,809.0,5.0,834.0,809.0,100.0,0.05,0.0,1600732800.0
2020-09-21,1.0,1.05,1.0,1.05,1.0457146470234897,31631.0,12.0,33077.0,31381.0,99.21,0.05,0.05,1600646400.0
2020-09-18,0.99,1.03,0.99,1.0,1.016058394160584,685.0,12.0,696.0,685.0,100.0,0.04,0.01,1600387200.0
2020-09-17,1.0,1.0,0.95,0.99,0.9701338825952626,3884.0,13.0,3768.0,3664.0,94.34,0.05,-0.01,1600300800.0
2020-09-16,1.0,1.0,1.0,1.0,1.0,2964.0,8.0,2964.0,2964.0,100.0,0.0,0.0,1600214400.0
2020-09-15,0.96,1.0,0.96,0.96,0.9629629629629628,621.0,6.0,598.0,621.0,100.0,0.04,0.0,1600128000.0
2020-09-14,0.96,1.0,0.96,1.0,0.9705882352941176,34.0,2.0,33.0,34.0,100.0,0.04,0.04,1600041600.0
2020-09-11,0.96,0.96,0.92,0.96,0.9424352396446,7991.0,6.0,7531.0,7991.0,100.0,0.04,0.0,1599782400.0
2020-09-10,0.94,0.94,0.94,0.94,0.9398572884811416,981.0,5.0,922.0,981.0,100.0,0.0,0.0,1599696000.0
2020-09-09,0.94,0.96,0.94,0.94,0.940427576267115,4163.0,5.0,3915.0,4163.0,100.0,0.02,0.0,1599609600.0
2020-09-04,0.92,0.92,0.92,0.92,0.9196675900277008,361.0,4.0,332.0,361.0,100.0,0.0,0.0,1599177600.0
2020-09-03,0.92,0.92,0.92,0.92,0.92,600.0,2.0,552.0,600.0,100.0,0.0,0.0,1599091200.0
2020-09-02,0.92,0.92,0.92,0.92,0.9193181818181818,880.0,8.0,809.0,880.0,100.0,0.0,0.0,1599004800.0
2020-09-01,0.95,0.95,0.92,0.92,0.9457142857142856,700.0,5.0,662.0,700.0,100.0,0.03,-0.03,1598918400.0
2020-08-31,0.95,0.95,0.95,0.95,0.9489144316730524,783.0,6.0,743.0,783.0,100.0,0.0,0.0,1598832000.0
2020-08-28,1.02,1.02,0.98,1.0,0.9993877551020408,4900.0,11.0,4897.0,4900.0,100.0,0.04,-0.02,1598572800.0
2020-08-27,1.03,1.03,1.03,1.03,1.0271186440677966,295.0,5.0,303.0,295.0,100.0,0.0,0.0,1598486400.0
2020-08-26,1.03,1.08,1.0,1.08,1.0532460640367949,5653.0,15.0,5954.0,5653.0,100.0,0.08,0.05,1598400000.0
2020-08-25,1.03,1.03,1.03,1.03,1.0298034242232086,4731.0,11.0,4872.0,4731.0,100.0,0.0,0.0,1598313600.0
2020-08-24,0.99,0.99,0.99,0.99,0.989990186457311,5095.0,12.0,5044.0,5095.0,100.0,0.0,0.0,1598227200.0
2020-08-21,0.9,0.95,0.9,0.95,0.9304312449145646,4916.0,13.0,4574.0,4916.0,100.0,0.05,0.05,1597968000.0
2020-08-20,0.93,0.93,0.92,0.92,0.9278385772913816,5848.0,13.0,5426.0,5848.0,100.0,0.01,-0.01,1597881600.0
2020-08-19,0.93,0.98,0.93,0.93,0.9415041782729804,5385.0,15.0,5070.0,5385.0,100.0,0.05,0.0,1597795200.0
2020-08-18,0.93,0.97,0.93,0.97,0.9388209121245829,2697.0,7.0,2532.0,2697.0,100.0,0.04,0.04,1597708800.0
2020-08-17,0.97,0.97,0.93,0.93,0.9570434009776329,6751.0,15.0,6461.0,6751.0,100.0,0.04,-0.04,1597622400.0
2020-08-14,0.97,1.07,0.97,0.97,0.9705891458468778,32301.0,31.0,31351.0,32301.0,100.0,0.1,0.0,1597363200.0
2020-08-13,1.02,1.02,1.02,1.02,1.0194839389152184,1899.0,9.0,1936.0,1899.0,100.0,0.0,0.0,1597276800.0
2020-08-12,1.07,1.07,1.07,1.07,1.0698012603005331,2063.0,9.0,2207.0,2063.0,100.0,0.0,0.0,1597190400.0
2020-08-11,1.12,1.12,1.11,1.12,1.115866388308977,1916.0,6.0,2138.0,1916.0,100.0,0.01,0.0,1597104000.0
2020-08-10,1.17,1.17,1.13,1.13,1.1643846847585473,12197.0,11.0,14202.0,12197.0,100.0,0.04,-0.04,1597017600.0
2020-08-07,1.23,1.23,1.17,1.17,1.2270386978907155,6021.0,11.0,7388.0,6021.0,100.0,0.06,-0.06,1596758400.0
2020-08-06,1.23,1.23,1.23,1.23,1.229805013927577,2154.0,16.0,2649.0,2154.0,100.0,0.0,0.0,1596672000.0
2020-08-05,1.18,1.18,1.18,1.18,1.179926068788171,12444.0,16.0,14683.0,12444.0,100.0,0.0,0.0,1596585600.0
2020-08-04,1.18,1.18,1.18,1.18,1.1799775028121484,16891.0,16.0,19931.0,16891.0,100.0,0.0,0.0,1596499200.0
2020-08-03,1.13,1.13,1.13,1.13,1.1298190401258852,3813.0,17.0,4308.0,3813.0,100.0,0.0,0.0,1596412800.0
2020-07-31,1.08,1.08,1.08,1.08,1.0797979797979795,990.0,3.0,1069.0,990.0,100.0,0.0,0.0,1596153600.0
2020-07-30,1.07,1.07,1.07,1.07,1.0699769053117782,8660.0,11.0,9266.0,8660.0,100.0,0.0,0.0,1596067200.0
2020-07-29,1.0,1.02,1.0,1.02,1.019622641509434,13250.0,9.0,13510.0,13250.0,100.0,0.02,0.02,1595980800.0
2020-07-28,0.98,0.98,0.98,0.98,0.9793471019320452,1501.0,4.0,1470.0,1501.0,100.0,0.0,0.0,1595894400.0
2020-07-27,0.97,0.97,0.97,0.97,0.969922762380736,11005.0,16.0,10674.0,11005.0,100.0,0.0,0.0,1595808000.0
2020-07-24,0.93,0.93,0.93,0.93,0.929971671388102,17650.0,29.0,16414.0,17650.0,100.0,0.0,0.0,1595548800.0
2020-07-23,0.89,0.89,0.89,0.89,0.89,700.0,2.0,623.0,700.0,100.0,0.0,0.0,1595462400.0
2020-07-22,0.91,0.91,0.89,0.89,0.8956819153484396,2339.0,10.0,2095.0,2339.0,100.0,0.02,-0.02,1595376000.0
2020-07-21,0.87,0.87,0.87,0.87,0.87,9500.0,14.0,8265.0,9500.0,100.0,0.0,0.0,1595289600.0
2020-07-20,0.87,0.87,0.87,0.87,0.8697225572979493,829.0,2.0,721.0,829.0,100.0,0.0,0.0,1595203200.0
2020-07-17,0.83,0.83,0.83,0.83,0.8299905243209096,12664.0,9.0,10511.0,12664.0,100.0,0.0,0.0,1594944000.0
2020-07-16,0.79,0.82,0.79,0.82,0.8019829632732858,7161.0,16.0,5743.0,7161.0,100.0,0.03,0.03,1594857600.0
2020-07-15,0.79,0.79,0.79,0.79,0.7899746192893401,23640.0,17.0,18675.0,23640.0,100.0,0.0,0.0,1594771200.0
2020-07-14,0.76,0.76,0.76,0.76,0.75,56.0,1.0,42.0,56.0,100.0,0.0,0.0,1594684800.0
2020-07-13,0.73,0.73,0.73,0.73,0.7282850779510022,449.0,2.0,327.0,449.0,100.0,0.0,0.0,1594598400.0
2020-07-10,0.72,0.72,0.7,0.7,0.6999200319872051,5002.0,4.0,3501.0,5002.0,100.0,0.02,-0.02,1594339200.0
2020-07-08,0.72,0.72,0.72,0.72,0.7195652173913043,460.0,1.0,331.0,460.0,100.0,0.0,0.0,1594166400.0
2020-07-07,0.69,0.69,0.69,0.69,0.6875,368.0,2.0,253.0,368.0,100.0,0.0,0.0,1594080000.0
2020-07-06,0.69,0.69,0.69,0.69,0.689987163029525,4674.0,6.0,3225.0,4674.0,100.0,0.0,0.0,1593993600.0
2020-07-03,0.66,0.66,0.66,0.66,0.6597981497056349,4756.0,3.0,3138.0,4756.0,100.0,0.0,0.0,1593734400.0
2020-07-02,0.66,0.66,0.66,0.66,0.6598971722365038,7780.0,9.0,5134.0,7720.0,99.23,0.0,0.0,1593648000.0
2020-07-01,0.57,0.63,0.57,0.63,0.5705277132426153,21091.0,5.0,12033.0,21091.0,100.0,0.06,0.06,1593561600.0
2020-06-30,0.6,0.6,0.6,0.6,0.5997830802603036,2766.0,1.0,1659.0,2766.0,100.0,0.0,0.0,1593475200.0
2020-06-29,0.6,0.6,0.6,0.6,0.6,1000.0,2.0,600.0,1000.0,100.0,0.0,0.0,1593388800.0
2020-06-26,0.58,0.58,0.58,0.58,0.58,500.0,1.0,290.0,500.0,100.0,0.0,0.0,1593129600.0
2020-06-25,0.56,0.56,0.56,0.56,0.56,50.0,1.0,28.0,50.0,100.0,0.0,0.0,1593043200.0
2020-06-24,0.54,0.54,0.54,0.54,0.5,2.0,1.0,1.0,2.0,100.0,0.0,0.0,1592956800.0
2020-06-19,0.52,0.52,0.52,0.52,0.3333333333333333,3.0,2.0,1.0,3.0,100.0,0.0,0.0,1592524800.0
2020-06-18,0.5,0.5,0.5,0.5,0.4997664642690331,2141.0,3.0,1070.0,2141.0,100.0,0.0,0.0,1592438400.0
2020-06-15,0.5,0.5,0.5,0.5,0.5,100.0,1.0,50.0,100.0,100.0,0.0,0.0,1592179200.0
2020-06-10,0.46,0.48,0.46,0.48,0.4622602168473728,4796.0,7.0,2217.0,4796.0,100.0,0.02,0.02,1591747200.0
2020-06-09,0.46,0.46,0.46,0.46,0.4,10.0,1.0,4.0,10.0,100.0,0.0,0.0,1591660800.0
2020-06-08,0.4,0.44,0.4,0.44,0.4326923076923076,104.0,2.0,45.0,104.0,100.0,0.04,0.04,1591574400.0
2020-06-05,0.4,0.42,0.4,0.42,0.413037037037037,6750.0,8.0,2788.0,6750.0,100.0,0.02,0.02,1591315200.0
2020-06-04,0.42,0.42,0.42,0.42,0.4181818181818181,110.0,2.0,46.0,110.0,100.0,0.0,0.0,1591228800.0
2020-06-03,0.44,0.44,0.44,0.44,0.4,10.0,1.0,4.0,10.0,100.0,0.0,0.0,1591142400.0
2020-06-02,0.44,0.44,0.44,0.44,0.44,900.0,1.0,396.0,900.0,100.0,0.0,0.0,1591056000.0
2020-05-29,0.44,0.44,0.44,0.44,0.44,800.0,1.0,352.0,800.0,100.0,0.0,0.0,1590710400.0
2020-05-28,0.44,0.44,0.44,0.44,0.4398851046368485,4874.0,5.0,2144.0,4874.0,100.0,0.0,0.0,1590624000.0
2020-05-22,0.46,0.46,0.46,0.46,0.46,5000.0,1.0,2300.0,5000.0,100.0,0.0,0.0,1590105600.0
2020-05-20,0.46,0.46,0.46,0.46,0.46,6500.0,3.0,2990.0,6500.0,100.0,0.0,0.0,1589932800.0
2020-05-15,0.48,0.48,0.48,0.48,0.4797349961028838,2566.0,6.0,1231.0,2566.0,100.0,0.0,0.0,1589500800.0
2020-05-14,0.5,0.5,0.5,0.5,0.5,220.0,3.0,110.0,220.0,100.0,0.0,0.0,1589414400.0
2020-05-13,0.52,0.52,0.52,0.52,0.5,20.0,1.0,10.0,20.0,100.0,0.0,0.0,1589328000.0
2020-05-12,0.54,0.54,0.54,0.54,0.5,10.0,1.0,5.0,10.0,100.0,0.0,0.0,1589241600.0
2020-05-07,0.56,0.56,0.56,0.56,0.56,625.0,2.0,350.0,625.0,100.0,0.0,0.0,1588809600.0
2020-05-05,0.6,0.6,0.58,0.58,0.5983606557377049,1586.0,3.0,949.0,1586.0,100.0,0.02,-0.02,1588636800.0
2020-05-04,0.61,0.61,0.61,0.61,0.6083333333333333,360.0,4.0,219.0,360.0,100.0,0.0,0.0,1588550400.0
2020-04-30,0.67,0.67,0.64,0.64,0.6698477618723017,4401.0,6.0,2948.0,4401.0,100.0,0.03,-0.03,1588204800.0
2020-04-29,0.67,0.67,0.67,0.67,0.6,5.0,1.0,3.0,5.0,100.0,0.0,0.0,1588118400.0
2020-04-28,0.72,0.72,0.7,0.7,0.7064516129032258,310.0,3.0,219.0,310.0,100.0,0.02,-0.02,1588032000.0
2020-04-27,0.75,0.75,0.72,0.72,0.7196721311475409,610.0,3.0,439.0,610.0,100.0,0.03,-0.03,1587945600.0
2020-04-24,0.72,0.72,0.72,0.72,0.72,300.0,1.0,216.0,300.0,100.0,0.0,0.0,1587686400.0
2020-04-22,0.75,0.75,0.72,0.72,0.72,25.0,2.0,18.0,25.0,100.0,0.03,-0.03,1587513600.0
2020-04-20,0.72,0.72,0.72,0.72,0.6666666666666666,15.0,2.0,10.0,15.0,100.0,0.0,0.0,1587340800.0
2020-04-17,0.69,0.69,0.69,0.69,0.6727272727272727,55.0,2.0,37.0,55.0,100.0,0.0,0.0,1587081600.0
2020-04-16,0.78,0.78,0.72,0.72,0.717391304347826,138.0,2.0,99.0,138.0,100.0,0.06,-0.06,1586995200.0
2020-04-13,0.75,0.75,0.75,0.75,0.7492507492507492,1001.0,3.0,750.0,1001.0,100.0,0.0,0.0,1586736000.0
2020-04-09,0.76,0.76,0.75,0.75,0.748780487804878,410.0,3.0,307.0,410.0,100.0,0.01,-0.01,1586390400.0
2020-04-01,0.73,0.73,0.73,0.73,0.72,25.0,1.0,18.0,25.0,100.0,0.0,0.0,1585699200.0
2020-03-23,0.7,0.7,0.7,0.7,0.7,40.0,1.0,28.0,40.0,100.0,0.0,0.0,1584921600.0
2020-03-17,0.72,0.72,0.7,0.7,0.7032258064516129,1550.0,4.0,1090.0,1550.0,100.0,0.02,-0.02,1584403200.0
2020-03-16,0.72,0.72,0.72,0.72,0.7,10.0,2.0,7.0,10.0,100.0,0.0,0.0,1584316800.0
2020-03-12,0.69,0.69,0.69,0.69,0.68,25.0,1.0,17.0,25.0,100.0,0.0,0.0,1583971200.0
2020-03-11,0.66,0.66,0.66,0.66,0.659047619047619,525.0,5.0,346.0,525.0,100.0,0.0,0.0,1583884800.0
2020-03-05,0.63,0.63,0.63,0.63,0.6,10.0,1.0,6.0,10.0,100.0,0.0,0.0,1583366400.0
2020-02-28,0.6,0.6,0.6,0.6,0.6,10.0,1.0,6.0,10.0,100.0,0.0,0.0,1582848000.0
2020-02-27,0.58,0.58,0.58,0.58,0.5,10.0,1.0,5.0,10.0,100.0,0.0,0.0,1582761600.0
2020-02-26,0.58,0.58,0.56,0.56,0.5725490196078431,765.0,2.0,438.0,765.0,100.0,0.02,-0.02,1582675200.0
2020-02-25,0.56,0.56,0.56,0.56,0.5545454545454545,110.0,2.0,61.0,110.0,100.0,0.0,0.0,1582588800.0
2020-02-20,0.54,0.54,0.54,0.54,0.54,650.0,1.0,351.0,650.0,100.0,0.0,0.0,1582156800.0
2020-02-19,0.54,0.54,0.54,0.54,0.5397465437788018,1736.0,4.0,937.0,1736.0,100.0,0.0,0.0,1582070400.0
2020-02-17,0.52,0.52,0.52,0.52,0.5,20.0,1.0,10.0,20.0,100.0,0.0,0.0,1581897600.0
2020-02-14,0.5,0.5,0.5,0.5,0.4995260663507109,1055.0,1.0,527.0,1055.0,100.0,0.0,0.0,1581638400.0
2020-02-10,0.5,0.5,0.5,0.5,0.4,5.0,1.0,2.0,5.0,100.0,0.0,0.0,1581292800.0
2020-02-06,0.48,0.48,0.48,0.48,0.4716981132075471,106.0,3.0,50.0,106.0,100.0,0.0,0.0,1580947200.0
2020-02-05,0.48,0.48,0.48,0.48,0.4,5.0,1.0,2.0,5.0,100.0,0.0,0.0,1580860800.0
2020-02-04,0.46,0.46,0.46,0.46,0.4571428571428571,140.0,1.0,64.0,140.0,100.0,0.0,0.0,1580774400.0
2020-02-01,0.46,0.46,0.46,0.46,0.4537037037037037,108.0,5.0,49.0,108.0,100.0,0.0,0.0,1580515200.0
2020-01-28,0.46,0.46,0.46,0.46,0.4,5.0,1.0,2.0,5.0,100.0,0.0,0.0,1580169600.0
2020-01-23,0.48,0.48,0.48,0.48,0.48,2500.0,2.0,1200.0,2500.0,100.0,0.0,0.0,1579737600.0
2020-01-17,0.5,0.5,0.5,0.5,0.5,160.0,1.0,80.0,160.0,100.0,0.0,0.0,1579219200.0
2020-01-14,0.53,0.53,0.51,0.51,0.5156153370439084,6468.0,3.0,3335.0,6468.0,100.0,0.02,-0.02,1578960000.0
2020-01-09,0.53,0.53,0.53,0.53,0.53,200.0,1.0,106.0,200.0,100.0,0.0,0.0,1578528000.0
2020-01-08,0.53,0.53,0.53,0.53,0.5297219558964525,2086.0,4.0,1105.0,2086.0,100.0,0.0,0.0,1578441600.0
2020-01-07,0.54,0.55,0.53,0.55,0.5341981132075471,4240.0,8.0,2265.0,4240.0,100.0,0.02,0.01,1578355200.0
2020-01-06,0.57,0.57,0.55,0.55,0.5568421052631578,3800.0,5.0,2116.0,3800.0,100.0,0.02,-0.02,1578268800.0
2020-01-03,0.57,0.59,0.57,0.57,0.5688073394495412,545.0,4.0,310.0,545.0,100.0,0.02,0.0,1578009600.0
2020-01-01,0.59,0.59,0.57,0.57,0.5695035460992907,1410.0,3.0,803.0,1410.0,100.0,0.02,-0.02,1577836800.0
2019-12-31,0.57,0.57,0.57,0.57,0.5658536585365853,205.0,3.0,116.0,205.0,100.0,0.0,0.0,1577750400.0
2019-12-30,0.57,0.57,0.57,0.57,0.57,100.0,1.0,57.0,100.0,100.0,0.0,0.0,1577664000.0
2019-12-27,0.57,0.57,0.57,0.57,0.56,50.0,1.0,28.0,50.0,100.0,0.0,0.0,1577404800.0
2019-12-20,0.59,0.59,0.59,0.59,0.5625,32.0,2.0,18.0,32.0,100.0,0.0,0.0,1576800000.0
2019-12-19,0.59,0.59,0.59,0.59,0.5898617511520737,1302.0,4.0,768.0,1302.0,100.0,0.0,0.0,1576713600.0
2019-12-18,0.59,0.59,0.59,0.59,0.5454545454545454,11.0,1.0,6.0,11.0,100.0,0.0,0.0,1576627200.0
2019-12-17,0.65,0.65,0.61,0.61,0.6245824983299934,5988.0,11.0,3740.0,5988.0,100.0,0.04,-0.04,1576540800.0
2019-12-16,0.61,0.64,0.61,0.62,0.6,15.0,2.0,9.0,15.0,100.0,0.03,0.01,1576454400.0
2019-12-13,0.61,0.61,0.61,0.61,0.6092896174863387,1098.0,7.0,669.0,1098.0,100.0,0.0,0.0,1576195200.0
2019-12-12,0.64,0.64,0.64,0.64,0.64,1700.0,2.0,1088.0,1700.0,100.0,0.0,0.0,1576108800.0
2019-12-11,0.64,0.64,0.64,0.64,0.6399202039233071,9023.0,9.0,5774.0,9023.0,100.0,0.0,0.0,1576022400.0
2019-12-10,0.59,0.61,0.59,0.61,0.595,2000.0,3.0,1190.0,2000.0,100.0,0.02,0.02,1575936000.0
2019-12-09,0.59,0.59,0.59,0.59,0.5892116182572614,964.0,2.0,568.0,964.0,100.0,0.0,0.0,1575849600.0
2019-12-06,0.58,0.58,0.58,0.58,0.5781990521327014,422.0,2.0,244.0,422.0,100.0,0.0,0.0,1575590400.0
2019-12-04,0.67,0.67,0.61,0.61,0.6123556695943945,10133.0,9.0,6205.0,10133.0,100.0,0.06,-0.06,1575417600.0
2019-12-03,0.64,0.64,0.64,0.64,0.6393782383419689,965.0,5.0,617.0,965.0,100.0,0.0,0.0,1575331200.0
2019-12-02,0.7,0.7,0.67,0.67,0.6809085992428339,3698.0,9.0,2518.0,3349.0,90.56,0.03,-0.03,1575244800.0
2019-11-29,0.7,0.7,0.7,0.7,0.6995169082125603,1035.0,3.0,724.0,1035.0,100.0,0.0,0.0,1574985600.0
2019-11-28,0.73,0.73,0.73,0.73,0.7298507462686566,2010.0,2.0,1467.0,2010.0,100.0,0.0,0.0,1574899200.0
2019-11-27,0.76,0.76,0.76,0.76,0.7428571428571428,35.0,5.0,26.0,35.0,100.0,0.0,0.0,1574812800.0
2019-11-26,0.76,0.76,0.76,0.76,0.6666666666666666,3.0,2.0,2.0,3.0,100.0,0.0,0.0,1574726400.0
2019-11-25,0.76,0.76,0.76,0.76,0.76,100.0,2.0,76.0,100.0,100.0,0.0,0.0,1574640000.0
2019-11-22,0.76,0.76,0.76,0.76,0.759940396831621,12751.0,4.0,9690.0,12751.0,100.0,0.0,0.0,1574380800.0
2019-11-20,0.8,0.8,0.8,0.8,0.7994011976047904,1002.0,2.0,801.0,1002.0,100.0,0.0,0.0,1574208000.0
2019-11-18,0.8,0.8,0.8,0.8,0.8,6000.0,5.0,4800.0,6000.0,100.0,0.0,0.0,1574035200.0
2019-11-15,0.83,0.83,0.83,0.83,0.8299992507679628,66735.0,11.0,55390.0,66011.0,98.92,0.0,0.0,1573776000.0
2019-11-14,0.87,0.87,0.87,0.87,0.8691308691308691,1001.0,2.0,870.0,1001.0,100.0,0.0,0.0,1573689600.0
2019-11-11,0.91,0.91,0.91,0.91,0.5,2.0,1.0,1.0,2.0,100.0,0.0,0.0,1573430400.0
2019-11-08,0.95,0.95,0.95,0.95,0.9428571428571428,35.0,1.0,33.0,35.0,100.0,0.0,0.0,1573171200.0
2019-11-07,1.04,1.04,0.99,0.99,1.020066889632107,299.0,3.0,305.0,299.0,100.0,0.05,-0.05,1573084800.0
2019-11-05,1.04,1.04,1.04,1.04,1.0,1.0,1.0,1.0,1.0,100.0,0.0,0.0,1572912000.0
2019-11-04,1.09,1.09,1.09,1.09,1.0,10.0,1.0,10.0,10.0,100.0,0.0,0.0,1572825600.0
2019-11-01,1.14,1.14,1.14,1.14,1.1,10.0,1.0,11.0,10.0,100.0,0.0,0.0,1572566400.0
2019-10-31,1.19,1.19,1.19,1.19,1.19,100.0,1.0,119.0,100.0,100.0,0.0,0.0,1572480000.0
2019-10-22,1.26,1.26,1.25,1.25,1.253731343283582,201.0,3.0,252.0,201.0,100.0,0.01,-0.01,1571702400.0
2019-10-11,1.26,1.26,1.26,1.26,1.26,1000.0,2.0,1260.0,1000.0,100.0,0.0,0.0,1570752000.0
2019-10-07,1.26,1.26,1.26,1.26,1.0,1.0,1.0,1.0,1.0,100.0,0.0,0.0,1570406400.0
2019-10-04,1.26,1.26,1.26,1.26,1.25,60.0,2.0,75.0,60.0,100.0,0.0,0.0,1570147200.0
2019-10-03,1.26,1.26,1.26,1.26,1.181818181818182,11.0,2.0,13.0,11.0,100.0,0.0,0.0,1570060800.0
2019-10-01,1.26,1.26,1.26,1.26,1.26,20100.0,5.0,25326.0,20100.0,100.0,0.0,0.0,1569888000.0
2019-09-24,1.32,1.32,1.32,1.32,1.1666666666666663,6.0,1.0,7.0,6.0,100.0,0.0,0.0,1569283200.0
2019-09-17,1.32,1.32,1.32,1.32,1.3106796116504853,103.0,2.0,135.0,103.0,100.0,0.0,0.0,1568678400.0
2019-09-09,1.33,1.33,1.33,1.33,1.3225806451612905,62.0,1.0,82.0,62.0,100.0,0.0,0.0,1567987200.0
2019-09-04,1.38,1.38,1.38,1.38,1.2,5.0,1.0,6.0,5.0,100.0,0.0,0.0,1567555200.0
2019-09-03,1.45,1.45,1.45,1.45,1.449032258064516,775.0,5.0,1123.0,775.0,100.0,0.0,0.0,1567468800.0
2019-08-30,1.47,1.47,1.4,1.4,1.4003067484662577,652.0,4.0,913.0,652.0,100.0,0.07,-0.07,1567123200.0
2019-08-27,1.41,1.41,1.4,1.4,1.4061302681992336,261.0,8.0,367.0,261.0,100.0,0.01,-0.01,1566864000.0
2019-08-26,1.35,1.35,1.35,1.35,1.3333333333333333,15.0,1.0,20.0,15.0,100.0,0.0,0.0,1566777600.0
2019-08-22,1.3,1.3,1.3,1.3,1.1666666666666663,6.0,2.0,7.0,6.0,100.0,0.0,0.0,1566432000.0
2019-08-21,1.35,1.35,1.35,1.35,1.3392857142857142,56.0,2.0,75.0,56.0,100.0,0.0,0.0,1566345600.0
2019-08-19,1.28,1.29,1.28,1.29,1.2878048780487803,410.0,3.0,528.0,410.0,100.0,0.01,0.01,1566172800.0
2019-08-16,1.26,1.26,1.23,1.23,1.2305555555555556,1800.0,3.0,2215.0,1800.0,100.0,0.03,-0.03,1565913600.0
2019-08-14,1.2,1.2,1.2,1.2,1.2,150.0,2.0,180.0,150.0,100.0,0.0,0.0,1565740800.0
2019-08-13,1.2,1.2,1.2,1.2,1.2,60.0,5.0,72.0,60.0,100.0,0.0,0.0,1565654400.0
2019-08-09,1.2,1.2,1.2,1.2,1.2,20.0,1.0,24.0,20.0,100.0,0.0,0.0,1565308800.0
2019-08-08,1.23,1.23,1.23,1.23,1.22,50.0,1.0,61.0,50.0,100.0,0.0,0.0,1565222400.0
2019-08-07,1.18,1.18,1.18,1.18,1.18,100.0,2.0,118.0,100.0,100.0,0.0,0.0,1565136000.0
2019-08-06,1.13,1.13,1.13,1.13,1.1274509803921569,102.0,2.0,115.0,102.0,100.0,0.0,0.0,1565049600.0
2019-08-05,1.08,1.08,1.08,1.08,1.08,50.0,1.0,54.0,50.0,100.0,0.0,0.0,1564963200.0
2019-08-02,1.08,1.08,1.03,1.03,1.0606060606060606,33.0,6.0,35.0,33.0,100.0,0.05,-0.05,1564704000.0
2019-08-01,1.08,1.08,1.08,1.08,1.0,2.0,2.0,2.0,2.0,100.0,0.0,0.0,1564617600.0
2019-07-31,1.08,1.08,1.08,1.08,1.0777777777777775,90.0,1.0,97.0,90.0,100.0,0.0,0.0,1564531200.0
2019-07-30,1.08,1.08,1.08,1.08,1.0,2.0,1.0,2.0,2.0,100.0,0.0,0.0,1564444800.0
2019-07-29,1.08,1.08,1.08,1.08,1.0689655172413792,87.0,1.0,93.0,87.0,100.0,0.0,0.0,1564358400.0
2019-07-25,1.04,1.04,1.04,1.04,1.04,500.0,1.0,520.0,500.0,100.0,0.0,0.0,1564012800.0
2019-07-24,1.07,1.07,1.04,1.04,1.045045045045045,222.0,4.0,232.0,222.0,100.0,0.03,-0.03,1563926400.0
2019-07-23,1.03,1.03,1.03,1.03,1.0271493212669685,221.0,3.0,227.0,221.0,100.0,0.0,0.0,1563840000.0
2019-07-22,0.99,0.99,0.99,0.99,0.9,10.0,1.0,9.0,10.0,100.0,0.0,0.0,1563753600.0
2019-07-18,0.99,0.99,0.99,0.99,0.99,200.0,1.0,198.0,200.0,100.0,0.0,0.0,1563408000.0
2019-07-17,0.97,1.0,0.96,1.0,0.971326164874552,279.0,6.0,271.0,279.0,100.0,0.04,0.03,1563321600.0
2019-07-15,0.96,0.96,0.96,0.96,0.95,20.0,1.0,19.0,20.0,100.0,0.0,0.0,1563148800.0
2019-07-12,0.96,0.96,0.96,0.96,0.8,5.0,1.0,4.0,5.0,100.0,0.0,0.0,1562889600.0
2019-07-11,0.96,0.96,0.92,0.92,0.9222846441947564,2136.0,4.0,1970.0,2136.0,100.0,0.04,-0.04,1562803200.0
2019-07-10,0.96,0.96,0.96,0.96,0.8,5.0,2.0,4.0,5.0,100.0,0.0,0.0,1562716800.0
2019-07-02,0.92,0.92,0.92,0.92,0.9,10.0,1.0,9.0,10.0,100.0,0.0,0.0,1562025600.0
2019-06-27,0.92,0.92,0.92,0.92,0.92,1000.0,1.0,920.0,1000.0,100.0,0.0,0.0,1561593600.0
2019-06-25,0.92,0.92,0.92,0.92,0.917391304347826,230.0,2.0,211.0,230.0,100.0,0.0,0.0,1561420800.0
2019-06-21,0.92,0.92,0.88,0.88,0.8857142857142857,1050.0,3.0,930.0,1050.0,100.0,0.04,-0.04,1561075200.0
2019-06-14,0.88,0.88,0.88,0.88,0.8761904761904761,210.0,2.0,184.0,210.0,100.0,0.0,0.0,1560470400.0
2019-06-11,0.84,0.84,0.84,0.84,0.84,100.0,1.0,84.0,100.0,100.0,0.0,0.0,1560211200.0
2019-06-04,0.8,0.8,0.8,0.8,0.8,50.0,1.0,40.0,50.0,100.0,0.0,0.0,1559606400.0
2019-05-31,0.8,0.8,0.8,0.8,0.8,4900.0,3.0,3920.0,4900.0,100.0,0.0,0.0,1559260800.0
2019-05-29,0.81,0.81,0.81,0.81,0.8089285714285714,560.0,2.0,453.0,560.0,100.0,0.0,0.0,1559088000.0
2019-05-24,0.78,0.81,0.78,0.81,0.7866666666666666,150.0,4.0,118.0,100.0,66.67,0.03,0.03,1558656000.0
2019-05-22,0.78,0.78,0.78,0.78,0.0,1.0,1.0,0.0,1.0,100.0,0.0,0.0,1558483200.0
2019-05-17,0.8,0.8,0.78,0.78,0.7807328605200945,1692.0,2.0,1321.0,1692.0,100.0,0.02,-0.02,1558051200.0
2019-05-16,0.83,0.83,0.8,0.8,0.8005,6000.0,3.0,4803.0,6000.0,100.0,0.03,-0.03,1557964800.0
2019-05-15,0.83,0.83,0.83,0.83,0.0,1.0,1.0,0.0,1.0,100.0,0.0,0.0,1557878400.0
2019-05-14,0.81,0.81,0.81,0.81,0.81,100.0,1.0,81.0,100.0,100.0,0.0,0.0,1557792000.0
2019-05-13,0.78,0.78,0.78,0.78,0.78,100.0,1.0,78.0,100.0,100.0,0.0,0.0,1557705600.0
2019-05-10,0.76,0.76,0.76,0.76,0.76,2100.0,2.0,1596.0,2100.0,100.0,0.0,0.0,1557446400.0
2019-05-09,0.73,0.73,0.73,0.73,0.73,200.0,1.0,146.0,200.0,100.0,0.0,0.0,1557360000.0
2019-05-08,0.71,0.71,0.71,0.71,0.7097402597402597,1540.0,3.0,1093.0,1540.0,100.0,0.0,0.0,1557273600.0
2019-05-03,0.68,0.68,0.68,0.68,0.679962458939465,4262.0,3.0,2898.0,4262.0,100.0,0.0,0.0,1556841600.0
2019-05-02,0.74,0.74,0.68,0.68,0.680116945495046,43097.0,10.0,29311.0,43097.0,100.0,0.06,-0.06,1556755200.0
2019-04-30,0.71,0.71,0.69,0.71,0.6942665208561162,6401.0,5.0,4444.0,5401.0,84.38,0.02,0.0,1556582400.0
2019-04-26,0.7,0.71,0.7,0.71,0.7083333333333333,12000.0,5.0,8500.0,12000.0,100.0,0.01,0.01,1556236800.0
2019-04-25,0.74,0.74,0.72,0.72,0.7245341757084649,21843.0,6.0,15826.0,21843.0,100.0,0.02,-0.02,1556150400.0
2019-04-24,0.74,0.74,0.74,0.74,0.739938080495356,3230.0,1.0,2390.0,3230.0,100.0,0.0,0.0,1556064000.0
2019-04-23,0.75,0.75,0.75,0.75,0.7499677460972777,7751.0,3.0,5813.0,7751.0,100.0,0.0,0.0,1555977600.0
2019-04-22,0.77,0.77,0.77,0.77,0.7699977841790383,4513.0,2.0,3475.0,4513.0,100.0,0.0,0.0,1555891200.0
2019-04-18,0.77,0.77,0.77,0.77,0.77,1100.0,3.0,847.0,1100.0,100.0,0.0,0.0,1555545600.0
2019-04-16,0.77,0.77,0.77,0.77,0.7627118644067796,118.0,2.0,90.0,118.0,100.0,0.0,0.0,1555372800.0
2019-04-15,0.83,0.83,0.81,0.81,0.8091068301225919,571.0,3.0,462.0,571.0,100.0,0.02,-0.02,1555286400.0
2019-04-12,0.83,0.83,0.83,0.83,0.83,3000.0,1.0,2490.0,3000.0,100.0,0.0,0.0,1555027200.0
2019-04-11,0.83,0.83,0.83,0.83,0.82,50.0,1.0,41.0,50.0,100.0,0.0,0.0,1554940800.0
2019-04-10,0.84,0.84,0.83,0.83,0.8333333333333333,60.0,2.0,50.0,60.0,100.0,0.01,-0.01,1554854400.0
2019-04-09,0.84,0.84,0.84,0.84,0.8390804597701149,174.0,3.0,146.0,174.0,100.0,0.0,0.0,1554768000.0
2019-04-08,0.84,0.84,0.84,0.84,0.0,1.0,1.0,0.0,1.0,100.0,0.0,0.0,1554681600.0
2019-04-05,0.85,0.85,0.84,0.84,0.8443478260869565,1150.0,4.0,971.0,1150.0,100.0,0.01,-0.01,1554422400.0
2019-04-03,0.85,0.85,0.85,0.85,0.8454545454545453,110.0,2.0,93.0,110.0,100.0,0.0,0.0,1554249600.0
2019-04-02,0.86,0.86,0.86,0.86,0.86,1000.0,1.0,860.0,1000.0,100.0,0.0,0.0,1554163200.0
2019-04-01,0.87,0.87,0.87,0.87,0.8666666666666666,15.0,1.0,13.0,15.0,100.0,0.0,0.0,1554076800.0
2019-03-29,0.87,0.87,0.87,0.87,0.8689024390243902,328.0,5.0,285.0,328.0,100.0,0.0,0.0,1553817600.0
2019-03-28,0.88,0.88,0.87,0.87,0.8698224852071005,1183.0,7.0,1029.0,1183.0,100.0,0.01,-0.01,1553731200.0
2019-03-27,0.88,0.88,0.88,0.88,0.88,5600.0,2.0,4928.0,5600.0,100.0,0.0,0.0,1553644800.0
2019-03-25,0.89,0.89,0.89,0.89,0.88,50.0,1.0,44.0,50.0,100.0,0.0,0.0,1553472000.0
2019-03-22,0.89,0.89,0.89,0.89,0.89,100.0,1.0,89.0,100.0,100.0,0.0,0.0,1553212800.0
2019-03-20,0.89,0.89,0.89,0.89,0.8899581996694857,10287.0,5.0,9155.0,10287.0,100.0,0.0,0.0,1553040000.0
2019-03-19,0.89,0.89,0.89,0.89,0.8896848137535815,2094.0,3.0,1863.0,2094.0,100.0,0.0,0.0,1552953600.0
2019-03-18,0.9,0.9,0.89,0.89,0.894150417827298,718.0,7.0,642.0,718.0,100.0,0.01,-0.01,1552867200.0
2019-03-15,0.9,0.9,0.9,0.9,0.9,2100.0,2.0,1890.0,2100.0,100.0,0.0,0.0,1552608000.0
2019-03-14,0.9,0.9,0.9,0.9,0.9,10010.0,2.0,9009.0,10010.0,100.0,0.0,0.0,1552521600.0
2019-03-12,0.9,0.92,0.9,0.9,0.9000031866415984,31381.0,19.0,28243.0,31381.0,100.0,0.02,0.0,1552348800.0
2019-03-11,0.91,0.91,0.89,0.91,0.9035008976660682,8912.0,13.0,8052.0,8912.0,100.0,0.02,0.0,1552262400.0
2019-03-08,0.9,0.92,0.9,0.9,0.901415818105733,28676.0,20.0,25849.0,28676.0,100.0,0.02,0.0,1552003200.0
2019-03-07,0.92,0.92,0.91,0.91,0.9131622064445658,1831.0,5.0,1672.0,1831.0,100.0,0.01,-0.01,1551916800.0
2019-03-06,0.92,0.92,0.92,0.92,0.9182389937106918,159.0,4.0,146.0,159.0,100.0,0.0,0.0,1551830400.0
2019-03-05,0.91,0.93,0.91,0.91,0.9150249926492208,3401.0,8.0,3112.0,3401.0,100.0,0.02,0.0,1551744000.0
2019-02-28,0.92,0.92,0.92,0.92,0.919900497512438,2010.0,3.0,1849.0,2010.0,100.0,0.0,0.0,1551312000.0
2019-02-26,0.91,0.91,0.91,0.91,0.8333333333333333,6.0,2.0,5.0,6.0,100.0,0.0,0.0,1551139200.0
2019-02-25,0.91,0.91,0.91,0.91,0.9099979357324708,14533.0,9.0,13225.0,14533.0,100.0,0.0,0.0,1551052800.0
2019-02-22,0.94,0.94,0.92,0.92,0.9199941063798438,13574.0,3.0,12488.0,13574.0,100.0,0.02,-0.02,1550793600.0
2019-02-19,0.93,0.93,0.93,0.93,0.93,10000.0,5.0,9300.0,10000.0,100.0,0.0,0.0,1550534400.0
2019-02-18,0.93,0.93,0.93,0.93,0.93,11000.0,6.0,10230.0,11000.0,100.0,0.0,0.0,1550448000.0
2019-02-15,0.95,0.96,0.94,0.94,0.9400198609731876,10070.0,4.0,9466.0,10070.0,100.0,0.02,-0.01,1550188800.0
2019-02-14,0.94,0.95,0.94,0.95,0.909090909090909,22.0,2.0,20.0,22.0,100.0,0.01,0.01,1550102400.0
2019-02-12,0.94,0.94,0.94,0.94,0.9398496240601504,133.0,2.0,125.0,133.0,100.0,0.0,0.0,1549929600.0
2019-02-11,0.93,0.93,0.93,0.93,0.0,1.0,1.0,0.0,1.0,100.0,0.0,0.0,1549843200.0
2019-02-08,0.93,0.93,0.93,0.93,0.9215686274509804,102.0,3.0,94.0,102.0,100.0,0.0,0.0,1549584000.0
2019-02-05,0.92,0.92,0.92,0.92,0.9166666666666666,108.0,5.0,99.0,108.0,100.0,0.0,0.0,1549324800.0
2019-02-04,0.92,0.92,0.92,0.92,0.9166666666666666,132.0,10.0,121.0,132.0,100.0,0.0,0.0,1549238400.0
2019-02-01,0.91,0.91,0.91,0.91,0.909937038050917,3653.0,8.0,3324.0,3653.0,100.0,0.0,0.0,1548979200.0
2019-01-30,0.9,0.9,0.9,0.9,0.9,1000.0,1.0,900.0,1000.0,100.0,0.0,0.0,1548806400.0
2019-01-28,0.91,0.91,0.91,0.91,0.9095890410958904,730.0,3.0,664.0,730.0,100.0,0.0,0.0,1548633600.0
2019-01-25,0.91,0.91,0.9,0.91,0.9065513801130696,6014.0,8.0,5452.0,6014.0,100.0,0.01,0.0,1548374400.0
2019-01-24,0.91,0.91,0.91,0.91,0.9096385542168672,498.0,2.0,453.0,498.0,100.0,0.0,0.0,1548288000.0
2019-01-23,0.92,0.92,0.91,0.91,0.9178644763860369,2435.0,7.0,2235.0,2435.0,100.0,0.01,-0.01,1548201600.0
2019-01-22,0.92,0.92,0.92,0.92,0.92,1000.0,5.0,920.0,1000.0,100.0,0.0,0.0,1548115200.0
2019-01-21,0.92,0.92,0.92,0.92,0.9199944536882972,14424.0,8.0,13270.0,14424.0,100.0,0.0,0.0,1548028800.0
2019-01-18,0.91,0.91,0.91,0.91,0.909706546275395,1329.0,3.0,1209.0,1329.0,100.0,0.0,0.0,1547769600.0
2019-01-17,0.92,0.92,0.92,0.92,0.9195621132793907,2101.0,4.0,1932.0,2101.0,100.0,0.0,0.0,1547683200.0
2019-01-16,0.93,0.93,0.93,0.93,0.9298039215686272,2550.0,4.0,2371.0,2550.0,100.0,0.0,0.0,1547596800.0
2019-01-14,0.94,0.94,0.94,0.94,0.9399604529929892,5563.0,11.0,5229.0,5563.0,100.0,0.0,0.0,1547424000.0
2019-01-11,0.95,0.95,0.95,0.95,0.949119373776908,511.0,6.0,485.0,511.0,100.0,0.0,0.0,1547164800.0
2019-01-10,0.95,0.95,0.95,0.95,0.9495708154506436,1864.0,8.0,1770.0,1864.0,100.0,0.0,0.0,1547078400.0
2019-01-09,0.96,0.96,0.96,0.96,0.9599398771402432,15302.0,14.0,14689.0,15302.0,100.0,0.0,0.0,1546992000.0
2019-01-08,0.96,0.98,0.96,0.97,0.9606073784155976,27594.0,19.0,26507.0,27594.0,100.0,0.02,0.01,1546905600.0
2019-01-07,0.97,0.97,0.97,0.97,0.9696727853152434,2506.0,8.0,2430.0,2506.0,100.0,0.0,0.0,1546819200.0
2019-01-04,0.98,0.98,0.98,0.98,0.978776529338327,801.0,4.0,784.0,801.0,100.0,0.0,0.0,1546560000.0
2019-01-03,0.99,0.99,0.99,0.99,0.99,300.0,3.0,297.0,300.0,100.0,0.0,0.0,1546473600.0
2019-01-02,1.01,1.01,1.01,1.01,1.00920245398773,326.0,4.0,329.0,326.0,100.0,0.0,0.0,1546387200.0
2019-01-01,1.03,1.03,1.03,1.03,1.03,100.0,1.0,103.0,100.0,100.0,0.0,0.0,1546300800.0
2018-12-31,1.05,1.05,1.05,1.05,1.05,260.0,4.0,273.0,260.0,100.0,0.0,0.0,1546214400.0
2018-12-28,1.07,1.07,1.07,1.07,1.069270449521002,1357.0,3.0,1451.0,1357.0,100.0,0.0,0.0,1545955200.0
2018-12-27,1.11,1.11,1.09,1.09,1.091503267973856,612.0,8.0,668.0,612.0,100.0,0.02,-0.02,1545868800.0
2018-12-26,1.11,1.11,1.11,1.11,1.109375,704.0,5.0,781.0,704.0,100.0,0.0,0.0,1545782400.0
2018-12-24,1.16,1.16,1.16,1.16,1.159367396593674,822.0,3.0,953.0,822.0,100.0,0.0,0.0,1545609600.0
2018-12-21,1.22,1.22,1.22,1.22,1.0,1.0,1.0,1.0,1.0,100.0,0.0,0.0,1545350400.0
2018-12-20,1.28,1.28,1.28,1.28,1.2786069651741292,201.0,2.0,257.0,201.0,100.0,0.0,0.0,1545264000.0
2018-12-19,1.34,1.34,1.34,1.34,1.339712918660287,836.0,9.0,1120.0,836.0,100.0,0.0,0.0,1545177600.0
2018-12-18,1.41,1.41,1.41,1.41,1.4098575405272635,6107.0,9.0,8610.0,6107.0,100.0,0.0,0.0,1545091200.0
2018-12-17,1.48,1.48,1.48,1.48,1.4,5.0,1.0,7.0,5.0,100.0,0.0,0.0,1545004800.0
2018-12-14,1.55,1.55,1.55,1.55,1.5495327102803738,1070.0,2.0,1658.0,1070.0,100.0,0.0,0.0,1544745600.0
2018-12-13,1.63,1.63,1.63,1.63,1.62,50.0,1.0,81.0,50.0,100.0,0.0,0.0,1544659200.0
2018-12-12,1.71,1.71,1.71,1.71,1.70999122293739,13672.0,8.0,23379.0,13672.0,100.0,0.0,0.0,1544572800.0
2018-12-11,1.8,1.8,1.8,1.8,1.7999472156241751,3789.0,9.0,6820.0,3789.0,100.0,0.0,0.0,1544486400.0
2018-12-10,1.89,1.89,1.89,1.89,1.8896551724137929,580.0,3.0,1096.0,580.0,100.0,0.0,0.0,1544400000.0
2018-12-07,2.0,2.0,1.98,1.98,1.9910714285714284,448.0,8.0,892.0,448.0,100.0,0.02,-0.02,1544140800.0
2018-12-06,2.08,2.08,2.08,2.08,2.078880407124682,393.0,3.0,817.0,393.0,100.0,0.0,0.0,1544054400.0
2018-12-05,2.12,2.12,2.12,2.12,2.1,10.0,1.0,21.0,10.0,100.0,0.0,0.0,1543968000.0
2018-12-04,2.16,2.16,2.16,2.16,2.16,1300.0,4.0,2808.0,1300.0,100.0,0.0,0.0,1543881600.0
2018-12-03,2.2,2.2,2.2,2.2,2.1999745174237115,15697.0,12.0,34533.0,15697.0,100.0,0.0,0.0,1543795200.0
2018-11-30,2.32,2.32,2.24,2.24,2.310167467776996,32663.0,23.0,75457.0,32663.0,100.0,0.08,-0.08,1543536000.0
2018-11-29,2.28,2.28,2.28,2.28,2.2799410029498524,3390.0,8.0,7729.0,3390.0,100.0,0.0,0.0,1543449600.0
2018-11-28,2.24,2.24,2.24,2.24,2.239998518299007,26996.0,6.0,60471.0,26996.0,100.0,0.0,0.0,1543363200.0
2018-11-27,2.2,2.2,2.2,2.2,2.1999428734647246,3501.0,4.0,7702.0,3501.0,100.0,0.0,0.0,1543276800.0
2018-11-26,2.16,2.16,2.16,2.16,2.159969088098918,6470.0,5.0,13975.0,6470.0,100.0,0.0,0.0,1543190400.0
2018-11-22,2.12,2.12,2.12,2.12,2.1199931383480566,11659.0,10.0,24717.0,11659.0,100.0,0.0,0.0,1542844800.0
2018-11-21,2.08,2.08,2.08,2.08,2.07915057915058,518.0,3.0,1077.0,518.0,100.0,0.0,0.0,1542758400.0
2018-11-20,2.04,2.04,2.04,2.04,2.0,1.0,1.0,2.0,1.0,100.0,0.0,0.0,1542672000.0
2018-11-19,2.0,2.0,2.0,2.0,2.0,1400.0,4.0,2800.0,1400.0,100.0,0.0,0.0,1542585600.0
2018-11-16,1.97,1.97,1.97,1.97,1.9699112590127563,7212.0,11.0,14207.0,7212.0,100.0,0.0,0.0,1542326400.0
2018-11-15,1.94,1.94,1.94,1.94,1.94,8750.0,18.0,16975.0,8750.0,100.0,0.0,0.0,1542240000.0
2018-11-14,1.91,1.91,1.91,1.91,1.9099684791174152,5076.0,10.0,9695.0,5076.0,100.0,0.0,0.0,1542153600.0
2018-11-13,1.87,1.88,1.87,1.88,1.870141342756184,5660.0,7.0,10585.0,5660.0,100.0,0.01,0.01,1542067200.0
2018-11-12,1.85,1.85,1.8,1.85,1.81331589131442,73386.0,76.0,133072.0,73386.0,100.0,0.05,0.0,1541980800.0
2018-11-09,1.82,1.82,1.82,1.82,1.8197267577474168,3001.0,3.0,5461.0,3001.0,100.0,0.0,0.0,1541721600.0
2018-11-07,1.79,1.79,1.79,1.79,1.7,10.0,1.0,17.0,10.0,100.0,0.0,0.0,1541548800.0
2018-11-06,1.76,1.76,1.76,1.76,1.7596153846153846,1768.0,2.0,3111.0,1768.0,100.0,0.0,0.0,1541462400.0
2018-11-05,1.73,1.73,1.73,1.73,1.7299554905188708,16401.0,14.0,28373.0,16401.0,100.0,0.0,0.0,1541376000.0
2018-11-02,1.7,1.7,1.7,1.7,1.6999912303779707,11403.0,6.0,19385.0,11403.0,100.0,0.0,0.0,1541116800.0
2018-11-01,1.67,1.67,1.67,1.67,1.6699147381242387,1642.0,3.0,2742.0,1642.0,100.0,0.0,0.0,1541030400.0
2018-10-31,1.64,1.64,1.64,1.64,1.6398880895283772,2502.0,7.0,4103.0,2351.0,93.96,0.0,0.0,1540944000.0
2018-10-30,1.61,1.61,1.61,1.61,1.6097804391217565,1002.0,4.0,1613.0,1002.0,100.0,0.0,0.0,1540857600.0
2018-10-29,1.58,1.58,1.58,1.58,1.58,12900.0,9.0,20382.0,12900.0,100.0,0.0,0.0,1540771200.0
2018-10-26,1.55,1.55,1.55,1.55,1.54986301369863,3650.0,4.0,5657.0,3650.0,100.0,0.0,0.0,1540512000.0
2018-10-25,1.48,1.48,1.48,1.48,1.48,10200.0,23.0,15096.0,10200.0,100.0,0.0,0.0,1540425600.0
2018-10-24,1.41,1.41,1.41,1.41,1.4098861427381282,3601.0,4.0,5077.0,3601.0,100.0,0.0,0.0,1540339200.0
2018-10-23,1.35,1.35,1.35,1.35,1.3499236641221375,9825.0,9.0,13263.0,9825.0,100.0,0.0,0.0,1540252800.0
2018-10-22,1.29,1.29,1.29,1.29,1.289960886571056,23010.0,23.0,29682.0,23010.0,100.0,0.0,0.0,1540166400.0
2018-10-19,1.23,1.23,1.23,1.23,1.23,12300.0,12.0,15129.0,12300.0,100.0,0.0,0.0,1539907200.0
2018-10-17,1.18,1.18,1.18,1.18,1.1799752781211372,12135.0,14.0,14319.0,12135.0,100.0,0.0,0.0,1539734400.0
2018-10-16,1.13,1.13,1.13,1.13,1.1299860230082786,9301.0,5.0,10510.0,9301.0,100.0,0.0,0.0,1539648000.0
2018-10-15,1.08,1.08,1.08,1.08,1.0797809933515838,2557.0,5.0,2761.0,2557.0,100.0,0.0,0.0,1539561600.0
2018-10-12,1.03,1.03,1.03,1.03,1.0297530496875928,3361.0,10.0,3461.0,3361.0,100.0,0.0,0.0,1539302400.0
2018-10-11,0.99,0.99,0.95,0.99,0.9656592292089248,49300.0,43.0,47607.0,48500.0,98.38,0.04,0.0,1539216000.0
2018-10-10,0.95,0.95,0.95,0.95,0.9487951807228916,332.0,3.0,315.0,332.0,100.0,0.0,0.0,1539129600.0
2018-10-09,0.91,0.91,0.91,0.91,0.9096705632306056,1882.0,4.0,1712.0,1882.0,100.0,0.0,0.0,1539043200.0
2018-10-08,0.87,0.87,0.87,0.87,0.87,500.0,4.0,435.0,500.0,100.0,0.0,0.0,1538956800.0
2018-10-05,0.82,0.83,0.82,0.83,0.8194774346793349,421.0,2.0,345.0,421.0,100.0,0.01,0.01,1538697600.0
2018-10-04,0.82,0.82,0.82,0.82,0.8191489361702127,1128.0,11.0,924.0,1128.0,100.0,0.0,0.0,1538611200.0
2018-10-03,0.81,0.81,0.81,0.81,0.8066914498141263,269.0,2.0,217.0,269.0,100.0,0.0,0.0,1538524800.0
2018-10-01,0.8,0.8,0.8,0.8,0.8,450.0,1.0,360.0,450.0,100.0,0.0,0.0,1538352000.0
2018-09-28,0.8,0.8,0.8,0.8,0.7998670212765957,1504.0,4.0,1203.0,1504.0,100.0,0.0,0.0,1538092800.0
2018-09-27,0.8,0.8,0.79,0.79,0.7983005366726296,8944.0,10.0,7140.0,8744.0,97.76,0.01,-0.01,1538006400.0
2018-09-26,0.79,0.79,0.78,0.79,0.7822222222222222,1125.0,4.0,880.0,1125.0,100.0,0.01,0.0,1537920000.0
2018-09-25,0.77,0.78,0.76,0.78,0.771592154951882,8209.0,21.0,6334.0,8209.0,100.0,0.02,0.01,1537833600.0
2018-09-24,0.77,0.77,0.77,0.77,0.769907120743034,8075.0,16.0,6217.0,8051.0,99.7,0.0,0.0,1537747200.0
2018-09-21,0.76,0.76,0.76,0.76,0.76,2000.0,5.0,1520.0,2000.0,100.0,0.0,0.0,1537488000.0
2018-09-19,0.75,0.75,0.75,0.75,0.75,10036.0,13.0,7527.0,10036.0,100.0,0.0,0.0,1537315200.0
2018-09-18,0.74,0.74,0.74,0.74,0.739937043734512,14931.0,10.0,11048.0,14931.0,100.0,0.0,0.0,1537228800.0
2018-09-17,0.73,0.73,0.73,0.73,0.7295629820051412,1945.0,5.0,1419.0,1945.0,100.0,0.0,0.0,1537142400.0
2018-09-14,0.72,0.72,0.72,0.72,0.72,1800.0,13.0,1296.0,1800.0,100.0,0.0,0.0,1536883200.0
2018-09-12,0.71,0.71,0.71,0.71,0.709873858199217,2299.0,4.0,1632.0,2299.0,100.0,0.0,0.0,1536710400.0
2018-09-11,0.69,0.7,0.69,0.7,0.6985845129059117,1201.0,6.0,839.0,1201.0,100.0,0.01,0.01,1536624000.0
2018-09-10,0.69,0.71,0.69,0.69,0.6935497209013851,48370.0,23.0,33547.0,47370.0,97.93,0.02,0.0,1536537600.0
2018-09-07,0.71,0.71,0.7,0.7,0.7029365245726699,52477.0,19.0,36888.0,52477.0,100.0,0.01,-0.01,1536278400.0
2018-09-06,0.68,0.7,0.68,0.7,0.6881086270744753,7291.0,11.0,5017.0,7291.0,100.0,0.02,0.02,1536192000.0
2018-09-05,0.69,0.71,0.69,0.69,0.7023940604649699,31787.0,20.0,22327.0,31787.0,100.0,0.02,0.0,1536105600.0
2018-09-04,0.7,0.7,0.7,0.7,0.6999635435654393,16458.0,20.0,11520.0,16458.0,100.0,0.0,0.0,1536019200.0
2018-09-03,0.71,0.71,0.71,0.71,0.7097130242825607,2718.0,9.0,1929.0,2718.0,100.0,0.0,0.0,1535932800.0
2018-08-31,0.72,0.72,0.72,0.72,0.72,4100.0,5.0,2952.0,4100.0,100.0,0.0,0.0,1535673600.0
2018-08-30,0.73,0.73,0.73,0.73,0.7297585227272727,2816.0,6.0,2055.0,2816.0,100.0,0.0,0.0,1535587200.0
2018-08-29,0.74,0.74,0.74,0.74,0.7396694214876033,2420.0,6.0,1790.0,2420.0,100.0,0.0,0.0,1535500800.0
2018-08-28,0.75,0.75,0.75,0.75,0.7499264777962944,10201.0,4.0,7650.0,10201.0,100.0,0.0,0.0,1535414400.0
2018-08-27,0.82,0.82,0.76,0.76,0.7605529903554547,36601.0,20.0,27837.0,30101.0,82.24,0.06,-0.06,1535328000.0
2018-08-24,0.84,0.84,0.79,0.79,0.8029754385964912,35625.0,21.0,28606.0,35625.0,100.0,0.05,-0.05,1535068800.0
2018-08-23,0.84,0.85,0.83,0.83,0.8350530880813518,6687.0,24.0,5584.0,6687.0,100.0,0.02,-0.01,1534982400.0
2018-08-21,0.87,0.95,0.87,0.87,0.8866455265953765,245663.0,112.0,217816.0,226880.0,92.35,0.08,0.0,1534809600.0
2018-08-20,0.91,0.95,0.91,0.91,0.9103608847497088,165787.0,40.0,150926.0,165787.0,100.0,0.04,0.0,1534723200.0
2018-08-17,0.95,0.95,0.95,0.95,0.9496139780577,2461.0,9.0,2337.0,2461.0,100.0,0.0,0.0,1534464000.0
2018-08-16,1.0,1.0,1.0,1.0,1.0,7670.0,11.0,7670.0,7670.0,100.0,0.0,0.0,1534377600.0
2018-08-14,1.05,1.05,1.05,1.05,1.0499218092144833,8313.0,11.0,8728.0,8313.0,100.0,0.0,0.0,1534204800.0
2018-08-13,1.1,1.1,1.1,1.1,1.0999699564368337,26628.0,19.0,29290.0,26628.0,100.0,0.0,0.0,1534118400.0
2018-08-10,1.15,1.15,1.15,1.15,1.1499935039625828,15394.0,14.0,17703.0,15394.0,100.0,0.0,0.0,1533859200.0
2018-08-09,1.27,1.27,1.21,1.21,1.2102622576966933,17540.0,15.0,21228.0,17540.0,100.0,0.06,-0.06,1533772800.0
2018-08-08,1.27,1.27,1.27,1.27,1.2699444885011897,6305.0,6.0,8007.0,6305.0,100.0,0.0,0.0,1533686400.0
2018-08-07,1.33,1.33,1.33,1.33,1.3299678915447737,28030.0,13.0,37279.0,28030.0,100.0,0.0,0.0,1533600000.0
2018-08-06,1.4,1.4,1.4,1.4,1.3995433789954337,1314.0,9.0,1839.0,1314.0,100.0,0.0,0.0,1533513600.0
2018-08-03,1.42,1.42,1.42,1.42,1.41985111662531,2015.0,8.0,2861.0,2015.0,100.0,0.0,0.0,1533254400.0
2018-08-02,1.44,1.44,1.44,1.44,1.4398315282791816,4986.0,7.0,7179.0,4986.0,100.0,0.0,0.0,1533168000.0
2018-08-01,1.46,1.46,1.46,1.46,1.456,125.0,2.0,182.0,125.0,100.0,0.0,0.0,1533081600.0
2018-07-31,1.48,1.48,1.48,1.48,1.48,10300.0,4.0,15244.0,10300.0,100.0,0.0,0.0,1532995200.0
2018-07-30,1.51,1.51,1.51,1.51,1.5095753538717736,1201.0,4.0,1813.0,1201.0,100.0,0.0,0.0,1532908800.0
2018-07-27,1.54,1.54,1.54,1.54,1.5398803589232304,2006.0,10.0,3089.0,2006.0,100.0,0.0,0.0,1532649600.0
2018-07-26,1.57,1.57,1.57,1.57,1.5699907663896584,10830.0,6.0,17003.0,10830.0,100.0,0.0,0.0,1532563200.0
2018-07-25,1.6,1.6,1.6,1.6,1.5996677740863787,602.0,5.0,963.0,602.0,100.0,0.0,0.0,1532476800.0
2018-07-24,1.63,1.63,1.63,1.63,1.629655172413793,1450.0,4.0,2363.0,1450.0,100.0,0.0,0.0,1532390400.0
2018-07-23,1.66,1.66,1.66,1.66,1.66,150.0,2.0,249.0,150.0,100.0,0.0,0.0,1532304000.0
2018-07-20,1.69,1.69,1.69,1.69,1.68,50.0,1.0,84.0,50.0,100.0,0.0,0.0,1532044800.0
2018-07-19,1.72,1.72,1.72,1.72,1.72,50.0,1.0,86.0,50.0,100.0,0.0,0.0,1531958400.0
2018-07-18,1.75,1.75,1.75,1.75,1.7484848484848483,330.0,2.0,577.0,330.0,100.0,0.0,0.0,1531872000.0
2018-07-17,1.78,1.78,1.78,1.78,1.75,12.0,3.0,21.0,6.0,50.0,0.0,0.0,1531785600.0
2018-07-16,1.81,1.81,1.81,1.81,1.8098901098901097,910.0,4.0,1647.0,910.0,100.0,0.0,0.0,1531699200.0
2018-07-13,1.84,1.84,1.84,1.84,1.8396001903855304,2101.0,3.0,3865.0,2101.0,100.0,0.0,0.0,1531440000.0
2018-07-12,1.87,1.87,1.87,1.87,1.87,800.0,3.0,1496.0,800.0,100.0,0.0,0.0,1531353600.0
2018-07-11,1.9,1.9,1.9,1.9,1.9,250.0,2.0,475.0,250.0,100.0,0.0,0.0,1531267200.0
2018-07-10,1.93,1.93,1.93,1.93,1.928205128205128,390.0,5.0,752.0,390.0,100.0,0.0,0.0,1531180800.0
2018-07-09,1.96,1.96,1.96,1.96,1.96,5150.0,3.0,10094.0,5150.0,100.0,0.0,0.0,1531094400.0
2018-07-06,2.0,2.0,2.0,2.0,2.0,2552.0,5.0,5104.0,2552.0,100.0,0.0,0.0,1530835200.0
2018-07-05,2.04,2.04,2.04,2.04,2.039455782312925,735.0,4.0,1499.0,735.0,100.0,0.0,0.0,1530748800.0
2018-07-03,2.08,2.08,2.08,2.08,2.079627714581179,967.0,4.0,2011.0,967.0,100.0,0.0,0.0,1530576000.0
2018-07-02,2.12,2.12,2.12,2.12,2.12,500.0,2.0,1060.0,500.0,100.0,0.0,0.0,1530489600.0
2018-06-29,2.16,2.16,2.16,2.16,2.16,100.0,1.0,216.0,100.0,100.0,0.0,0.0,1530230400.0
2018-06-28,2.2,2.2,2.2,2.2,2.0,2.0,2.0,4.0,1.0,50.0,0.0,0.0,1530144000.0
2018-06-27,2.24,2.24,2.24,2.24,2.24,100.0,1.0,224.0,100.0,100.0,0.0,0.0,1530057600.0
2018-06-26,2.35,2.35,2.35,2.35,2.3491620111731844,716.0,3.0,1682.0,716.0,100.0,0.0,0.0,1529971200.0
2018-06-25,2.47,2.47,2.47,2.47,2.463636363636364,110.0,2.0,271.0,110.0,100.0,0.0,0.0,1529884800.0
2018-06-21,2.6,2.6,2.6,2.6,2.6,1200.0,2.0,3120.0,1200.0,100.0,0.0,0.0,1529539200.0
2018-06-20,2.73,2.73,2.73,2.73,2.728925619834711,605.0,3.0,1651.0,605.0,100.0,0.0,0.0,1529452800.0
2018-06-19,2.87,2.87,2.87,2.87,2.87,500.0,3.0,1435.0,500.0,100.0,0.0,0.0,1529366400.0
2018-06-18,3.02,3.02,3.02,3.02,3.0199623352165723,5310.0,5.0,16036.0,5310.0,100.0,0.0,0.0,1529280000.0
2018-06-15,3.17,3.17,3.17,3.17,3.169653524492234,837.0,7.0,2653.0,837.0,100.0,0.0,0.0,1529020800.0
2018-06-14,3.33,3.33,3.33,3.33,3.33,100.0,2.0,333.0,100.0,100.0,0.0,0.0,1528934400.0
2018-06-13,3.5,3.5,3.5,3.5,3.5,500.0,5.0,1750.0,500.0,100.0,0.0,0.0,1528848000.0
2018-06-12,3.68,3.68,3.68,3.68,3.675675675675676,111.0,2.0,408.0,111.0,100.0,0.0,0.0,1528761600.0
2018-06-11,3.87,3.87,3.87,3.87,3.8699212933418417,9402.0,2.0,36385.0,9402.0,100.0,0.0,0.0,1528675200.0
2018-05-30,4.07,4.07,4.07,4.07,4.066666666666666,180.0,1.0,732.0,180.0,100.0,0.0,0.0,1527638400.0
2018-05-29,4.07,4.07,4.07,4.07,4.07,200.0,1.0,814.0,200.0,100.0,0.0,0.0,1527552000.0
2018-05-18,4.07,4.07,4.07,4.07,4.057142857142857,70.0,2.0,284.0,70.0,100.0,0.0,0.0,1526601600.0
2018-05-15,4.07,4.07,4.07,4.07,4.066666666666666,150.0,2.0,610.0,150.0,100.0,0.0,0.0,1526342400.0
2018-05-14,4.07,4.07,4.07,4.07,4.0588235294117645,51.0,1.0,207.0,51.0,100.0,0.0,0.0,1526256000.0
2018-05-11,4.07,4.07,4.07,4.07,4.07,400.0,2.0,1628.0,400.0,100.0,0.0,0.0,1525996800.0
2018-05-10,4.22,4.22,4.22,4.22,4.219277108433735,830.0,4.0,3502.0,830.0,100.0,0.0,0.0,1525910400.0
2018-05-09,4.44,4.44,4.44,4.44,4.44,300.0,2.0,1332.0,300.0,100.0,0.0,0.0,1525824000.0
2018-05-08,4.67,4.67,4.67,4.67,4.67,100.0,1.0,467.0,100.0,100.0,0.0,0.0,1525737600.0
2018-05-07,5.1,5.1,4.91,4.91,4.9575,400.0,3.0,1983.0,400.0,100.0,0.19,-0.19,1525651200.0
2018-05-04,5.16,5.16,5.16,5.16,5.16,200.0,2.0,1032.0,200.0,100.0,0.0,0.0,1525392000.0
2018-04-30,5.43,5.43,5.43,5.43,5.42,50.0,1.0,271.0,50.0,100.0,0.0,0.0,1525046400.0
2018-04-24,5.71,5.71,5.71,5.71,5.702970297029704,101.0,2.0,576.0,101.0,100.0,0.0,0.0,1524528000.0
2018-04-23,6.01,6.01,6.01,6.01,6.009615384615385,104.0,2.0,625.0,104.0,100.0,0.0,0.0,1524441600.0
2018-04-20,6.32,6.32,6.32,6.32,6.32,150.0,2.0,948.0,150.0,100.0,0.0,0.0,1524182400.0
2018-04-19,6.65,6.65,6.65,6.65,6.65,200.0,2.0,1330.0,200.0,100.0,0.0,0.0,1524096000.0
2018-04-16,7.0,7.0,6.99,6.99,6.990214646464646,3168.0,7.0,22145.0,3168.0,100.0,0.01,-0.01,1523836800.0
2018-04-13,7.35,7.35,7.35,7.35,7.35,1020.0,3.0,7497.0,1020.0,100.0,0.0,0.0,1523577600.0
2018-04-12,7.73,7.73,7.73,7.73,7.729801324503311,1510.0,2.0,11672.0,1510.0,100.0,0.0,0.0,1523491200.0
2018-04-11,8.13,8.13,8.13,8.13,8.13,600.0,2.0,4878.0,600.0,100.0,0.0,0.0,1523404800.0
2018-04-10,8.55,8.55,8.55,8.55,8.549723756906078,1086.0,3.0,9285.0,1086.0,100.0,0.0,0.0,1523318400.0
2018-04-09,8.99,8.99,8.99,8.99,8.981818181818182,110.0,2.0,988.0,110.0,100.0,0.0,0.0,1523232000.0
2018-04-03,9.46,9.46,9.46,9.46,9.46,550.0,2.0,5203.0,550.0,100.0,0.0,0.0,1522713600.0
2018-04-02,9.65,9.65,9.65,9.65,9.65,126000.0,3.0,1215900.0,126000.0,100.0,0.0,0.0,1522627200.0
2018-03-28,9.84,9.84,9.84,9.84,9.83720930232558,301.0,3.0,2961.0,301.0,100.0,0.0,0.0,1522195200.0
2018-03-27,9.84,9.84,9.84,9.84,9.84,300.0,1.0,2952.0,300.0,100.0,0.0,0.0,1522108800.0
2018-03-26,9.84,9.84,9.84,9.84,9.82051282051282,39.0,5.0,383.0,39.0,100.0,0.0,0.0,1522022400.0
2018-03-21,9.84,9.84,9.84,9.84,9.0,1.0,1.0,9.0,1.0,100.0,0.0,0.0,1521590400.0
2018-03-19,9.84,9.84,9.84,9.84,9.839575530586766,1602.0,4.0,15763.0,1602.0,100.0,0.0,0.0,1521417600.0
2018-03-16,9.84,9.84,9.84,9.84,9.83999800059982,60018.0,5.0,590577.0,60018.0,100.0,0.0,0.0,1521158400.0
2018-03-14,9.84,9.84,9.84,9.84,9.5,2.0,1.0,19.0,2.0,100.0,0.0,0.0,1520985600.0
2018-03-08,9.84,9.84,9.84,9.84,9.84,300.0,1.0,2952.0,300.0,100.0,0.0,0.0,1520467200.0
2018-03-05,9.84,9.84,9.84,9.84,9.839024390243903,205.0,2.0,2017.0,205.0,100.0,0.0,0.0,1520208000.0
2018-03-01,9.84,9.84,9.84,9.84,9.84,50.0,1.0,492.0,50.0,100.0,0.0,0.0,1519862400.0
2018-02-28,9.84,9.84,9.84,9.84,9.84,60000.0,16.0,590400.0,60000.0,100.0,0.0,0.0,1519776000.0
2018-02-27,9.84,9.84,9.84,9.84,9.836734693877553,196.0,2.0,1928.0,196.0,100.0,0.0,0.0,1519689600.0
2018-02-26,9.84,9.84,9.84,9.84,9.83333333333333,30.0,1.0,295.0,30.0,100.0,0.0,0.0,1519603200.0
2018-02-21,9.84,9.84,9.84,9.84,9.84,50.0,1.0,492.0,50.0,100.0,0.0,0.0,1519171200.0
2018-02-19,9.84,9.84,9.84,9.84,9.8,10.0,1.0,98.0,10.0,100.0,0.0,0.0,1518998400.0
2018-02-16,9.84,9.84,9.84,9.84,9.84,1500.0,5.0,14760.0,1500.0,100.0,0.0,0.0,1518739200.0
2018-02-15,9.84,9.84,9.84,9.84,9.839842035980691,4558.0,7.0,44850.0,4558.0,100.0,0.0,0.0,1518652800.0
2018-02-14,9.92,9.92,9.92,9.92,9.919125683060107,915.0,9.0,9076.0,915.0,100.0,0.0,0.0,1518566400.0
2018-02-12,10.12,10.12,10.12,10.12,10.12,550.0,5.0,5566.0,550.0,100.0,0.0,0.0,1518393600.0
2018-02-09,10.32,10.32,10.32,10.32,10.32,100.0,1.0,1032.0,100.0,100.0,0.0,0.0,1518134400.0
2018-02-08,10.53,10.53,10.53,10.53,10.52936507936508,1260.0,5.0,13267.0,1260.0,100.0,0.0,0.0,1518048000.0
2018-02-07,10.74,10.74,10.74,10.74,10.74,1050.0,5.0,11277.0,1050.0,100.0,0.0,0.0,1517961600.0
2018-02-06,10.95,10.95,10.95,10.95,10.95,120.0,2.0,1314.0,120.0,100.0,0.0,0.0,1517875200.0
2018-02-05,11.17,11.17,11.17,11.17,11.168,250.0,6.0,2792.0,250.0,100.0,0.0,0.0,1517788800.0
2018-02-02,11.39,11.39,11.39,11.39,11.388429752066116,121.0,3.0,1378.0,121.0,100.0,0.0,0.0,1517529600.0
2018-02-01,11.62,11.62,11.62,11.62,11.617391304347828,230.0,3.0,2672.0,230.0,100.0,0.0,0.0,1517443200.0
2018-01-31,11.85,11.85,11.85,11.85,11.848623853211008,218.0,7.0,2583.0,218.0,100.0,0.0,0.0,1517356800.0
2018-01-30,12.05,12.05,12.05,12.05,12.048,250.0,2.0,3012.0,250.0,100.0,0.0,0.0,1517270400.0
2018-01-29,12.3,12.3,12.25,12.25,12.26470588235294,170.0,3.0,2085.0,170.0,100.0,0.05,-0.05,1517184000.0
2018-01-25,12.45,12.45,12.45,12.45,12.45,200.0,1.0,2490.0,200.0,100.0,0.0,0.0,1516838400.0
2018-01-24,12.7,12.7,12.7,12.7,12.7,180.0,3.0,2286.0,180.0,100.0,0.0,0.0,1516752000.0
2018-01-23,12.95,12.95,12.95,12.95,12.943661971830984,142.0,5.0,1838.0,142.0,100.0,0.0,0.0,1516665600.0
2018-01-22,13.2,13.2,13.2,13.2,13.196969696969695,198.0,5.0,2613.0,198.0,100.0,0.0,0.0,1516579200.0
2018-01-19,13.45,13.45,13.45,13.45,13.449367088607596,316.0,5.0,4250.0,316.0,100.0,0.0,0.0,1516320000.0
2018-01-18,14.15,14.15,14.15,14.15,14.144,125.0,3.0,1768.0,125.0,100.0,0.0,0.0,1516233600.0
2018-01-17,14.85,14.85,14.85,14.85,14.847457627118644,354.0,5.0,5256.0,354.0,100.0,0.0,0.0,1516147200.0
2018-01-16,15.6,15.6,15.6,15.6,15.599815157116453,2164.0,6.0,33758.0,2164.0,100.0,0.0,0.0,1516060800.0
2018-01-15,17.25,17.25,16.4,16.4,16.655441972339148,1663.0,19.0,27698.0,1663.0,100.0,0.85,-0.85,1515974400.0
2018-01-12,17.25,17.25,17.25,17.25,17.248648648648647,370.0,5.0,6382.0,370.0,100.0,0.0,0.0,1515715200.0
2018-01-11,18.15,18.15,18.15,18.15,18.15,240.0,7.0,4356.0,240.0,100.0,0.0,0.0,1515628800.0
2018-01-10,19.1,19.1,19.1,19.1,19.1,1800.0,9.0,34380.0,1800.0,100.0,0.0,0.0,1515542400.0
2018-01-09,21.15,21.15,20.1,20.1,20.10220125786164,636.0,6.0,12785.0,636.0,100.0,1.05,-1.05,1515456000.0
2018-01-08,21.15,21.15,21.15,21.15,21.14999918015315,60987.0,12.0,1289875.0,60987.0,100.0,0.0,0.0,1515369600.0
2018-01-05,22.25,22.25,22.25,22.25,22.249686323713927,797.0,6.0,17733.0,797.0,100.0,0.0,0.0,1515110400.0
2018-01-04,23.4,23.4,23.4,23.4,23.4,66470.0,6.0,1555398.0,66470.0,100.0,0.0,0.0,1515024000.0
2017-12-28,24.6,24.6,24.6,24.6,24.6,100.0,1.0,2460.0,100.0,100.0,0.0,0.0,1514419200.0
2017-12-27,24.6,24.6,24.6,24.6,24.57142857142857,21.0,4.0,516.0,21.0,100.0,0.0,0.0,1514332800.0
2017-12-14,24.6,24.6,24.6,24.6,24.6,4500.0,20.0,110700.0,4500.0,100.0,0.0,0.0,1513209600.0
2017-12-13,24.6,24.6,24.6,24.6,24.6,10.0,1.0,246.0,10.0,100.0,0.0,0.0,1513123200.0
2017-12-12,24.6,24.6,24.6,24.6,24.0,1.0,1.0,24.0,1.0,100.0,0.0,0.0,1513036800.0
2017-12-11,24.6,24.6,24.6,24.6,24.59183673469388,49.0,2.0,1205.0,49.0,100.0,0.0,0.0,1512950400.0
2017-12-08,24.6,24.6,24.6,24.6,24.6,20.0,2.0,492.0,20.0,100.0,0.0,0.0,1512691200.0
2017-12-07,24.6,24.6,24.6,24.6,24.59375,128.0,3.0,3148.0,128.0,100.0,0.0,0.0,1512604800.0
2017-12-06,24.7,24.7,24.7,24.7,24.69906790945406,751.0,5.0,18549.0,751.0,100.0,0.0,0.0,1512518400.0
2017-11-29,25.95,25.95,25.95,25.95,25.94921875,512.0,3.0,13286.0,512.0,100.0,0.0,0.0,1511913600.0
2017-11-21,27.3,27.3,27.3,27.3,27.3,150.0,2.0,4095.0,150.0,100.0,0.0,0.0,1511222400.0
2017-11-20,28.7,28.7,28.7,28.7,28.7,500.0,2.0,14350.0,500.0,100.0,0.0,0.0,1511136000.0
2017-11-17,30.2,30.2,30.2,30.2,30.195488721804512,133.0,5.0,4016.0,133.0,100.0,0.0,0.0,1510876800.0
2017-11-16,31.75,31.75,31.75,31.75,31.0,1.0,1.0,31.0,1.0,100.0,0.0,0.0,1510790400.0
2017-11-13,33.4,33.4,33.4,33.4,33.36363636363637,11.0,2.0,367.0,11.0,100.0,0.0,0.0,1510531200.0
2017-11-10,35.15,35.15,35.15,35.15,35.148727984344426,511.0,3.0,17961.0,511.0,100.0,0.0,0.0,1510272000.0
2017-11-09,36.95,36.95,36.95,36.95,36.0,1.0,1.0,36.0,1.0,100.0,0.0,0.0,1510185600.0
2017-11-07,38.85,38.85,38.85,38.85,38.85,100.0,1.0,3885.0,100.0,100.0,0.0,0.0,1510012800.0
2017-11-06,40.85,40.85,40.85,40.85,40.71428571428572,7.0,2.0,285.0,7.0,100.0,0.0,0.0,1509926400.0
2017-11-03,43.0,43.0,43.0,43.0,43.0,301.0,2.0,12943.0,301.0,100.0,0.0,0.0,1509667200.0
2017-10-31,45.25,45.25,45.25,45.25,45.24975024975025,1001.0,2.0,45295.0,1001.0,100.0,0.0,0.0,1509408000.0
2017-10-27,47.6,47.6,47.6,47.6,47.595238095238095,126.0,2.0,5997.0,126.0,100.0,0.0,0.0,1509062400.0
2017-10-26,50.1,50.1,50.1,50.1,50.0,1.0,1.0,50.0,1.0,100.0,0.0,0.0,1508976000.0
2017-10-25,52.7,52.7,52.7,52.7,52.0,1.0,1.0,52.0,1.0,100.0,0.0,0.0,1508889600.0
2017-10-04,55.45,55.45,55.45,55.45,55.0,2.0,2.0,110.0,2.0,100.0,0.0,0.0,1507075200.0
2017-10-03,58.35,58.35,58.35,58.35,58.33333333333333,18.0,3.0,1050.0,18.0,100.0,0.0,0.0,1506988800.0
2017-09-05,61.4,61.4,61.4,61.4,61.0,1.0,1.0,61.0,1.0,100.0,0.0,0.0,1504569600.0
2017-08-08,64.6,64.6,64.6,64.6,64.6,5.0,1.0,323.0,5.0,100.0,0.0,0.0,1502150400.0
2017-07-31,67.95,67.95,67.95,67.95,67.5,2.0,2.0,135.0,2.0,100.0,0.0,0.0,1501459200.0
2017-05-23,69.3,69.3,69.3,69.3,69.3,100.0,1.0,6930.0,100.0,100.0,0.0,0.0,1495497600.0
2017-05-09,70.7,70.7,70.7,70.7,70.69993642720915,6292.0,3.0,444844.0,6292.0,100.0,0.0,0.0,1494288000.0
2017-05-03,72.1,72.1,72.1,72.1,72.1,10.0,1.0,721.0,10.0,100.0,0.0,0.0,1493769600.0
2017-04-20,73.55,73.55,73.55,73.55,73.4,5.0,1.0,367.0,5.0,100.0,0.0,0.0,1492646400.0
2017-04-11,75.05,75.05,75.05,75.05,75.05,100.0,1.0,7505.0,100.0,100.0,0.0,0.0,1491868800.0
2017-03-31,76.55,76.55,76.55,76.55,76.55,100.0,1.0,7655.0,100.0,100.0,0.0,0.0,1490918400.0
2017-03-30,78.1,78.1,78.1,78.1,78.1,100.0,1.0,7810.0,100.0,100.0,0.0,0.0,1490832000.0
2017-03-29,79.65,79.65,79.65,79.65,79.64356435643565,101.0,2.0,8044.0,101.0,100.0,0.0,0.0,1490745600.0
2017-03-28,81.25,81.25,81.25,81.25,81.0,2.0,2.0,162.0,2.0,100.0,0.0,0.0,1490659200.0
2017-03-22,82.9,82.9,82.9,82.9,82.0,1.0,1.0,82.0,1.0,100.0,0.0,0.0,1490140800.0
2017-03-20,84.55,84.55,84.55,84.55,84.5,10.0,1.0,845.0,10.0,100.0,0.0,0.0,1489968000.0
2017-03-17,86.25,86.25,86.25,86.25,86.16666666666666,6.0,1.0,517.0,6.0,100.0,0.0,0.0,1489708800.0
2017-03-14,88.0,88.0,88.0,88.0,88.0,34002.0,3.0,2992176.0,34002.0,100.0,0.0,0.0,1489449600.0
2017-03-08,88.2,88.2,88.2,88.2,88.0,4.0,1.0,352.0,4.0,100.0,0.0,0.0,1488931200.0
2017-03-07,90.0,90.0,90.0,90.0,90.0,20.0,2.0,1800.0,20.0,100.0,0.0,0.0,1488844800.0
2015-01-06,91.3,91.3,91.3,91.3,91.29758713136728,373.0,28.0,34054.0,373.0,100.0,0.0,0.0,1420502400.0
2015-01-05,101.4,101.4,101.4,101.4,101.39991196214372,9087.0,62.0,921421.0,9083.0,99.96,0.0,0.0,1420416000.0
2015-01-02,130.1,130.1,126.75,126.75,126.94038361845516,1929.0,72.0,244868.0,1819.0,94.3,3.35,-3.35,1420156800.0
2015-01-01,160.4,160.5,158.0,158.4,159.77557976513563,77747.0,154.0,12422072.0,67650.0,87.01,2.5,-2.0,1420070400.0
2014-12-31,164.65,164.65,160.3,160.75,161.3366572524022,63379.0,117.0,10225356.0,49501.0,78.1,4.35,-3.9,1419984000.0
2014-12-30,164.75,165.05,163.0,164.65,164.60296996525634,56701.0,156.0,9333153.0,42922.0,75.7,2.05,-0.1,1419897600.0
2014-12-29,165.4,165.6,165.2,165.45,165.49757694584196,54064.0,204.0,8947461.0,42700.0,78.98,0.4,0.05,1419811200.0
2014-12-26,165.45,165.7,164.95,165.25,165.4931766395879,80752.0,178.0,13363905.0,75200.0,93.12,0.75,-0.2,1419552000.0
2014-12-24,164.05,165.8,164.05,165.75,165.63669436971037,91807.0,338.0,15206608.0,88000.0,95.85,1.75,1.7,1419379200.0
2014-12-23,165.1,165.8,164.15,165.8,165.6145610001808,77426.0,302.0,12822873.0,72000.0,92.99,1.65,0.7,1419292800.0
2014-12-22,164.05,165.9,164.05,165.75,165.70916643647877,94126.0,346.0,15597541.0,88525.0,94.05,1.85,1.7,1419206400.0
2014-12-19,165.5,166.1,164.55,166.0,165.68984821577223,144152.0,434.0,23884523.0,143700.0,99.69,1.55,0.5,1418947200.0
2014-12-18,164.5,166.0,164.5,165.9,165.6770890420837,104007.0,139.0,17231577.0,103760.0,99.76,1.5,1.4,1418860800.0
2014-12-17,165.5,165.75,160.0,165.5,165.41275558429928,100505.0,407.0,16624809.0,79700.0,79.3,5.75,0.0,1418774400.0
2014-12-16,164.5,166.95,164.5,165.6,165.41257678870068,241572.0,444.0,39959047.0,226660.0,93.83,2.45,1.1,1418688000.0
2014-12-15,164.0,165.6,163.0,165.5,165.4573071355543,98787.0,190.0,16345031.0,88011.0,89.09,2.6,1.5,1418601600.0
2014-12-12,166.0,167.0,164.15,165.6,165.51506372553783,102863.0,211.0,17025376.0,100746.0,97.94,2.85,-0.4,1418342400.0
2014-12-11,159.05,165.1,159.05,164.85,164.66317732047656,190198.0,320.0,31318607.0,175208.0,92.12,6.05,5.8,1418256000.0
2014-12-10,145.0,156.6,145.0,156.4,155.11751193936877,231168.0,512.0,35858205.0,217696.0,94.17,11.6,11.4,1418169600.0
2014-12-09,134.0,146.5,122.8,146.05,142.544825514171,219674.0,1247.0,31313392.0,182530.0,83.09,23.7,12.05,1418083200.0
2014-12-08,171.0,187.75,136.4,136.4,184.16787326668816,248080.0,829.0,45688366.0,231642.0,93.37,51.35,-34.6,1417996800.0
2014-12-05,155.0,175.0,155.0,170.45,163.73948829829433,10084.0,232.0,1651149.0,1920.0,19.04,20.0,15.45,1417737600.0
2014-12-04,211.15,211.45,159.5,159.5,168.99626459476187,46849.0,328.0,7917306.0,41838.0,89.3,51.95,-51.65,1417651200.0
2014-12-03,218.0,218.0,180.0,199.35,198.36652641421225,10695.0,173.0,2121530.0,8999.0,84.14,38.0,-18.65,1417564800.0
2014-12-02,212.5,215.85,173.0,184.75,215.06332991453,219375.0,372.0,47179518.0,211877.0,96.58,42.85,-27.75,1417478400.0
2014-12-01,195.6,215.9,195.6,215.9,214.17822728267,260583.0,336.0,55811205.0,243500.0,93.44,20.3,20.3,1417392000.0
2014-11-28,192.0,200.0,186.0,199.75,193.1782035928144,4175.0,74.0,806519.0,572.0,13.7,14.0,7.75,1417132800.0
2014-11-27,208.15,210.1,193.0,198.1,207.77427114063568,141351.0,200.0,29369101.0,96374.0,68.18,17.1,-10.05,1417046400.0
2014-11-26,223.0,223.0,207.0,211.1,215.3329624716505,93476.0,193.0,20128464.0,81034.0,86.69,16.0,-11.9,1416960000.0
2014-11-25,224.0,225.0,222.2,222.8,223.7526409808256,155624.0,265.0,34821281.0,142210.0,91.38,2.8,-1.2,1416873600.0
2014-11-24,238.0,238.0,200.0,223.7,228.2782985133676,131438.0,145.0,30004443.0,122300.0,93.05,38.0,-14.3,1416787200.0
2014-11-21,239.5,240.25,238.0,238.9,239.4468441083664,319767.0,345.0,76567199.0,308354.0,96.43,2.25,-0.6,1416528000.0
2014-11-20,239.9,240.7,239.75,240.7,240.3428818319292,254595.0,289.0,61190096.0,243300.0,95.56,0.95,0.8,1416441600.0
2014-11-19,239.95,240.6,239.8,240.5,240.22291502247725,229343.0,338.0,55093444.0,216801.0,94.53,0.8,0.55,1416355200.0
2014-11-18,239.95,240.25,238.0,240.1,240.0068613798931,168042.0,274.0,40331233.0,156760.0,93.29,2.25,0.15,1416268800.0
2014-11-17,240.0,240.5,239.85,240.4,240.16619985758368,210650.0,380.0,50591010.0,198250.0,94.11,0.65,0.4,1416182400.0
2014-11-14,240.0,240.5,238.75,238.8,239.916584717608,225750.0,329.0,54161169.0,214900.0,95.19,1.75,-1.2,1415923200.0
2014-11-13,239.9,240.5,238.0,240.4,240.15769965870308,146500.0,188.0,35183103.0,136450.0,93.14,2.5,0.5,1415836800.0
2014-11-12,239.8,241.0,239.5,240.25,240.09003063747724,192901.0,212.0,46313607.0,182503.0,94.61,1.5,0.45,1415750400.0
2014-11-11,240.0,240.6,239.5,240.5,240.13264968756545,181478.0,253.0,43578793.0,171201.0,94.34,1.1,0.5,1415664000.0
2014-11-10,240.25,240.8,239.1,240.75,240.29964585845823,261195.0,561.0,62765066.0,250002.0,95.71,1.7,0.5,1415577600.0
2014-11-07,239.75,240.5,239.0,240.45,240.2658778866892,228116.0,285.0,54808491.0,217800.0,95.48,1.5,0.7,1415318400.0
2014-11-05,239.85,240.9,239.0,240.85,240.57046553936848,212721.0,341.0,51174390.0,199837.0,93.94,1.9,1.0,1415145600.0
2014-11-03,239.9,240.4,236.0,240.3,240.14395265320937,154266.0,293.0,37046047.0,143301.0,92.89,4.4,0.4,1414972800.0
2014-10-31,240.0,240.1,233.0,239.95,239.94443515843264,83758.0,323.0,20097266.0,72900.0,87.04,7.1,-0.05,1414713600.0
2014-10-30,239.85,240.25,239.6,240.25,239.96226144353565,83628.0,255.0,20067564.0,73200.0,87.53,0.65,0.4,1414627200.0
2014-10-29,240.0,240.9,239.85,240.9,240.27007539862387,97084.0,333.0,23326380.0,87000.0,89.61,1.05,0.9,1414540800.0
2014-10-28,240.0,240.25,239.75,239.95,239.95567450485407,128346.0,411.0,30797351.0,113900.0,88.74,0.5,-0.05,1414454400.0
2014-10-27,239.75,240.0,239.5,239.6,239.8487770762124,101519.0,533.0,24349208.0,64100.0,63.14,0.5,-0.15,1414368000.0
2014-10-23,240.0,240.35,240.0,240.3,240.17587064676616,40200.0,102.0,9655070.0,30200.0,75.12,0.35,0.3,1414022400.0
2014-10-22,240.0,240.1,239.65,240.05,240.00104082340687,43235.0,220.0,10376445.0,32000.0,74.01,0.45,0.05,1413936000.0
2014-10-21,240.0,240.3,239.5,239.85,239.9048821108763,133897.0,302.0,32122544.0,107700.0,80.43,0.8,-0.15,1413849600.0
2014-10-20,240.6,240.8,239.0,240.0,239.96777438948183,160028.0,353.0,38401563.0,147855.0,92.39,1.8,-0.6,1413763200.0
2014-10-17,239.9,240.3,239.75,240.25,240.00561512561512,193050.0,291.0,46333084.0,182200.0,94.38,0.55,0.35,1413504000.0
2014-10-16,239.75,240.0,235.0,240.0,239.8546030529188,177404.0,429.0,42551166.0,166412.0,93.8,5.0,0.25,1413417600.0
2014-10-14,240.0,240.75,236.0,240.7,240.24145524174247,125340.0,272.0,30111864.0,115100.0,91.83,4.75,0.7,1413244800.0
2014-10-13,240.3,240.5,239.75,240.5,240.1164243902439,205000.0,394.0,49223867.0,194000.0,94.63,0.75,0.2,1413158400.0
2014-10-10,239.75,240.55,239.0,240.35,240.1324850968704,268400.0,361.0,64451559.0,257027.0,95.76,1.55,0.6,1412899200.0
2014-10-09,239.85,240.2,239.85,240.0,240.0135939803557,208916.0,286.0,50142680.0,198450.0,94.99,0.35,0.15,1412812800.0
2014-10-08,240.1,240.65,239.0,239.9,239.954974007496,180629.0,240.0,43342827.0,170000.0,94.12,1.65,-0.2,1412726400.0
2014-10-07,240.1,243.0,239.4,240.05,239.9563872452925,55603.0,144.0,13342295.0,46000.0,82.73,3.6,-0.05,1412640000.0
2014-10-01,241.0,242.0,239.2,240.0,240.32325849165227,13896.0,110.0,3339532.0,2502.0,18.01,2.8,-1.0,1412121600.0
2014-09-30,241.0,241.0,240.0,240.0,240.2317154625404,17966.0,75.0,4316003.0,7500.0,41.75,1.0,-1.0,1412035200.0
2014-09-29,240.0,240.4,239.5,240.25,240.1912614095466,33415.0,131.0,8025991.0,22700.0,67.93,0.9,0.25,1411948800.0
2014-09-26,240.75,241.25,237.0,239.4,240.8565679671284,141642.0,165.0,34115406.0,137796.0,97.28,4.25,-1.35,1411689600.0
2014-09-25,240.6,241.0,238.25,240.75,240.40908733796,114555.0,201.0,27540063.0,102500.0,89.48,2.75,0.15,1411603200.0
2014-09-24,241.25,241.4,239.25,241.3,241.0841673608748,170458.0,176.0,41094725.0,156586.0,91.86,2.15,0.05,1411516800.0
2014-09-23,241.0,241.25,239.25,239.55,239.751157233335,59841.0,113.0,14346949.0,38200.0,63.84,2.0,-1.45,1411430400.0
2014-09-22,239.85,241.95,238.0,240.05,239.9657150327652,122386.0,188.0,29368444.0,112501.0,91.92,3.95,0.2,1411344000.0
2014-09-19,241.25,241.25,239.0,239.5,239.52506654141223,159675.0,169.0,38246165.0,149000.0,93.31,2.25,-1.75,1411084800.0
2014-09-18,239.05,239.55,238.0,238.5,239.2890216090366,167939.0,345.0,40185959.0,157501.0,93.78,1.55,-0.55,1410998400.0
2014-09-17,240.0,240.1,239.0,239.25,239.40148514851484,115140.0,275.0,27564687.0,105000.0,91.19,1.1,-0.75,1410912000.0
2014-09-16,240.1,240.35,239.0,239.1,239.3151630129286,71160.0,127.0,17029667.0,61000.0,85.72,1.35,-1.0,1410825600.0
2014-09-15,240.1,240.65,240.0,240.3,240.44368334344924,103797.0,312.0,24957333.0,86000.0,82.85,0.65,0.2,1410739200.0
2014-09-12,240.0,240.7,239.25,240.6,240.38582604524152,162594.0,354.0,39085293.0,143300.0,88.13,1.45,0.6,1410480000.0
2014-09-11,240.0,240.1,235.1,240.05,239.861131120902,119386.0,232.0,28636061.0,106600.0,89.29,5.0,0.05,1410393600.0
2014-09-10,240.0,241.0,239.4,240.05,240.14650281717505,102940.0,424.0,24720681.0,53000.0,51.49,1.6,0.05,1410307200.0
2014-09-09,240.0,240.9,238.15,240.7,240.46350210970465,109020.0,178.0,26215331.0,98100.0,89.98,2.75,0.7,1410220800.0
2014-09-08,239.5,240.5,239.0,240.05,239.89500718390804,139200.0,307.0,33393385.0,114800.0,82.47,1.5,0.55,1410134400.0
2014-09-05,239.5,240.1,238.55,239.3,239.68012469586373,131520.0,325.0,31522730.0,106950.0,81.32,1.55,-0.2,1409875200.0
2014-09-04,235.0,239.75,235.0,239.3,239.344869618886,129620.0,141.0,31023882.0,119810.0,92.43,4.75,4.3,1409788800.0
2014-09-03,240.0,240.65,239.5,239.8,240.419633846552,154580.0,248.0,37164067.0,142430.0,92.14,1.15,-0.2,1409702400.0
2014-09-02,241.0,241.0,240.4,240.5,240.7601658045288,87573.0,215.0,21084090.0,76152.0,86.96,0.6,-0.5,1409616000.0
2014-09-01,242.0,242.0,240.0,241.0,240.8910922112802,111700.0,192.0,26907535.0,102000.0,91.32,2.0,-1.0,1409529600.0
2014-08-28,241.0,242.0,240.9,240.95,241.70206717633096,72466.0,215.0,17515182.0,61000.0,84.18,1.1,-0.05,1409184000.0
2014-08-27,241.75,241.95,241.0,241.9,241.6189224239566,84820.0,81.0,20494117.0,74000.0,87.24,0.95,0.15,1409097600.0
2014-08-26,242.0,242.0,240.25,241.6,241.280521930028,64683.0,122.0,15606748.0,54500.0,84.26,1.75,-0.4,1409011200.0
2014-08-25,241.0,241.4,240.05,241.05,240.99126677981792,32405.0,46.0,7809322.0,30000.0,92.58,1.35,0.05,1408924800.0
2014-08-22,241.0,241.55,239.5,241.45,241.2219161676647,83500.0,125.0,20142030.0,70300.0,84.19,2.05,0.45,1408665600.0
2014-08-21,241.5,241.9,241.0,241.25,241.4056990055988,167538.0,291.0,40444628.0,157500.0,94.01,0.9,-0.25,1408579200.0
2014-08-20,241.0,243.5,239.0,241.0,241.02511692360991,69276.0,100.0,16697256.0,59594.0,86.02,4.5,0.0,1408492800.0
2014-08-19,240.75,241.0,238.0,240.5,240.6042954264524,45304.0,128.0,10900337.0,34600.0,76.37,3.0,-0.25,1408406400.0
2014-08-18,241.0,242.5,240.0,241.0,241.17417619367853,66915.0,118.0,16138170.0,55800.0,83.39,2.5,0.0,1408320000.0
2014-08-14,241.5,242.0,238.25,240.55,241.08666515542208,70582.0,127.0,17016379.0,57516.0,81.49,3.75,-0.95,1407974400.0
2014-08-13,241.0,241.75,240.05,241.0,241.18301908095287,79713.0,176.0,19225422.0,67203.0,84.31,1.7,0.0,1407888000.0
2014-08-12,241.0,241.4,240.2,241.3,241.11495157673767,83844.0,151.0,20216042.0,72800.0,86.83,1.2,0.3,1407801600.0
2014-08-11,241.0,241.35,239.25,241.3,241.03219060678776,116680.0,207.0,28123636.0,104900.0,89.9,2.1,0.3,1407715200.0
2014-08-08,241.0,242.0,240.0,240.9,240.801174307191,30997.0,85.0,7464114.0,20500.0,66.14,2.0,-0.1,1407456000.0
2014-08-07,242.0,242.5,240.0,241.05,241.3819417128553,55930.0,122.0,13500492.0,45500.0,81.35,2.5,-0.95,1407369600.0
2014-08-06,242.0,242.0,240.0,241.2,241.10572885221708,149070.0,257.0,35941631.0,137500.0,92.24,2.0,-0.8,1407283200.0
2014-08-05,242.0,243.45,239.0,239.0,240.77177038684823,73724.0,182.0,17750658.0,59000.0,80.03,4.45,-3.0,1407196800.0
2014-08-04,242.25,244.6,241.5,242.7,243.20654755009843,69064.0,171.0,16796817.0,56000.0,81.08,3.1,0.45,1407110400.0
2014-08-01,244.0,244.0,239.95,241.4,241.60851101634685,56280.0,117.0,13597727.0,44200.0,78.54,4.05,-2.6,1406851200.0
2014-07-31,243.0,244.0,241.1,242.0,241.888318774334,110699.0,146.0,26776795.0,99600.0,89.97,2.9,-1.0,1406764800.0
2014-07-30,242.0,244.1,240.0,242.2,242.03645018937416,115116.0,131.0,27862268.0,105000.0,91.21,4.1,0.2,1406678400.0
2014-07-28,241.0,242.15,241.0,242.0,241.91345549170552,46115.0,66.0,11155839.0,35950.0,77.96,1.15,1.0,1406505600.0
2014-07-25,242.0,242.6,241.0,242.0,241.87669094693027,123008.0,174.0,29752768.0,110300.0,89.67,1.6,0.0,1406246400.0
2014-07-24,241.25,242.6,239.5,242.55,242.4292426848324,88959.0,139.0,21566263.0,77130.0,86.7,3.1,1.3,1406160000.0
2014-07-23,240.5,242.6,238.0,242.6,242.20797661562543,81764.0,160.0,19803893.0,68500.0,83.78,4.6,2.1,1406073600.0
2014-07-22,285.0,285.0,233.5,242.95,242.39107747691952,258335.0,496.0,62618099.0,236900.0,91.7,51.5,-42.05,1405987200.0
2014-07-21,239.0,239.8,235.0,239.5,239.57711333489888,132007.0,314.0,31625856.0,119200.0,90.3,4.8,0.5,1405900800.0
2014-07-18,239.0,243.0,237.0,239.3,239.7107334451832,193116.0,254.0,46291978.0,181850.0,94.17,6.0,0.3,1405641600.0
2014-07-17,240.0,240.15,235.0,238.6,238.93860704261888,42399.0,77.0,10130758.0,31501.0,74.3,5.15,-1.4,1405555200.0
2014-07-16,242.0,242.7,235.0,239.45,241.79312659980693,119155.0,172.0,28810860.0,105050.0,88.16,7.7,-2.55,1405468800.0
2014-07-15,243.0,243.75,241.0,243.45,243.2357025222217,177304.0,425.0,43126663.0,165400.0,93.29,2.75,0.45,1405382400.0
2014-07-14,242.5,243.5,241.5,243.45,243.30186155007203,174908.0,365.0,42555442.0,163000.0,93.19,2.0,0.95,1405296000.0
2014-07-11,245.0,245.0,240.3,243.2,242.97685435007168,259444.0,308.0,63038887.0,246116.0,94.86,4.7,-1.8,1405036800.0
2014-07-10,242.8,243.5,240.05,243.3,242.9096924134988,168668.0,213.0,40971092.0,157700.0,93.5,3.45,0.5,1404950400.0
2014-07-09,242.0,242.95,240.4,242.75,242.39705780964528,116036.0,196.0,28126785.0,105200.0,90.66,2.55,0.75,1404864000.0
2014-07-08,240.0,243.5,240.0,242.95,242.8689948142592,122644.0,269.0,29786425.0,110000.0,89.69,3.5,2.95,1404777600.0
2014-07-07,244.0,246.85,240.0,243.35,243.89375392594263,124174.0,351.0,30285263.0,112435.0,90.55,6.85,-0.65,1404691200.0
2014-07-04,245.0,245.0,242.0,243.35,244.04401224284217,154866.0,317.0,37794120.0,139700.0,90.21,3.0,-1.65,1404432000.0
2014-07-03,244.75,245.0,242.75,242.95,243.4556681847118,102105.0,200.0,24858041.0,89000.0,87.17,2.25,-1.8,1404345600.0
2014-07-02,247.0,247.25,241.0,244.9,244.96320477420505,112270.0,230.0,27502019.0,106500.0,94.86,6.25,-2.1,1404259200.0
2014-07-01,245.85,245.85,240.5,244.65,244.84442545491103,79576.0,189.0,19483740.0,69000.0,86.71,5.35,-1.2,1404172800.0
2014-06-30,248.0,260.0,241.0,244.85,244.78016619029376,135748.0,186.0,33228418.0,124710.0,91.87,19.0,-3.15,1404086400.0
2014-06-27,247.75,247.75,243.1,244.65,244.59750798064047,145665.0,324.0,35629296.0,133001.0,91.31,4.65,-3.1,1403827200.0
2014-06-26,244.0,244.5,235.0,244.25,244.2436880972621,97633.0,430.0,23846244.0,84550.0,86.6,9.5,0.25,1403740800.0
2014-06-25,247.5,247.5,243.0,243.5,244.74683633493984,141924.0,233.0,34735450.0,114806.0,80.89,4.5,-4.0,1403654400.0
2014-06-24,249.0,249.0,241.0,245.0,245.0049812852648,214804.0,488.0,52628050.0,204000.0,94.97,8.0,-4.0,1403568000.0
2014-06-23,248.0,249.0,240.6,244.8,244.67542327800675,186107.0,263.0,45535809.0,165300.0,88.82,8.4,-3.2,1403481600.0
2014-06-20,246.0,246.6,243.5,243.5,246.297424737033,107523.0,323.0,26482638.0,97521.0,90.7,3.1,-2.5,1403222400.0
2014-06-19,246.7,247.15,242.0,246.75,246.49391304347824,142025.0,833.0,35008298.0,120710.0,84.99,5.15,0.05,1403136000.0
2014-06-18,247.25,248.1,246.9,247.2,247.41251456727525,97822.0,298.0,24202387.0,87000.0,88.94,1.2,-0.05,1403049600.0
2014-06-17,248.5,248.5,247.0,247.7,247.5745235016697,107503.0,458.0,26615004.0,95000.0,88.37,1.5,-0.8,1402963200.0
2014-06-16,265.0,265.0,241.0,247.9,247.23767788730768,112501.0,387.0,27814486.0,106391.0,94.57,24.0,-17.1,1402876800.0
2014-06-13,249.0,249.25,247.0,247.8,247.9480293450244,45391.0,152.0,11254609.0,35110.0,77.35,2.25,-1.2,1402617600.0
2014-06-12,248.0,248.0,242.35,246.65,246.8043379890796,99447.0,315.0,24543951.0,88300.0,88.79,5.65,-1.35,1402531200.0
2014-06-11,248.9,250.0,245.0,248.9,249.22393481532936,69096.0,274.0,17220377.0,57050.0,82.57,5.0,0.0,1402444800.0
2014-06-10,265.0,265.0,248.0,248.6,250.38437624416565,118051.0,351.0,29558126.0,97655.0,82.72,17.0,-16.4,1402358400.0
2014-06-09,248.0,249.75,241.1,249.5,249.307318183111,175795.0,377.0,43826980.0,163500.0,93.01,8.65,1.5,1402272000.0
2014-06-06,248.4,249.25,243.5,247.85,248.14222025088995,175854.0,545.0,43636802.0,160120.0,91.05,5.75,-0.55,1402012800.0
2014-06-05,249.0,249.15,243.0,248.85,248.9819481463533,140318.0,365.0,34936649.0,129000.0,91.93,6.15,-0.15,1401926400.0
2014-06-04,249.25,249.75,248.0,248.95,249.0146092930338,139158.0,319.0,34652375.0,128100.0,92.05,1.75,-0.3,1401840000.0
2014-06-03,248.2,249.8,248.2,249.55,249.4778777830412,147770.0,381.0,36865346.0,130240.0,88.14,1.6,1.35,1401753600.0
2014-06-02,248.25,265.0,248.0,249.25,250.714311360046,111408.0,237.0,27931580.0,79654.0,71.5,17.0,1.0,1401667200.0
2014-05-30,243.1,250.0,242.95,248.3,246.2636047090035,60310.0,149.0,14852158.0,47604.0,78.93,7.05,5.2,1401408000.0
2014-05-29,246.0,246.1,242.0,244.65,245.4414809711168,55153.0,164.0,13536834.0,44300.0,80.32,4.1,-1.35,1401321600.0
2014-05-28,247.0,247.9,240.05,244.2,244.8113928732892,72993.0,253.0,17869518.0,61863.0,84.75,7.85,-2.8,1401235200.0
2014-05-27,247.45,249.1,243.1,246.95,248.0862734876668,84406.0,234.0,20939970.0,70300.0,83.29,6.0,-0.5,1401148800.0
2014-05-26,242.1,248.5,242.1,247.65,247.5226949874856,59132.0,209.0,14636512.0,45228.0,76.49,6.4,5.55,1401062400.0
2014-05-23,248.8,249.25,247.05,247.9,248.37446163311944,45508.0,180.0,11303025.0,35420.0,77.83,2.2,-0.9,1400803200.0
2014-05-22,249.0,249.9,247.0,248.65,249.26998598785613,107050.0,195.0,26684352.0,100000.0,93.41,2.9,-0.35,1400716800.0
2014-05-21,248.85,249.75,248.0,249.75,249.339108334974,111746.0,212.0,27862648.0,98000.0,87.7,1.75,0.9,1400630400.0
2014-05-20,249.0,249.5,245.0,249.15,249.098425129965,117724.0,297.0,29324863.0,107220.0,91.08,4.5,0.15,1400544000.0
2014-05-19,250.0,250.0,247.0,249.0,248.6031502250161,55996.0,188.0,13920782.0,45650.0,81.52,3.0,-1.0,1400457600.0
2014-05-16,238.3,250.1,238.25,248.7,247.35481460888903,57554.0,280.0,14236259.0,44337.0,77.04,11.85,10.4,1400198400.0
2014-05-15,238.55,239.0,237.85,238.95,238.6984696994532,67111.0,174.0,16019293.0,54300.0,80.91,1.15,0.4,1400112000.0
2014-05-14,239.0,239.0,237.5,238.5,238.7288249983128,74085.0,155.0,17686225.0,62655.0,84.57,1.5,-0.5,1400025600.0
2014-05-13,238.85,239.5,237.1,238.6,238.78100270788968,76074.0,228.0,18165026.0,64472.0,84.75,2.4,-0.25,1399939200.0
2014-05-12,238.0,239.9,237.8,239.5,238.8230988433816,17897.0,72.0,4274217.0,7128.0,39.83,2.1,1.5,1399852800.0
2014-05-09,238.5,240.0,238.1,239.05,239.08442646187152,38803.0,72.0,9277193.0,28103.0,72.42,1.9,0.55,1399593600.0
2014-05-08,236.5,239.0,236.5,238.9,238.70242099625065,93350.0,370.0,22282871.0,81750.0,87.57,2.5,2.4,1399507200.0
2014-05-07,239.05,239.5,235.0,239.5,239.195212716003,85184.0,300.0,20375605.0,74170.0,87.07,4.5,0.45,1399420800.0
2014-05-06,238.5,239.5,238.0,239.4,239.2955605530568,72036.0,277.0,17237895.0,59800.0,83.01,1.5,0.9,1399334400.0
2014-05-05,236.4,239.0,235.0,238.9,238.68090525751333,82054.0,309.0,19584723.0,67408.0,82.15,4.0,2.5,1399248000.0
2014-05-02,236.0,238.95,235.3,238.4,238.30549302549304,51975.0,193.0,12385928.0,39000.0,75.04,3.65,2.4,1398988800.0
2014-04-30,236.8,238.6,236.45,238.0,237.81397093295828,10665.0,213.0,2536286.0,250.0,2.34,2.15,1.2,1398816000.0
2014-04-29,236.6,238.7,236.0,238.5,238.389720956348,76583.0,276.0,18256600.0,64488.0,84.21,2.7,1.9,1398729600.0
2014-04-28,235.5,239.0,231.1,238.8,238.44654822964924,96704.0,238.0,23058735.0,84200.0,87.07,7.9,3.3,1398643200.0
2014-04-25,240.0,240.0,225.0,234.65,234.90591320531257,59105.0,235.0,13884114.0,48170.0,81.5,15.0,-5.35,1398384000.0
2014-04-23,237.0,237.5,232.25,237.1,236.7585583184189,52522.0,115.0,12435033.0,40625.0,77.35,5.25,0.1,1398211200.0
2014-04-22,278.85,278.85,235.05,237.5,237.35907435340863,54362.0,157.0,12903314.0,43804.0,80.58,43.8,-41.35,1398124800.0
2014-04-21,235.0,238.9,234.0,238.2,237.63381925943665,33407.0,78.0,7938633.0,26278.0,78.66,4.9,3.2,1398038400.0
2014-04-17,239.35,239.5,232.0,236.25,237.34331560779924,10719.0,81.0,2544083.0,305.0,2.85,7.5,-3.1,1397692800.0
2014-04-16,239.0,239.8,238.0,239.1,239.0446017699115,22600.0,86.0,5402408.0,10700.0,47.35,1.8,0.1,1397606400.0
2014-04-15,238.85,240.25,236.95,240.25,239.4590869732538,41576.0,90.0,9955751.0,30649.0,73.72,3.3,1.4,1397520000.0
2014-04-11,239.65,240.5,236.6,239.35,239.9661603602393,59516.0,243.0,14281826.0,34763.0,58.41,3.9,-0.3,1397174400.0
2014-04-10,238.0,240.2,232.05,239.0,239.4797310027972,68997.0,224.0,16523383.0,46168.0,66.91,8.15,1.0,1397088000.0
2014-04-09,240.0,242.0,236.0,239.1,239.7807975364796,70793.0,139.0,16974802.0,48220.0,34.06,6.0,-0.9,1397001600.0
2014-04-07,238.0,239.25,237.95,238.15,238.77916194790487,26490.0,104.0,6325260.0,15550.0,29.35,1.3,0.15,1396828800.0
2014-04-04,238.75,239.0,237.4,238.0,238.38801298400185,77634.0,191.0,18507015.0,66146.0,85.2,1.6,-0.75,1396569600.0
2014-04-03,239.0,239.0,236.05,239.0,238.70211219729467,42657.0,230.0,10182316.0,31500.0,73.84,2.95,0.0,1396483200.0
2014-04-02,238.0,240.6,235.05,235.05,239.310837182876,40481.0,301.0,9687542.0,20450.0,50.52,5.55,-2.95,1396396800.0
2014-04-01,239.0,240.25,235.0,237.3,238.0113197376696,11131.0,203.0,2649304.0,675.0,6.06,5.25,-1.7,1396310400.0
2014-03-31,225.0,237.0,225.0,233.3,234.40257246628263,43227.0,290.0,10132520.0,25334.0,58.61,12.0,8.3,1396224000.0
2014-03-28,225.05,238.1,225.0,237.05,235.18251353530687,43405.0,371.0,10208097.0,24600.0,56.68,13.1,12.0,1395964800.0
2014-03-27,236.35,238.0,233.05,236.9,236.82960317385528,106117.0,265.0,25131647.0,95497.0,89.99,4.95,0.55,1395878400.0
2014-03-26,236.0,236.25,232.25,235.6,235.56015568491028,145165.0,330.0,34195090.0,134603.0,92.72,4.0,-0.4,1395792000.0
2014-03-25,236.0,242.0,227.25,235.45,235.380651869205,151963.0,368.0,35769150.0,140975.0,92.77,14.75,-0.55,1395705600.0
2014-03-24,233.05,235.6,233.05,235.4,235.2996710173205,158367.0,466.0,37263703.0,127675.0,80.62,2.55,2.35,1395619200.0
2014-03-22,229.5,231.5,229.0,231.0,230.9786917405128,59132.0,129.0,13658232.0,51000.0,86.25,2.5,1.5,1395446400.0
2014-03-21,220.0,231.0,219.95,228.35,227.6188606886097,176791.0,321.0,40240966.0,164962.0,93.31,11.05,8.35,1395360000.0
2014-03-20,211.0,226.0,211.0,223.15,221.12001047864973,133605.0,291.0,29542739.0,120324.0,90.06,15.0,12.15,1395273600.0
2014-03-19,217.05,220.0,215.0,218.55,218.9542700888855,156156.0,497.0,34191023.0,145130.0,92.94,5.0,1.5,1395187200.0
2014-03-18,216.9,220.0,212.3,219.25,218.0386033931645,89474.0,308.0,19508786.0,75051.0,83.88,7.7,2.35,1395100800.0
2014-03-14,214.75,218.25,211.1,217.3,217.54352150028413,63348.0,224.0,13780947.0,52140.0,82.31,7.15,2.55,1394755200.0
2014-03-13,216.0,218.25,216.0,217.8,217.42755666758552,47161.0,291.0,10254101.0,35550.0,75.38,2.25,1.8,1394668800.0
2014-03-12,216.85,218.9,216.0,218.0,217.26068922866952,93786.0,271.0,20376011.0,83505.0,89.04,2.9,1.15,1394582400.0
2014-03-11,206.65,216.0,205.25,215.65,212.83095875736475,18670.0,192.0,3973554.0,8200.0,43.92,10.75,9.0,1394496000.0
2014-03-10,206.0,210.95,205.25,208.7,208.1907547169812,106000.0,266.0,22068220.0,95600.0,90.19,5.7,2.7,1394409600.0
2014-03-07,205.0,205.35,203.0,204.75,204.64114932885903,119200.0,315.0,24393225.0,109200.0,91.61,2.35,-0.25,1394150400.0
2014-03-06,205.0,205.15,203.0,204.35,204.25820217165736,68427.0,325.0,13976776.0,57564.0,84.12,2.15,-0.65,1394064000.0
2014-03-05,204.0,204.5,200.0,204.35,204.2125451815604,89915.0,291.0,18361771.0,79500.0,88.42,4.5,0.35,1393977600.0
2014-03-04,205.0,207.0,201.2,204.55,204.18470298701925,103615.0,315.0,21156598.0,93550.0,90.29,5.8,-0.45,1393891200.0
2014-03-03,203.25,204.6,203.0,204.0,204.0890689223804,83935.0,315.0,17130216.0,73500.0,87.57,1.6,0.75,1393804800.0
2014-02-28,205.0,205.5,203.75,205.5,205.09802179233188,68648.0,177.0,14079569.0,58000.0,84.49,1.75,0.5,1393545600.0
2014-02-26,205.0,205.0,203.85,204.5,204.50019430152489,128666.0,256.0,26312222.0,118481.0,92.08,1.15,-0.5,1393372800.0
2014-02-25,205.0,205.2,202.0,204.9,204.86338289962825,134500.0,341.0,27554125.0,123600.0,91.9,3.2,-0.1,1393286400.0
2014-02-24,205.0,210.0,200.55,205.35,205.01951903441127,164045.0,687.0,33632427.0,142437.0,86.83,9.45,0.35,1393200000.0
2014-02-21,205.0,205.05,200.55,204.75,204.629503203445,190420.0,399.0,38965550.0,179620.0,94.33,4.5,-0.25,1392940800.0
2014-02-20,204.0,204.75,203.5,204.6,204.58257600945728,108276.0,286.0,22151383.0,97198.0,89.77,1.25,0.6,1392854400.0
2014-02-19,205.25,205.25,203.35,204.9,204.5694358512852,177790.0,451.0,36370400.0,166250.0,93.51,1.9,-0.35,1392768000.0
2014-02-18,204.5,204.5,203.25,203.95,203.91196120969065,115699.0,266.0,23592410.0,105100.0,90.84,1.25,-0.55,1392681600.0
2014-02-17,204.0,204.25,203.25,203.8,203.87131892230576,63840.0,227.0,13015145.0,53240.0,83.4,1.0,-0.2,1392595200.0
2014-02-14,204.5,204.6,200.0,203.8,203.62240466101693,56640.0,239.0,11533173.0,45550.0,80.42,4.6,-0.7,1392336000.0
2014-02-13,204.0,204.35,200.0,204.35,204.1156736296089,71330.0,325.0,14559571.0,60590.0,84.94,4.35,0.35,1392249600.0
2014-02-12,205.5,205.5,202.1,204.3,204.1839024271014,122739.0,372.0,25061328.0,110642.0,90.14,3.4,-1.2,1392163200.0
2014-02-11,206.25,206.5,201.35,203.9,203.7908087311254,51723.0,209.0,10540672.0,41543.0,80.32,5.15,-2.35,1392076800.0
2014-02-10,205.0,205.0,202.3,203.7,203.73308417356304,48697.0,269.0,9921190.0,37000.0,75.98,2.7,-1.3,1391990400.0
2014-02-07,205.0,205.4,202.0,204.0,204.03517259108648,42789.0,174.0,8730461.0,32346.0,75.59,3.4,-1.0,1391731200.0
2014-02-06,206.75,206.8,202.0,204.3,204.1812720797517,69917.0,357.0,14275742.0,58650.0,83.89,4.8,-2.45,1391644800.0
2014-02-05,207.35,207.45,203.0,203.45,204.35287463401647,30056.0,402.0,6142030.0,20550.0,68.37,4.45,-3.9,1391558400.0
2014-02-04,208.0,208.0,203.0,205.0,204.99622325517808,58516.0,263.0,11995559.0,48500.0,82.88,5.0,-3.0,1391472000.0
2014-02-03,206.0,206.05,202.0,205.0,204.62839149205848,75741.0,346.0,15498759.0,65325.0,86.25,4.05,-1.0,1391385600.0
2014-01-31,204.85,205.0,201.45,204.7,204.2063103464056,87412.0,356.0,17850082.0,65825.0,75.3,3.55,-0.15,1391126400.0
2014-01-30,205.55,205.8,203.05,203.95,204.56184660930705,10809.0,222.0,2211109.0,3.0,0.03,2.75,-1.6,1391040000.0
2014-01-29,207.15,208.5,203.2,205.45,205.8005523270589,59023.0,328.0,12146966.0,48305.0,81.84,5.3,-1.7,1390953600.0
2014-01-28,207.0,207.0,200.0,205.85,205.70569909753985,40445.0,402.0,8319767.0,28680.0,70.91,7.0,-1.15,1390867200.0
2014-01-27,207.35,207.65,204.0,206.75,206.5957731828784,126904.0,480.0,26217830.0,105460.0,83.1,3.65,-0.6,1390780800.0
2014-01-24,207.0,207.05,204.45,205.7,205.80884153339963,52276.0,484.0,10758863.0,41500.0,79.39,2.6,-1.3,1390521600.0
2014-01-23,207.0,207.0,205.2,206.0,205.99312554776512,36512.0,134.0,7521221.0,25346.0,69.42,1.8,-1.0,1390435200.0
2014-01-22,207.75,207.8,205.55,206.55,206.35647527483047,52214.0,239.0,10774697.0,31040.0,59.45,2.25,-1.2,1390348800.0
2014-01-21,207.75,207.75,203.05,207.5,207.2107030772366,122675.0,520.0,25419573.0,98100.0,79.97,4.7,-0.25,1390262400.0
2014-01-20,207.0,207.5,206.0,207.4,207.07397737825207,131378.0,338.0,27204965.0,106778.0,81.28,1.5,0.4,1390176000.0
2014-01-17,207.0,207.3,205.1,207.0,206.6931675938804,57520.0,463.0,11888991.0,35850.0,62.33,2.2,0.0,1389916800.0
2014-01-16,208.0,208.0,205.05,207.5,207.28486214052768,84325.0,448.0,17479296.0,58200.0,69.02,2.95,-0.5,1389830400.0
2014-01-15,207.75,208.0,205.5,207.25,207.06027946180285,57897.0,406.0,11988169.0,46000.0,79.45,2.5,-0.5,1389744000.0
2014-01-14,207.0,207.2,205.85,207.15,207.00886077586765,77307.0,575.0,16003234.0,50900.0,65.84,1.35,0.15,1389657600.0
2014-01-13,207.0,208.95,204.55,206.25,206.5001507981904,96155.0,458.0,19856022.0,67639.0,70.34,4.4,-0.75,1389571200.0
2014-01-10,206.0,206.55,204.3,206.45,206.33681714484788,88983.0,345.0,18360469.0,67075.0,75.38,2.25,0.45,1389312000.0
2014-01-09,207.0,207.0,204.05,206.5,206.5447142857143,63000.0,256.0,13012317.0,31800.0,50.48,2.95,-0.5,1389225600.0
2014-01-08,206.6,207.5,204.5,206.45,206.76403195291147,66598.0,554.0,13770071.0,29001.0,43.55,3.0,-0.15,1389139200.0
2014-01-07,206.85,207.05,203.25,206.55,206.62534030102952,63914.0,363.0,13206252.0,50621.0,79.2,3.8,-0.3,1389052800.0
2014-01-06,208.0,208.0,204.0,206.6,206.4499851234752,67220.0,376.0,13877568.0,56350.0,83.83,4.0,-1.4,1388966400.0
2014-01-03,206.65,209.0,199.9,206.45,206.02206383313245,38162.0,327.0,7862214.0,26000.0,68.13,9.1,-0.2,1388707200.0
2014-01-02,204.0,206.45,202.0,205.65,205.75863280906773,34143.0,323.0,7025217.0,22350.0,65.46,4.45,1.65,1388620800.0
2014-01-01,206.65,207.7,204.25,205.9,205.8946838175767,55585.0,330.0,11444656.0,44500.0,80.06,3.45,-0.75,1388534400.0
2013-12-31,206.5,208.0,205.0,205.1,206.52102017937216,60656.0,353.0,12526739.0,40101.0,66.11,3.0,-1.4,1388448000.0
2013-12-30,207.0,208.8,204.4,206.45,206.3670985236517,33190.0,182.0,6849324.0,22524.0,67.86,4.4,-0.55,1388361600.0
2013-12-27,207.75,209.0,205.2,206.3,206.68359681295053,118605.0,510.0,24513708.0,96850.0,81.66,3.8,-1.45,1388102400.0
2013-12-26,206.25,207.0,205.0,207.0,206.47575465196417,36275.0,272.0,7489908.0,26089.0,71.92,2.0,0.75,1388016000.0
2013-12-24,207.0,207.25,203.05,207.0,206.8210324825986,86200.0,449.0,17827973.0,67005.0,77.73,4.2,0.0,1387843200.0
2013-12-23,207.0,207.25,204.05,206.4,206.26023150062008,24190.0,204.0,4989435.0,14038.0,58.03,3.2,-0.6,1387756800.0
2013-12-20,208.0,208.5,205.0,208.35,208.14342647802687,65239.0,435.0,13579069.0,53114.0,81.41,3.5,0.35,1387497600.0
2013-12-19,208.0,214.0,205.05,208.3,207.86448578148384,46770.0,240.0,9721822.0,40010.0,85.55,8.95,0.3,1387411200.0
2013-12-18,204.5,209.0,204.5,209.0,208.03382316814435,89554.0,780.0,18630261.0,78049.0,87.15,4.5,4.5,1387324800.0
2013-12-17,205.0,208.0,204.85,208.0,207.4868701964133,46840.0,345.0,9718685.0,36135.0,77.15,3.15,3.0,1387238400.0
2013-12-16,206.0,209.0,205.0,207.7,208.10792420550567,77156.0,648.0,16056775.0,45005.0,58.33,4.0,1.7,1387152000.0
2013-12-13,207.5,208.0,205.1,207.95,207.58895057866752,25576.0,301.0,5309295.0,13500.0,52.78,2.9,0.45,1386892800.0
2013-12-12,207.75,207.8,204.0,207.75,207.33359959764505,33801.0,307.0,7008083.0,22816.0,67.5,3.8,0.0,1386806400.0
2013-12-11,207.0,208.0,204.1,208.0,207.1744146589752,26523.0,414.0,5494887.0,8000.0,30.16,3.9,1.0,1386720000.0
2013-12-10,206.0,208.0,204.0,207.95,207.3700893922916,37699.0,441.0,7817645.0,22000.0,58.36,4.0,1.95,1386633600.0
2013-12-09,207.05,208.45,204.05,208.45,207.6895507885492,53516.0,536.0,11114714.0,25935.0,48.46,4.4,1.4,1386547200.0
2013-12-06,207.0,208.5,205.1,208.25,207.6344155435193,63512.0,536.0,13187277.0,32844.0,51.71,3.4,1.25,1386288000.0
2013-12-05,207.85,209.0,205.5,208.0,207.5132090585938,59921.0,687.0,12434399.0,31141.0,51.97,3.5,0.15,1386201600.0
2013-12-04,206.0,207.9,205.1,207.75,207.37135157545603,48240.0,595.0,10003594.0,20330.0,42.14,2.8,1.75,1386115200.0
2013-12-03,205.05,208.5,205.05,208.5,207.930954686655,79513.0,860.0,16533214.0,48405.0,60.88,3.45,3.45,1386028800.0
2013-12-02,208.0,208.5,205.0,208.2,207.98836613858217,62490.0,640.0,12997193.0,39505.0,63.22,3.5,0.2,1385942400.0
2013-11-29,205.5,207.95,205.0,205.0,207.71077625570777,32850.0,284.0,6823299.0,20350.0,61.95,2.95,-0.5,1385683200.0
2013-11-28,208.25,210.0,205.2,208.5,208.284094526754,40835.0,207.0,8505281.0,30600.0,74.94,4.8,0.25,1385596800.0
2013-11-27,206.0,208.25,206.0,208.2,208.08452531378992,59355.0,276.0,12350857.0,41520.0,69.95,2.25,2.2,1385510400.0
2013-11-26,208.0,208.5,206.05,206.05,208.29732186019527,51715.0,256.0,10772096.0,33695.0,65.16,2.45,-1.95,1385424000.0
2013-11-25,207.85,209.95,206.05,209.95,208.1355603515686,31971.0,314.0,6654302.0,20500.0,64.12,3.9,2.1,1385337600.0
2013-11-22,205.0,207.15,205.0,206.8,206.4125291689104,27855.0,411.0,5749621.0,15280.0,54.86,2.15,1.8,1385078400.0
2013-11-21,206.0,208.0,200.0,207.8,207.3925117672229,46740.0,441.0,9693526.0,37660.0,80.57,8.0,1.8,1384992000.0
2013-11-20,205.0,206.0,200.5,205.5,205.1430473654176,26285.0,310.0,5392185.0,18250.0,69.43,5.5,0.5,1384905600.0
2013-11-19,205.0,205.0,204.25,205.0,204.69803536345776,25450.0,220.0,5209565.0,16750.0,65.82,0.75,0.0,1384819200.0
2013-11-18,205.0,205.0,201.25,204.9,204.46661237785017,30700.0,218.0,6277125.0,18700.0,60.91,3.75,-0.1,1384732800.0
2013-11-14,204.0,205.1,203.0,205.0,204.56547786202376,53415.0,274.0,10926865.0,37015.0,69.3,2.1,1.0,1384387200.0
2013-11-13,203.0,205.0,203.0,204.0,203.44249492900607,49300.0,233.0,10029715.0,36550.0,74.14,2.0,1.0,1384300800.0
2013-11-12,202.75,203.0,202.0,203.0,202.79723893805308,28250.0,188.0,5729022.0,22700.0,80.35,1.0,0.25,1384214400.0
2013-11-11,203.0,203.0,202.6,203.0,202.821360577052,37293.0,196.0,7563817.0,30063.0,80.61,0.4,0.0,1384128000.0
2013-11-08,203.0,203.0,200.05,203.0,202.678390461997,40260.0,161.0,8159832.0,37000.0,91.9,2.95,0.0,1383868800.0
2013-11-07,203.0,203.0,200.0,200.7,201.8595950515817,23361.0,192.0,4715642.0,16468.0,70.49,3.0,-2.3,1383782400.0
2013-11-06,200.0,201.0,198.1,200.75,200.39975515585272,21238.0,102.0,4256090.0,15812.0,74.45,2.9,0.75,1383696000.0
2013-11-05,203.0,203.0,198.0,200.05,202.39650087973632,40353.0,192.0,8167306.0,26678.0,66.11,5.0,-2.95,1383609600.0
2013-11-03,202.0,214.0,202.0,202.8,202.80561597785248,5057.0,38.0,1025588.0,5046.0,99.78,12.0,0.8,1383436800.0
2013-11-01,202.5,202.6,200.0,202.5,202.3182939213696,34465.0,269.0,6972900.0,22855.0,66.31,2.6,0.0,1383264000.0
2013-10-31,202.75,203.0,200.0,202.15,202.8110661563696,45725.0,257.0,9273536.0,29600.0,64.73,3.0,-0.6,1383177600.0
2013-10-30,203.0,203.0,202.15,203.0,202.70923292777417,47753.0,206.0,9679974.0,32801.0,68.69,0.85,0.0,1383091200.0
2013-10-29,200.0,202.25,199.95,202.25,201.35348148148148,37125.0,179.0,7475248.0,34425.0,92.73,2.3,2.25,1383004800.0
2013-10-28,218.05,218.05,198.0,199.95,199.8590701035895,8302.0,194.0,1659230.0,5737.0,69.1,20.05,-18.1,1382918400.0
2013-10-25,200.0,200.0,198.0,199.9,199.719941016334,17632.0,103.0,3521462.0,16089.0,91.25,2.0,-0.1,1382659200.0
2013-10-24,198.0,199.9,198.0,199.35,198.95188509874328,8355.0,146.0,1662243.0,7652.0,91.59,1.9,1.35,1382572800.0
2013-10-23,200.0,202.0,198.0,200.4,200.00988912196584,20022.0,153.0,4004598.0,18122.0,90.51,4.0,0.4,1382486400.0
2013-10-22,200.0,200.5,195.5,199.95,199.8343875235382,20711.0,223.0,4138770.0,14680.0,70.88,5.0,-0.05,1382400000.0
2013-10-21,199.8,201.0,194.0,200.0,199.4290526014046,13954.0,204.0,2782833.0,13073.0,93.69,7.0,0.2,1382313600.0
2013-10-18,168.0,195.0,168.0,190.8,174.8917969996808,3133.0,73.0,547936.0,3131.0,99.94,27.0,22.8,1382054400.0
2013-10-17,167.05,173.0,167.05,168.65,169.91826309067687,1566.0,43.0,266092.0,1464.0,93.49,5.95,1.6,1381968000.0
2013-10-15,165.25,173.25,165.25,168.05,166.02202785876256,21609.0,90.0,3587570.0,20635.0,95.49,8.0,2.8,1381795200.0
2013-10-14,164.75,169.9,164.75,164.8,164.7784090909091,352.0,16.0,58002.0,351.0,99.72,5.15,0.05,1381708800.0
2013-10-11,162.5,169.25,162.0,164.9,164.31779310344828,3625.0,86.0,595652.0,1650.0,45.52,7.25,2.4,1381449600.0
2013-10-10,162.5,163.0,162.0,162.0,162.4781451612903,24800.0,158.0,4029458.0,22300.0,89.92,1.0,-0.5,1381363200.0
2013-10-09,162.5,162.5,160.0,160.15,162.40201005025125,26268.0,45.0,4265976.0,25768.0,98.1,2.5,-2.35,1381276800.0
2013-10-08,162.5,162.5,161.05,162.5,162.472544,31250.0,444.0,5077267.0,29400.0,94.08,1.45,0.0,1381190400.0
2013-10-07,162.0,162.5,162.0,162.5,162.4827160935154,55948.0,277.0,9090583.0,54049.0,96.61,0.5,0.5,1381104000.0
2013-10-04,162.0,162.75,161.55,162.1,162.17158469945355,49410.0,421.0,8012898.0,49110.0,99.39,1.2,0.1,1380844800.0
2013-10-03,162.0,162.05,160.05,162.0,161.98826335877862,52400.0,274.0,8488185.0,50500.0,96.37,2.0,0.0,1380758400.0
2013-10-01,162.0,162.5,161.0,161.25,161.1120503243562,50870.0,391.0,8195770.0,48350.0,95.05,1.5,-0.75,1380585600.0
2013-09-30,160.0,164.0,160.0,162.45,162.01936067551267,33160.0,304.0,5372562.0,20710.0,62.45,4.0,2.45,1380499200.0
2013-09-27,165.0,165.0,161.0,163.1,162.09378646441073,41136.0,502.0,6667890.0,28924.0,70.31,4.0,-1.9,1380240000.0
2013-09-26,161.75,163.0,161.75,163.0,161.8865727200213,37610.0,382.0,6088554.0,31612.0,84.05,1.25,1.25,1380153600.0
2013-09-25,161.75,165.25,161.0,162.0,162.1978600045601,61402.0,709.0,9959273.0,46297.0,75.4,4.25,0.25,1380067200.0
2013-09-24,161.0,165.0,161.0,162.0,161.47565534320827,42802.0,385.0,6911481.0,41839.0,97.75,4.0,1.0,1379980800.0
2013-09-23,161.5,162.0,161.5,161.8,161.88985507246375,1725.0,36.0,279260.0,1725.0,100.0,0.5,0.3,1379894400.0
2013-09-20,161.0,161.0,158.0,160.3,160.36350777934936,1414.0,29.0,226754.0,1414.0,100.0,3.0,-0.7,1379635200.0
2013-09-19,161.0,161.25,158.0,161.0,161.07097174020825,40340.0,383.0,6497603.0,31245.0,77.45,3.25,0.0,1379548800.0
2013-09-18,167.9,167.9,159.0,161.0,160.97915934645115,45536.0,351.0,7330347.0,35838.0,78.7,8.9,-6.9,1379462400.0
2013-09-17,160.5,165.0,159.0,161.0,160.9879185451598,39482.0,368.0,6356125.0,37975.0,96.18,6.0,0.5,1379376000.0
2013-09-16,160.75,169.5,155.15,159.2,160.74833568133477,72402.0,498.0,11638501.0,65980.0,91.13,14.35,-1.55,1379289600.0
2013-09-13,160.5,160.9,160.5,160.5,160.53134929700315,48151.0,260.0,7729745.0,45551.0,94.6,0.4,0.0,1379030400.0
2013-09-12,160.0,167.95,159.0,160.05,160.34501746775933,76999.0,491.0,12346406.0,63130.0,81.99,8.95,0.05,1378944000.0
2013-09-11,158.0,165.25,158.0,158.9,159.94707920464325,45313.0,423.0,7247682.0,38405.0,84.75,7.25,0.9,1378857600.0
2013-09-10,160.0,160.25,159.1,160.0,159.95607551487413,87400.0,562.0,13980161.0,74300.0,85.01,1.15,0.0,1378771200.0
2013-09-06,164.95,165.95,152.0,157.45,157.91357504215853,16604.0,261.0,2621997.0,13010.0,78.35,13.95,-7.5,1378425600.0
2013-09-05,138.9,152.8,136.0,151.25,141.93872177151383,79751.0,372.0,11319755.0,63191.0,79.24,16.8,12.35,1378339200.0
2013-09-04,138.0,140.95,134.95,139.0,136.24879795544132,69257.0,289.0,9436183.0,61080.0,88.19,6.0,1.0,1378252800.0
2013-09-03,137.5,145.35,137.5,140.0,139.94835069444443,23040.0,254.0,3224410.0,12190.0,52.91,7.85,2.5,1378166400.0
2013-09-02,145.9,145.9,130.15,137.7,136.63025210084032,23562.0,404.0,3219282.0,12034.0,51.07,15.75,-8.2,1378080000.0
2013-08-30,130.0,137.0,130.0,134.45,133.92246598616524,74161.0,496.0,9931824.0,36151.0,48.75,7.0,4.45,1377820800.0
2013-08-29,126.0,126.0,120.15,125.75,125.2024193548387,11160.0,121.0,1397259.0,8010.0,71.77,5.85,-0.25,1377734400.0
2013-08-28,125.0,125.0,115.0,115.0,119.6010152284264,985.0,40.0,117807.0,550.0,55.84,10.0,-10.0,1377648000.0
2013-08-27,119.5,125.0,119.5,125.0,122.35537190082644,6050.0,52.0,740250.0,3050.0,50.41,5.5,5.5,1377561600.0
2013-08-26,110.0,120.05,109.95,119.9,118.29512162789156,60348.0,558.0,7138874.0,50920.0,84.38,10.1,9.9,1377475200.0
2013-08-23,110.0,110.0,107.35,109.15,109.8207324161984,25805.0,147.0,2833924.0,20875.0,80.9,2.65,-0.85,1377216000.0
2013-08-22,109.95,110.0,109.0,110.0,109.91660024635895,13801.0,50.0,1516959.0,12061.0,87.39,1.0,0.05,1377129600.0
2013-08-21,109.95,110.0,105.4,110.0,109.21948341418644,7627.0,89.0,833017.0,1559.0,20.44,4.6,0.05,1377043200.0
2013-08-20,110.0,110.0,106.25,109.8,109.46303538175046,53700.0,117.0,5878165.0,47800.0,89.01,3.75,-0.2,1376956800.0
2013-08-19,110.0,110.0,109.0,109.4,109.3797628458498,56925.0,413.0,6226443.0,55350.0,97.23,1.0,-0.6,1376870400.0
2013-08-16,110.0,110.3,105.35,108.6,110.11513315260724,12542.0,73.0,1381064.0,7070.0,56.37,4.95,-1.4,1376611200.0
2013-08-14,110.0,110.0,109.0,109.15,109.55734649122807,45600.0,299.0,4995815.0,41700.0,91.45,1.0,-0.85,1376438400.0
2013-08-13,109.75,110.0,104.95,110.0,108.64491112359346,55189.0,353.0,5996004.0,40025.0,72.52,5.05,0.25,1376352000.0
2013-08-12,110.0,110.5,109.0,109.8,110.02479141835518,41950.0,227.0,4615540.0,35800.0,85.34,1.5,-0.2,1376265600.0
2013-08-08,106.05,110.0,101.65,107.75,108.21144997062854,40856.0,256.0,4421087.0,18171.0,44.48,8.35,1.7,1375920000.0
2013-08-07,102.05,111.25,102.05,110.0,110.24024640657083,41395.0,370.0,4563395.0,38095.0,92.03,9.2,7.95,1375833600.0
2013-08-06,111.0,120.75,110.0,110.0,111.60765379113018,13980.0,47.0,1560275.0,11500.0,82.26,10.75,-1.0,1375747200.0
2013-08-05,115.0,115.0,110.9,111.1,111.35700039888312,60168.0,355.0,6700128.0,50020.0,83.13,4.1,-3.9,1375660800.0
2013-08-02,112.0,117.0,108.0,110.9,111.026370538969,56237.0,521.0,6243790.0,42505.0,75.58,9.0,-1.1,1375401600.0
2013-08-01,120.0,120.0,111.0,111.4,112.0140926085706,52155.0,263.0,5842095.0,44350.0,85.03,9.0,-8.6,1375315200.0
2013-07-31,120.0,121.0,111.2,120.05,120.08710900138156,28229.0,204.0,3389939.0,22739.0,80.55,9.8,0.05,1375228800.0
2013-07-30,120.25,127.0,120.0,120.55,120.25485991995424,27984.0,376.0,3365212.0,21450.0,76.65,7.0,0.3,1375142400.0
2013-07-29,123.0,126.0,117.5,119.85,121.39018087855295,774.0,35.0,93956.0,696.0,89.92,8.5,-3.15,1375056000.0
2013-07-26,115.0,129.8,115.0,122.95,123.19694847792437,13567.0,159.0,1671413.0,8007.0,59.02,14.8,7.95,1374796800.0
2013-07-25,122.0,123.5,118.05,120.75,122.2156043190526,28710.0,227.0,3508810.0,21180.0,73.77,5.45,-1.25,1374710400.0
2013-07-24,117.25,123.0,117.25,121.15,120.27156452688368,16497.0,277.0,1984120.0,8600.0,52.13,5.75,3.9,1374624000.0
2013-07-23,116.25,127.4,116.0,117.7,118.47187655550024,26117.0,244.0,3094130.0,20850.0,79.83,11.4,1.45,1374537600.0
2013-07-22,116.1,117.0,115.5,115.85,116.08607828899596,30298.0,347.0,3517176.0,24000.0,79.21,1.5,-0.25,1374451200.0
2013-07-19,134.8,134.8,116.0,117.85,121.48882194855436,33861.0,525.0,4113733.0,18689.0,55.19,18.8,-16.95,1374192000.0
2013-07-18,121.0,127.0,115.05,124.95,125.37479938224872,33023.0,331.0,4140252.0,21425.0,64.88,11.95,3.95,1374105600.0
2013-07-17,117.45,120.5,112.1,119.8,119.28107838242636,2003.0,62.0,238920.0,1200.0,59.91,8.4,2.35,1374019200.0
2013-07-16,108.0,113.85,108.0,112.15,109.11269035532996,1970.0,55.0,214952.0,1235.0,62.69,5.85,4.15,1373932800.0
2013-07-15,100.0,117.5,100.0,109.0,108.793202267965,32452.0,164.0,3530557.0,30255.0,93.23,17.5,9.0,1373846400.0
2013-07-12,115.6,118.5,106.05,110.25,114.87152177889794,49199.0,515.0,5651564.0,45287.0,92.05,12.45,-5.35,1373587200.0
2013-07-11,105.0,120.8,105.0,117.45,117.23153190895124,7161.0,191.0,839495.0,5985.0,83.58,15.8,12.45,1373500800.0
2013-07-10,118.0,125.4,115.0,116.0,117.7742494226328,29444.0,536.0,3467745.0,27239.0,92.51,10.4,-2.0,1373414400.0
2013-07-09,122.0,122.0,110.0,117.3,112.39966555183946,13754.0,238.0,1545945.0,13074.0,95.06,12.0,-4.7,1373328000.0
2013-07-08,112.8,114.0,101.2,113.75,109.80070106561972,35660.0,260.0,3915493.0,33650.0,94.36,12.8,0.95,1373241600.0
2013-07-05,102.9,103.65,100.0,103.65,103.3947194719472,4545.0,40.0,469929.0,4264.0,93.82,3.65,0.75,1372982400.0
2013-07-04,90.0,95.25,90.0,94.25,94.08315117600768,34311.0,131.0,3228087.0,33711.0,98.25,5.25,4.25,1372896000.0
2013-07-03,90.0,92.75,90.0,90.75,90.37151285930408,66100.0,419.0,5973557.0,65500.0,99.09,2.75,0.75,1372809600.0
2013-07-02,93.5,93.9,90.25,90.25,90.256687535572,80822.0,321.0,7294726.0,80711.0,99.86,3.65,-3.25,1372723200.0
2013-07-01,92.15,93.45,88.0,89.9,90.03138876129229,65310.0,494.0,5879950.0,63950.0,97.92,5.45,-2.25,1372636800.0
2013-06-28,89.9,90.15,86.0,90.15,89.30414836505612,20490.0,212.0,1829842.0,16350.0,79.8,4.15,0.25,1372377600.0
2013-06-27,79.0,85.9,79.0,85.9,84.42,600.0,7.0,50652.0,600.0,100.0,6.9,6.9,1372291200.0
2013-06-26,83.45,83.45,82.0,82.0,82.05128617363344,6220.0,15.0,510359.0,6220.0,100.0,1.45,-1.45,1372204800.0
2013-06-25,79.25,79.8,72.55,79.5,79.49885844748857,43800.0,257.0,3482050.0,43090.0,98.38,7.25,0.25,1372118400.0
2013-06-24,79.25,79.55,76.0,76.0,76.60160466812546,27420.0,104.0,2100416.0,23055.0,84.08,3.55,-3.25,1372032000.0
2013-06-21,79.35,79.35,75.0,76.0,76.02802790107799,31540.0,109.0,2397924.0,30040.0,95.24,4.35,-3.35,1371772800.0
2013-06-20,79.8,79.8,75.5,76.0,75.90152474266526,54501.0,249.0,4136709.0,54501.0,100.0,4.3,-3.8,1371686400.0
2013-06-19,76.0,76.0,76.0,76.0,76.0,9500.0,40.0,722000.0,9500.0,100.0,0.0,0.0,1371600000.0
2013-06-18,75.1,76.0,75.0,76.0,75.43341463414633,41000.0,91.0,3092770.0,41000.0,100.0,1.0,0.9,1371513600.0
2013-06-17,75.0,75.0,75.0,75.0,75.0,300.0,6.0,22500.0,300.0,100.0,0.0,0.0,1371427200.0
2013-06-14,75.5,75.75,75.5,75.75,75.66379310344827,14500.0,34.0,1097125.0,14500.0,100.0,0.25,0.25,1371168000.0
2013-06-13,75.25,75.5,75.25,75.25,75.25301204819277,41500.0,35.0,3123000.0,41500.0,100.0,0.25,0.0,1371081600.0
2013-06-12,79.8,79.8,75.95,76.0,76.3155253837072,6776.0,33.0,517114.0,6776.0,100.0,3.85,-3.8,1370995200.0
2013-06-11,77.0,78.75,75.95,76.0,76.10762331838565,13380.0,49.0,1018320.0,13380.0,100.0,2.8,-1.0,1370908800.0
2013-06-10,77.95,77.95,77.45,77.65,77.86461538461538,650.0,3.0,50612.0,650.0,100.0,0.5,-0.3,1370822400.0
2013-06-07,75.25,75.25,75.25,75.25,75.24857142857142,350.0,4.0,26337.0,350.0,100.0,0.0,0.0,1370563200.0
2013-06-06,75.2,78.85,75.05,75.05,75.12602715413966,112690.0,129.0,8465952.0,112690.0,100.0,3.8,-0.15,1370476800.0
2013-06-05,75.15,75.15,75.1,75.1,75.12107843137257,51000.0,49.0,3831175.0,51000.0,100.0,0.05,-0.05,1370390400.0
2013-06-04,75.25,78.25,75.1,75.25,75.16924297043981,69350.0,73.0,5212987.0,69350.0,100.0,3.15,0.0,1370304000.0
2013-06-03,75.95,75.95,75.25,75.25,75.26770630279401,15390.0,24.0,1158370.0,15390.0,100.0,0.7,-0.7,1370217600.0
2013-05-31,71.35,75.25,71.35,75.25,75.09198312236288,4740.0,11.0,355936.0,4740.0,100.0,3.9,3.9,1369958400.0
2013-05-30,77.55,77.6,75.0,75.1,75.12849354897328,220120.0,112.0,16537284.0,220120.0,100.0,2.6,-2.45,1369872000.0
2013-05-29,75.0,77.9,75.0,75.1,75.06587817859254,84550.0,86.0,6346820.0,84550.0,100.0,2.9,0.1,1369785600.0
2013-05-28,75.0,75.25,74.5,75.0,75.00364659496881,108046.0,221.0,8103844.0,108046.0,100.0,0.75,0.0,1369699200.0
2013-05-27,75.0,75.95,75.0,75.0,75.00395978344935,32325.0,68.0,2424503.0,32325.0,100.0,0.95,0.0,1369612800.0
2013-05-24,77.95,77.95,77.95,77.95,77.95,120.0,2.0,9354.0,120.0,100.0,0.0,0.0,1369353600.0
2013-05-23,75.0,75.05,75.0,75.0,75.02333333333333,300.0,3.0,22507.0,300.0,100.0,0.05,0.0,1369267200.0
2013-05-22,78.9,78.9,75.2,75.2,75.25164581961818,170128.0,90.0,12802412.0,170128.0,100.0,3.7,-3.7,1369180800.0
2013-05-21,75.0,78.0,75.0,75.15,77.76688703650474,3479.0,16.0,270551.0,3479.0,100.0,3.0,0.15,1369094400.0
2013-05-20,75.0,75.0,74.5,74.5,74.50724637681158,13800.0,21.0,1028200.0,13800.0,100.0,0.5,-0.5,1369008000.0
2013-05-17,75.55,75.6,75.5,75.5,75.50124641655242,160460.0,232.0,12114930.0,160460.0,100.0,0.1,-0.05,1368748800.0
2013-05-16,74.25,76.95,74.25,75.25,74.58532839962997,54050.0,51.0,4031337.0,54050.0,100.0,2.7,1.0,1368662400.0
2013-05-15,74.0,78.5,74.0,74.25,74.5433202472111,25727.0,40.0,1917776.0,25727.0,100.0,4.5,0.25,1368576000.0
2013-05-14,74.0,75.0,74.0,75.0,74.10067011212332,228320.0,275.0,16918665.0,228320.0,100.0,1.0,1.0,1368489600.0
2013-05-13,77.95,77.95,74.5,77.0,76.34942528735633,435.0,6.0,33212.0,435.0,100.0,3.45,-0.95,1368403200.0
2013-05-11,74.25,74.25,74.25,74.25,74.25,100.0,1.0,7425.0,100.0,100.0,0.0,0.0,1368230400.0
2013-05-10,74.9,74.9,74.25,74.35,74.35162581122432,59478.0,149.0,4422286.0,59478.0,100.0,0.65,-0.55,1368144000.0
2013-05-09,74.0,74.1,73.35,73.35,74.00257940126626,38381.0,166.0,2840293.0,38381.0,100.0,0.75,-0.65,1368057600.0
2013-05-08,73.55,76.95,73.55,74.0,74.02371951786323,129092.0,110.0,9555870.0,129092.0,100.0,3.4,0.45,1367971200.0
2013-05-07,73.5,75.0,73.5,73.55,73.5227980610561,193920.0,462.0,14257541.0,193920.0,100.0,1.5,0.05,1367884800.0
2013-05-06,80.65,80.65,73.05,74.05,74.06911558259243,21370.0,98.0,1582857.0,21370.0,100.0,7.6,-6.6,1367798400.0
2013-05-03,78.25,78.25,71.5,76.85,71.66085742888251,273702.0,325.0,19613720.0,273702.0,100.0,6.75,-1.4,1367539200.0
2013-05-02,74.55,74.55,74.55,74.55,74.55,140.0,2.0,10437.0,140.0,100.0,0.0,0.0,1367452800.0
2013-04-30,73.85,73.85,71.0,71.0,71.33589349718382,13671.0,26.0,975233.0,13671.0,100.0,2.85,-2.85,1367280000.0
2013-04-29,68.0,70.35,68.0,70.35,68.73236889692586,553.0,11.0,38009.0,553.0,100.0,2.35,2.35,1367193600.0
2013-04-26,65.0,67.0,64.25,67.0,64.34082808759642,112790.0,219.0,7257002.0,112790.0,100.0,2.75,2.0,1366934400.0
2013-04-25,64.0,65.0,64.0,64.2,64.12990907792641,42014.0,119.0,2694354.0,42014.0,100.0,1.0,0.2,1366848000.0
2013-04-23,64.0,64.0,63.6,63.6,63.65853658536584,2460.0,25.0,156600.0,2460.0,100.0,0.4,-0.4,1366675200.0
2013-04-22,61.0,63.0,60.25,62.9,60.39015151515152,19800.0,78.0,1195725.0,19800.0,100.0,2.75,1.9,1366588800.0
2013-04-18,60.5,60.5,60.25,60.25,60.25189372526851,17690.0,71.0,1065856.0,17690.0,100.0,0.25,-0.25,1366243200.0
2013-04-17,60.5,60.5,59.5,60.0,60.230762838623896,120340.0,294.0,7248170.0,120340.0,100.0,1.0,-0.5,1366156800.0
2013-04-16,60.5,60.5,60.5,60.5,60.5,150.0,2.0,9075.0,150.0,100.0,0.0,0.0,1366070400.0
2013-04-15,60.5,63.0,60.5,60.75,60.61904761904761,1050.0,4.0,63650.0,1050.0,100.0,2.5,0.25,1365984000.0
2013-04-12,60.0,60.0,60.0,60.0,60.0,9400.0,11.0,564000.0,9400.0,100.0,0.0,0.0,1365724800.0
2013-04-11,60.25,60.25,60.25,60.25,60.248,250.0,12.0,15062.0,250.0,100.0,0.0,0.0,1365638400.0
2013-04-10,60.0,60.0,60.0,60.0,60.0,500.0,12.0,30000.0,500.0,100.0,0.0,0.0,1365552000.0
2013-04-09,60.0,60.5,60.0,60.5,60.00515463917526,9700.0,25.0,582050.0,9700.0,100.0,0.5,0.5,1365465600.0
2013-04-08,60.0,60.0,59.9,59.9,59.98130841121496,5350.0,13.0,320900.0,5350.0,100.0,0.1,-0.1,1365379200.0
2013-04-05,60.0,60.0,59.5,60.0,59.99314862219545,13282.0,92.0,796829.0,13282.0,100.0,0.5,0.0,1365120000.0
2013-04-04,60.0,60.0,60.0,60.0,60.0,1000.0,10.0,60000.0,1000.0,100.0,0.0,0.0,1365033600.0
2013-04-03,60.0,60.0,59.5,60.0,59.99731903485255,18650.0,26.0,1118950.0,18650.0,100.0,0.5,0.0,1364947200.0
2013-04-02,60.0,60.0,59.8,60.0,59.828144744399765,17410.0,69.0,1041608.0,17410.0,100.0,0.2,0.0,1364860800.0
2013-04-01,60.0,60.0,59.9,59.9,59.99672134218884,106751.0,199.0,6404710.0,106751.0,100.0,0.1,-0.1,1364774400.0
2013-03-28,60.0,60.0,59.5,59.75,59.75531423290203,21640.0,14.0,1293105.0,21640.0,100.0,0.5,-0.25,1364428800.0
2013-03-26,60.0,60.0,59.75,59.75,59.75003550632013,70410.0,54.0,4207000.0,70410.0,100.0,0.25,-0.25,1364256000.0
2013-03-25,60.0,60.0,59.75,59.75,59.77679285410464,117550.0,93.0,7026762.0,117550.0,100.0,0.25,-0.25,1364169600.0
2013-03-22,60.0,60.0,59.5,59.75,59.75390946502058,38880.0,53.0,2323232.0,38880.0,100.0,0.5,-0.25,1363910400.0
2013-03-21,59.75,59.75,59.6,59.75,59.73753894080997,96300.0,63.0,5752725.0,96300.0,100.0,0.15,0.0,1363824000.0
2013-03-20,59.75,60.0,59.55,60.0,59.878647342995166,144900.0,104.0,8676416.0,144900.0,100.0,0.45,0.25,1363737600.0
2013-03-19,59.5,60.25,59.0,60.0,59.98182692307692,260000.0,298.0,15595275.0,260000.0,100.0,1.25,0.5,1363651200.0
2013-03-18,59.4,59.85,59.0,59.7,59.783523158694,131700.0,458.0,7873490.0,131700.0,100.0,0.85,0.3,1363564800.0
2013-03-15,59.7,59.85,59.4,59.8,59.76959397578101,98270.0,231.0,5873558.0,98270.0,100.0,0.45,0.1,1363305600.0
2013-03-14,59.7,59.8,59.6,59.8,59.79822725853676,237034.0,693.0,14174213.0,237034.0,100.0,0.2,0.1,1363219200.0
2013-03-13,60.5,60.5,59.4,59.95,59.78917050691244,43400.0,267.0,2594850.0,43400.0,100.0,1.1,-0.55,1363132800.0
2013-03-12,60.0,60.0,59.5,60.0,59.7529111969112,129500.0,114.0,7738002.0,129500.0,100.0,0.5,0.0,1363046400.0
2013-03-11,61.0,61.0,59.5,59.6,59.667239254731854,405760.0,206.0,24210579.0,405760.0,100.0,1.5,-1.4,1362960000.0
2013-03-08,60.5,60.5,59.5,59.75,59.75031972454501,111815.0,63.0,6680982.0,111815.0,100.0,1.0,-0.75,1362700800.0
2013-03-07,60.0,60.0,59.5,59.75,59.67950189658615,200360.0,102.0,11957385.0,200360.0,100.0,0.5,-0.25,1362614400.0
2013-03-06,60.5,60.5,59.5,59.5,59.66155896069287,300200.0,166.0,17910400.0,300200.0,100.0,1.0,-1.0,1362528000.0
2013-03-05,60.5,60.5,59.5,60.0,59.67870264064294,174200.0,65.0,10396030.0,174200.0,100.0,1.0,-0.5,1362441600.0
2013-03-04,59.5,60.0,59.5,59.8,59.7970397404704,123300.0,30.0,7372975.0,123300.0,100.0,0.5,0.3,1362355200.0
2013-03-01,59.5,59.75,59.05,59.5,59.480732670140526,158325.0,57.0,9417287.0,158325.0,100.0,0.7,0.0,1362096000.0
2013-02-28,59.0,59.6,59.0,59.55,59.54103606330537,23126.0,20.0,1376946.0,23126.0,100.0,0.6,0.55,1362009600.0
2013-02-27,59.0,59.65,59.0,59.6,59.342477099173415,60369.0,34.0,3582446.0,60369.0,100.0,0.65,0.6,1361923200.0
2013-02-26,59.5,59.5,59.25,59.45,59.49209647495361,26950.0,16.0,1603312.0,26950.0,100.0,0.25,-0.05,1361836800.0
2013-02-25,59.0,59.9,59.0,59.5,59.50336504402389,39524.0,17.0,2351811.0,39524.0,100.0,0.9,0.5,1361750400.0
2013-02-22,60.0,60.0,59.0,59.25,59.251183431952654,67600.0,31.0,4005380.0,67600.0,100.0,1.0,-0.75,1361491200.0
2013-02-21,59.0,59.5,59.0,59.0,59.24686400037797,84662.0,47.0,5015958.0,84662.0,100.0,0.5,0.0,1361404800.0
2013-02-20,59.0,60.0,59.0,60.0,59.0325,5600.0,18.0,330582.0,5600.0,100.0,1.0,1.0,1361318400.0
2013-02-19,58.95,59.0,57.55,58.75,58.86410871302957,1251.0,8.0,73639.0,1251.0,100.0,1.45,-0.2,1361232000.0
2013-02-18,57.0,59.2,57.0,59.0,58.00652528548124,1226.0,9.0,71116.0,1226.0,100.0,2.2,2.0,1361145600.0
2013-02-15,57.95,57.95,56.0,56.5,56.49894861836084,40423.0,35.0,2283857.0,40423.0,100.0,1.95,-1.45,1360886400.0
2013-02-14,56.0,57.0,56.0,57.0,56.8515895239664,121420.0,55.0,6902920.0,121420.0,100.0,1.0,1.0,1360800000.0
2013-02-13,55.5,57.5,55.5,55.65,56.49904797461266,26785.0,22.0,1513327.0,26785.0,100.0,2.0,0.15,1360713600.0
2013-02-12,56.5,58.45,56.5,57.5,57.328084179970965,27560.0,28.0,1579962.0,27560.0,100.0,1.95,1.0,1360627200.0
2013-02-11,55.0,58.95,55.0,56.0,56.0282570763862,41264.0,37.0,2311950.0,41264.0,100.0,3.95,1.0,1360540800.0
2013-02-08,56.0,57.7,55.5,56.25,56.16248496993988,12475.0,32.0,700627.0,12475.0,100.0,2.2,0.25,1360281600.0
2013-02-07,59.55,59.55,55.5,57.0,56.30218529730208,45257.0,25.0,2548068.0,45257.0,100.0,4.05,-2.55,1360195200.0
2013-02-06,57.05,57.1,54.1,57.1,54.85824361986994,18299.0,40.0,1003851.0,18299.0,100.0,3.0,0.05,1360108800.0
2013-02-05,50.6,54.4,50.6,54.4,52.11846644816284,23188.0,19.0,1208523.0,23188.0,100.0,3.8,3.8,1360022400.0
2013-02-04,50.0,51.85,49.0,51.85,50.791935483870965,3100.0,15.0,157455.0,3100.0,100.0,2.85,1.85,1359936000.0
2013-02-01,477.0,494.5,476.0,494.0,490.3798370672097,6874.0,31.0,3370871.0,6874.0,100.0,18.5,17.0,1359676800.0
2013-01-31,476.0,476.0,476.0,476.0,476.0,2566.0,10.0,1221416.0,2566.0,100.0,0.0,0.0,1359590400.0
2013-01-30,475.0,475.0,475.0,475.0,475.0,5200.0,14.0,2470000.0,5200.0,100.0,0.0,0.0,1359504000.0
2013-01-29,473.5,475.0,472.5,473.5,473.49857967561616,10913.0,45.0,5167290.0,10913.0,100.0,2.5,0.0,1359417600.0
2013-01-28,480.0,480.0,472.0,472.0,472.0176170607325,10785.0,28.0,5090710.0,10785.0,100.0,8.0,-8.0,1359331200.0
2013-01-25,471.0,473.0,470.25,473.0,470.31538461538463,6500.0,32.0,3057050.0,6500.0,100.0,2.75,2.0,1359072000.0
2013-01-24,469.0,471.0,469.0,471.0,469.6252252252252,555.0,3.0,260642.0,555.0,100.0,2.0,2.0,1358985600.0
2013-01-23,470.0,470.0,470.0,470.0,470.0,502.0,6.0,235940.0,502.0,100.0,0.0,0.0,1358899200.0
2013-01-22,470.0,470.0,470.0,470.0,470.0,3110.0,20.0,1461700.0,3110.0,100.0,0.0,0.0,1358812800.0
2013-01-21,470.0,470.0,470.0,470.0,470.0,1400.0,12.0,658000.0,1400.0,100.0,0.0,0.0,1358726400.0
2013-01-18,470.0,471.95,469.0,471.95,469.98871119473193,2126.0,15.0,999196.0,2126.0,100.0,2.95,1.95,1358467200.0
2013-01-17,489.95,489.95,470.0,470.0,470.3268852459016,3050.0,14.0,1434497.0,3050.0,100.0,19.95,-19.95,1358380800.0
2013-01-16,475.0,494.95,470.0,470.0,470.0057931149455,23994.0,43.0,11277319.0,23994.0,100.0,24.95,-5.0,1358294400.0
2013-01-15,473.0,486.95,472.5,473.05,473.0398803589232,3009.0,14.0,1423377.0,3009.0,100.0,14.45,0.05,1358208000.0
2013-01-14,470.0,471.95,465.0,471.0,466.9455160744501,2955.0,15.0,1379824.0,2955.0,100.0,6.95,1.0,1358121600.0
2013-01-11,470.0,470.5,470.0,470.0,470.0108225108225,2310.0,11.0,1085725.0,2310.0,100.0,0.5,0.0,1357862400.0
2013-01-10,460.0,460.5,460.0,460.0,460.01132502831257,4415.0,20.0,2030950.0,4415.0,100.0,0.5,0.0,1357776000.0
2013-01-09,440.0,440.0,435.0,440.0,435.0304079110012,4045.0,16.0,1759698.0,4045.0,100.0,5.0,0.0,1357689600.0
2013-01-08,425.0,425.0,425.0,425.0,425.0,7000.0,10.0,2975000.0,7000.0,100.0,0.0,0.0,1357603200.0
2013-01-07,425.0,425.25,424.8,425.0,424.96723910171727,7570.0,30.0,3217002.0,7570.0,100.0,0.45,0.0,1357516800.0
2013-01-04,425.0,425.0,420.0,425.0,424.9751243781095,5025.0,14.0,2135500.0,5025.0,100.0,5.0,0.0,1357257600.0
2013-01-03,425.0,425.0,420.0,425.0,424.9827042390212,28851.0,48.0,12261176.0,28851.0,100.0,5.0,0.0,1357171200.0
2013-01-02,417.9,422.0,417.9,422.0,421.9669690334689,15985.0,30.0,6745142.0,15985.0,100.0,4.1,4.1,1357084800.0
2013-01-01,413.0,418.0,413.0,418.0,417.9707666850524,9065.0,25.0,3788905.0,9065.0,100.0,5.0,5.0,1356998400.0
2012-12-31,413.0,413.0,412.5,412.5,412.54545454545456,1100.0,6.0,453800.0,1100.0,100.0,0.5,-0.5,1356912000.0
2012-12-28,413.0,413.0,410.0,413.0,412.97520661157023,3025.0,8.0,1249250.0,3025.0,100.0,3.0,0.0,1356652800.0
2012-12-27,413.0,413.0,413.0,413.0,413.0,2800.0,6.0,1156400.0,2800.0,100.0,0.0,0.0,1356566400.0
2012-12-26,413.0,413.0,413.0,413.0,413.0,4050.0,8.0,1672650.0,4050.0,100.0,0.0,0.0,1356480000.0
2012-12-24,412.0,413.0,410.0,412.5,412.370705244123,13825.0,27.0,5701025.0,13825.0,100.0,3.0,0.5,1356307200.0
2012-12-21,412.0,413.6,412.0,413.35,412.6116279069768,12900.0,22.0,5322690.0,12900.0,100.0,1.6,1.35,1356048000.0
2012-12-20,410.0,412.75,410.0,412.75,412.4366850828729,4525.0,13.0,1866276.0,4525.0,100.0,2.75,2.75,1355961600.0
2012-12-19,412.0,412.75,410.0,410.0,412.396472392638,6520.0,9.0,2688825.0,6520.0,100.0,2.75,-2.0,1355875200.0
2012-12-18,412.0,412.0,411.5,411.95,411.6942800788954,2535.0,12.0,1043645.0,2535.0,100.0,0.5,-0.05,1355788800.0
2012-12-17,412.0,413.0,412.0,413.0,412.475,6800.0,22.0,2804830.0,6800.0,100.0,1.0,1.0,1355702400.0
2012-12-14,412.0,413.0,411.5,413.0,412.3504247876062,10005.0,38.0,4125566.0,10005.0,100.0,1.5,1.0,1355443200.0
2012-12-13,415.0,415.0,412.25,412.25,412.6272493573265,9725.0,43.0,4012800.0,9725.0,100.0,2.75,-2.75,1355356800.0
2012-12-12,411.0,411.0,410.9,411.0,410.96,5000.0,8.0,2054800.0,5000.0,100.0,0.1,0.0,1355270400.0
2012-12-11,410.0,410.0,410.0,410.0,410.0,50.0,1.0,20500.0,50.0,100.0,0.0,0.0,1355184000.0
2012-12-10,391.45,412.0,391.45,411.0,411.2492307692308,7150.0,24.0,2940432.0,7150.0,100.0,20.55,19.55,1355097600.0
2012-12-07,412.0,412.0,412.0,412.0,412.0,300.0,2.0,123600.0,300.0,100.0,0.0,0.0,1354838400.0
2012-12-06,412.0,412.0,412.0,412.0,412.0,300.0,3.0,123600.0,300.0,100.0,0.0,0.0,1354752000.0
2012-12-05,411.0,411.0,411.0,411.0,411.0,200.0,1.0,82200.0,200.0,100.0,0.0,0.0,1354665600.0
2012-12-04,410.0,415.0,410.0,411.0,410.9980237154151,506.0,5.0,207965.0,506.0,100.0,5.0,1.0,1354579200.0
2012-12-03,423.65,423.65,410.0,410.0,410.1269545793001,5372.0,26.0,2203202.0,5372.0,100.0,13.65,-13.65,1354492800.0
2012-11-30,410.0,410.0,403.5,403.5,404.81818181818176,2200.0,19.0,890600.0,2200.0,100.0,6.5,-6.5,1354233600.0
2012-11-29,410.0,411.5,408.0,411.5,411.49075391180656,7030.0,46.0,2892780.0,7030.0,100.0,3.5,1.5,1354147200.0
2012-11-27,411.0,411.0,410.0,410.0,410.9980735551664,5710.0,12.0,2346799.0,5710.0,100.0,1.0,-1.0,1353974400.0
2012-11-26,410.0,410.0,410.0,410.0,410.0,7000.0,38.0,2870000.0,7000.0,100.0,0.0,0.0,1353888000.0
2012-11-23,410.0,410.0,410.0,410.0,410.0,200.0,1.0,82000.0,200.0,100.0,0.0,0.0,1353628800.0
2012-11-22,411.0,411.0,411.0,411.0,411.0,4600.0,16.0,1890600.0,4600.0,100.0,0.0,0.0,1353542400.0
2012-11-21,410.0,410.0,406.0,410.0,409.7268518518519,4320.0,18.0,1770020.0,4320.0,100.0,4.0,0.0,1353456000.0
2012-11-20,408.0,410.5,408.0,410.0,410.2139800285306,3505.0,15.0,1437800.0,3505.0,100.0,2.5,2.0,1353369600.0
2012-11-19,410.5,410.5,410.0,410.0,410.14166666666665,3000.0,14.0,1230425.0,3000.0,100.0,0.5,-0.5,1353283200.0
2012-11-16,408.0,414.0,407.0,407.25,409.8784848484848,3300.0,27.0,1352599.0,3300.0,100.0,7.0,-0.75,1353024000.0
2012-11-15,410.0,410.0,407.0,407.3,408.5,400.0,6.0,163400.0,400.0,100.0,3.0,-2.7,1352937600.0
2012-11-13,410.0,410.0,409.0,409.0,409.8583690987125,233.0,4.0,95497.0,233.0,100.0,1.0,-1.0,1352764800.0
2012-11-12,410.0,410.0,410.0,410.0,410.0,170.0,3.0,69700.0,170.0,100.0,0.0,0.0,1352678400.0
2012-11-09,410.25,412.0,410.0,411.85,411.71428571428567,9100.0,36.0,3746600.0,9100.0,100.0,2.0,1.6,1352419200.0
2012-11-08,411.0,416.8,410.25,411.8,412.4231617068178,12702.0,41.0,5238599.0,12702.0,100.0,6.55,0.8,1352332800.0
2012-11-07,413.0,419.0,409.0,413.9,413.7538896746818,7070.0,22.0,2925240.0,7070.0,100.0,10.0,0.9,1352246400.0
2012-11-06,410.0,410.0,409.5,410.0,409.71153846153845,5200.0,5.0,2130500.0,5200.0,100.0,0.5,0.0,1352160000.0
2012-11-05,410.0,411.5,410.0,411.5,410.9910714285714,5600.0,13.0,2301550.0,5600.0,100.0,1.5,1.5,1352073600.0
2012-11-02,410.0,418.0,410.0,411.0,411.0673688394277,5032.0,20.0,2068491.0,5032.0,100.0,8.0,1.0,1351814400.0
2012-11-01,410.0,410.0,410.0,410.0,410.0,141.0,2.0,57810.0,141.0,100.0,0.0,0.0,1351728000.0
2012-10-31,410.25,412.0,410.25,412.0,411.16972477064223,5450.0,19.0,2240875.0,5450.0,100.0,1.75,1.75,1351641600.0
2012-10-30,417.75,417.75,411.0,412.0,411.98185762177087,5071.0,18.0,2089160.0,5071.0,100.0,6.75,-5.75,1351555200.0
2012-10-29,409.6,409.6,409.6,409.6,409.6,20.0,1.0,8192.0,20.0,100.0,0.0,0.0,1351468800.0
2012-10-26,410.0,410.0,402.0,409.6,402.10201912858656,6587.0,19.0,2648646.0,6587.0,100.0,8.0,-0.4,1351209600.0
2012-10-25,409.6,409.6,409.6,409.6,409.58333333333326,36.0,1.0,14745.0,36.0,100.0,0.0,0.0,1351123200.0
2012-10-23,401.6,401.6,401.6,401.6,401.6,15.0,3.0,6024.0,15.0,100.0,0.0,0.0,1350950400.0
2012-10-22,393.9,394.0,393.9,394.0,393.9998001998002,5005.0,28.0,1971969.0,5005.0,100.0,0.1,0.1,1350864000.0
2012-10-19,385.0,387.0,379.0,386.45,385.8153947948831,4534.0,43.0,1749287.0,4534.0,100.0,8.0,1.45,1350604800.0
2012-10-18,387.0,387.0,375.0,380.0,376.76141965165954,6086.0,35.0,2292970.0,6086.0,100.0,12.0,-7.0,1350518400.0
2012-10-17,374.0,379.9,374.0,379.9,376.5758928571429,1120.0,8.0,421765.0,1120.0,100.0,5.9,5.9,1350432000.0
2012-10-16,375.85,375.85,375.5,375.55,375.53736611489774,8216.0,43.0,3085415.0,8216.0,100.0,0.35,-0.3,1350345600.0
2012-10-15,368.7,368.7,368.0,368.5,368.4985744832501,2806.0,21.0,1034007.0,2806.0,100.0,0.7,-0.2,1350259200.0
2012-10-12,361.0,362.0,361.0,361.5,361.5,3000.0,5.0,1084500.0,3000.0,100.0,1.0,0.5,1350000000.0
2012-10-11,355.0,357.0,355.0,357.0,356.7300666236836,9306.0,31.0,3319730.0,9306.0,100.0,2.0,2.0,1349913600.0
2012-10-10,350.0,351.8,350.0,350.1,350.09488139825214,8010.0,35.0,2804260.0,8010.0,100.0,1.8,0.1,1349827200.0
2012-10-09,338.0,345.85,338.0,345.0,344.211875,6400.0,83.0,2202956.0,6400.0,100.0,7.85,7.0,1349740800.0
2012-10-08,339.0,339.5,339.0,339.1,339.0424,5000.0,41.0,1695212.0,5000.0,100.0,0.5,0.1,1349654400.0
2012-10-05,333.7,333.7,333.0,333.0,333.07731343283587,3350.0,11.0,1115809.0,3350.0,100.0,0.7,-0.7,1349395200.0
2012-10-04,327.2,327.2,327.2,327.2,327.2,3040.0,11.0,994688.0,3040.0,100.0,0.0,0.0,1349308800.0
2012-10-03,320.8,320.8,320.8,320.8,320.8,3100.0,11.0,994480.0,3100.0,100.0,0.0,0.0,1349222400.0
2012-10-01,314.55,314.55,314.55,314.55,314.5,10.0,1.0,3145.0,10.0,100.0,0.0,0.0,1349049600.0
2012-09-28,308.4,308.4,308.4,308.4,308.4,2520.0,4.0,777168.0,2520.0,100.0,0.0,0.0,1348790400.0
2012-09-27,302.4,302.4,302.4,302.4,302.4,3345.0,14.0,1011528.0,3345.0,100.0,0.0,0.0,1348704000.0
2012-09-26,292.0,296.5,292.0,296.5,293.4866666666666,300.0,8.0,88046.0,300.0,100.0,4.5,4.5,1348617600.0
2012-09-25,290.7,290.7,290.7,290.7,290.69950738916253,1015.0,6.0,295060.0,1015.0,100.0,0.0,0.0,1348531200.0
2012-09-24,285.05,285.05,285.0,285.0,285.00065402223674,3058.0,10.0,871532.0,3058.0,100.0,0.05,-0.05,1348444800.0
2012-09-21,279.6,279.6,279.5,279.5,279.5067036523347,2163.0,11.0,604573.0,2163.0,100.0,0.1,-0.1,1348185600.0
2012-09-20,274.15,274.15,274.15,274.15,274.12,25.0,1.0,6853.0,25.0,100.0,0.0,0.0,1348099200.0
2012-09-18,268.9,268.9,268.8,268.8,268.88244575936886,2535.0,18.0,681617.0,2535.0,100.0,0.1,-0.1,1347926400.0
2012-09-17,263.65,263.65,263.65,263.65,263.64,25.0,1.0,6591.0,25.0,100.0,0.0,0.0,1347840000.0
2012-09-14,258.55,258.55,258.4,258.5,258.49940594059404,7575.0,20.0,1958133.0,7575.0,100.0,0.15,-0.05,1347580800.0
2012-09-13,253.5,253.5,253.5,253.5,253.48,25.0,1.0,6337.0,25.0,100.0,0.0,0.0,1347494400.0
2012-09-12,248.55,248.55,248.55,248.55,248.52,25.0,2.0,6213.0,25.0,100.0,0.0,0.0,1347408000.0
2012-09-11,243.7,243.7,243.7,243.7,243.68,25.0,1.0,6092.0,25.0,100.0,0.0,0.0,1347321600.0
2012-09-10,238.95,238.95,238.95,238.95,238.94,50.0,1.0,11947.0,50.0,100.0,0.0,0.0,1347235200.0
2012-09-08,234.3,234.3,234.3,234.3,234.28,25.0,1.0,5857.0,25.0,100.0,0.0,0.0,1347062400.0
2012-09-07,229.75,229.75,229.75,229.75,229.72,25.0,1.0,5743.0,25.0,100.0,0.0,0.0,1346976000.0
2012-09-06,225.25,225.25,225.25,225.25,225.24,25.0,1.0,5631.0,25.0,100.0,0.0,0.0,1346889600.0
2012-09-05,216.55,220.85,216.55,220.85,216.65886939571152,2052.0,14.0,444584.0,2052.0,100.0,4.3,4.3,1346803200.0
2012-09-04,216.55,216.55,216.55,216.55,216.5496296296296,2025.0,13.0,438513.0,2025.0,100.0,0.0,0.0,1346716800.0
2012-09-03,212.35,212.35,212.35,212.35,212.35,20.0,1.0,4247.0,20.0,100.0,0.0,0.0,1346630400.0
2012-08-31,210.0,210.0,208.0,208.2,208.1902350813743,2765.0,20.0,575646.0,2765.0,100.0,2.0,-1.8,1346371200.0
2012-08-30,206.0,206.1,206.0,206.0,206.0009803921569,10200.0,16.0,2101210.0,10200.0,100.0,0.1,0.0,1346284800.0
2012-08-29,202.45,202.45,202.1,202.1,202.10149253731345,2010.0,11.0,406224.0,2010.0,100.0,0.35,-0.35,1346198400.0
2012-08-28,199.15,199.15,198.0,198.5,198.3575,8800.0,39.0,1745546.0,8800.0,100.0,1.15,-0.65,1346112000.0
2012-08-27,195.25,195.25,195.25,195.25,195.2,10.0,1.0,1952.0,10.0,100.0,0.0,0.0,1346025600.0
2012-08-24,191.5,191.5,191.5,191.5,191.5,10.0,1.0,1915.0,10.0,100.0,0.0,0.0,1345766400.0
2012-08-23,187.75,187.75,187.75,187.75,187.7,10.0,1.0,1877.0,10.0,100.0,0.0,0.0,1345680000.0
2012-08-22,184.1,184.1,184.1,184.1,184.1,10.0,1.0,1841.0,10.0,100.0,0.0,0.0,1345593600.0
2012-08-21,178.25,180.5,178.25,180.5,179.93450704225353,1420.0,15.0,255507.0,1420.0,100.0,2.25,2.25,1345507200.0
2012-08-17,177.1,177.1,172.05,177.0,176.99640179910045,3335.0,20.0,590283.0,3335.0,100.0,5.05,-0.1,1345161600.0
2012-08-16,173.65,173.65,173.65,173.65,173.65,20.0,1.0,3473.0,20.0,100.0,0.0,0.0,1345075200.0
2012-08-14,170.25,170.25,170.25,170.25,170.2,10.0,1.0,1702.0,10.0,100.0,0.0,0.0,1344902400.0
2012-08-13,166.95,166.95,166.95,166.95,166.9,10.0,1.0,1669.0,10.0,100.0,0.0,0.0,1344816000.0
2012-08-10,163.7,163.7,163.7,163.7,163.68,25.0,1.0,4092.0,25.0,100.0,0.0,0.0,1344556800.0
2012-08-09,160.5,160.5,160.5,160.5,160.5,10.0,1.0,1605.0,10.0,100.0,0.0,0.0,1344470400.0
2012-08-08,157.4,157.4,157.4,157.4,157.4,10.0,1.0,1574.0,10.0,100.0,0.0,0.0,1344384000.0
2012-08-07,154.35,154.35,154.35,154.35,154.3,10.0,1.0,1543.0,10.0,100.0,0.0,0.0,1344297600.0
2012-08-06,151.35,151.35,151.35,151.35,151.3,10.0,1.0,1513.0,10.0,100.0,0.0,0.0,1344211200.0
2012-08-03,148.4,148.4,148.4,148.4,148.4,10.0,1.0,1484.0,10.0,100.0,0.0,0.0,1343952000.0
2012-08-02,145.5,145.5,145.5,145.5,145.5,10.0,1.0,1455.0,10.0,100.0,0.0,0.0,1343865600.0
2012-08-01,142.65,142.65,142.65,142.65,142.6,10.0,1.0,1426.0,10.0,100.0,0.0,0.0,1343779200.0
2012-07-31,139.9,139.9,139.9,139.9,139.9,10.0,1.0,1399.0,10.0,100.0,0.0,0.0,1343692800.0
2012-07-30,137.2,137.2,137.2,137.2,137.2,10.0,1.0,1372.0,10.0,100.0,0.0,0.0,1343606400.0
2012-07-27,134.55,134.55,134.55,134.55,134.5,10.0,1.0,1345.0,10.0,100.0,0.0,0.0,1343347200.0
2012-07-26,131.95,131.95,131.95,131.95,131.9,10.0,1.0,1319.0,10.0,100.0,0.0,0.0,1343260800.0
2012-07-25,129.4,129.4,129.4,129.4,129.36363636363637,11.0,2.0,1423.0,11.0,100.0,0.0,0.0,1343174400.0
2012-07-24,126.9,126.9,126.9,126.9,126.9,10.0,1.0,1269.0,10.0,100.0,0.0,0.0,1343088000.0
2012-07-23,124.45,124.45,124.45,124.45,124.4,10.0,1.0,1244.0,10.0,100.0,0.0,0.0,1343001600.0
2012-07-20,122.05,122.05,122.05,122.05,122.0,10.0,1.0,1220.0,10.0,100.0,0.0,0.0,1342742400.0
2012-07-19,119.7,119.7,119.7,119.7,119.7,10.0,1.0,1197.0,10.0,100.0,0.0,0.0,1342656000.0
2012-07-18,117.4,117.4,117.4,117.4,117.4,10.0,1.0,1174.0,10.0,100.0,0.0,0.0,1342569600.0
2012-07-17,115.1,115.1,115.1,115.1,115.1,10.0,1.0,1151.0,10.0,100.0,0.0,0.0,1342483200.0
2012-07-16,112.85,112.85,112.85,112.85,112.8,10.0,1.0,1128.0,10.0,100.0,0.0,0.0,1342396800.0
2012-07-13,110.65,110.65,110.65,110.65,110.6,10.0,1.0,1106.0,10.0,100.0,0.0,0.0,1342137600.0
2012-07-12,108.5,108.5,108.5,108.5,108.5,10.0,1.0,1085.0,10.0,100.0,0.0,0.0,1342051200.0
2012-07-11,106.4,106.4,106.4,106.4,106.4,10.0,1.0,1064.0,10.0,100.0,0.0,0.0,1341964800.0
2012-07-10,104.35,104.35,104.35,104.35,104.3,10.0,1.0,1043.0,10.0,100.0,0.0,0.0,1341878400.0
2012-07-09,102.35,102.35,102.35,102.35,102.34444444444443,90.0,3.0,9211.0,90.0,100.0,0.0,0.0,1341792000.0
2012-07-06,100.35,100.35,100.35,100.35,100.3,10.0,1.0,1003.0,10.0,100.0,0.0,0.0,1341532800.0
2012-07-05,98.4,98.4,98.4,98.4,98.4,10.0,1.0,984.0,10.0,100.0,0.0,0.0,1341446400.0
2012-07-04,96.5,96.5,96.5,96.5,96.5,10.0,1.0,965.0,10.0,100.0,0.0,0.0,1341360000.0
2012-07-03,94.65,94.65,94.65,94.65,94.6,10.0,1.0,946.0,10.0,100.0,0.0,0.0,1341273600.0
2012-07-02,92.8,92.8,92.8,92.8,92.8,10.0,1.0,928.0,10.0,100.0,0.0,0.0,1341187200.0
2012-06-29,91.0,91.0,91.0,91.0,91.0,50.0,1.0,4550.0,50.0,100.0,0.0,0.0,1340928000.0
2012-06-28,89.25,89.25,89.25,89.25,89.24,50.0,1.0,4462.0,50.0,100.0,0.0,0.0,1340841600.0
2012-06-27,87.5,87.5,87.5,87.5,87.5,50.0,1.0,4375.0,50.0,100.0,0.0,0.0,1340755200.0
2012-06-26,85.8,85.8,85.8,85.8,85.8,50.0,1.0,4290.0,50.0,100.0,0.0,0.0,1340668800.0
2012-06-25,84.15,84.15,84.15,84.15,84.14,50.0,1.0,4207.0,50.0,100.0,0.0,0.0,1340582400.0
2012-06-22,82.5,82.5,82.5,82.5,82.5,50.0,1.0,4125.0,50.0,100.0,0.0,0.0,1340323200.0
2012-06-21,80.9,80.9,80.9,80.9,80.9,50.0,1.0,4045.0,50.0,100.0,0.0,0.0,1340236800.0
2012-06-20,79.35,79.35,79.35,79.35,79.34,50.0,1.0,3967.0,50.0,100.0,0.0,0.0,1340150400.0
2012-06-19,77.8,77.8,77.8,77.8,77.8,50.0,1.0,3890.0,50.0,100.0,0.0,0.0,1340064000.0
2012-06-18,76.3,76.3,76.3,76.3,76.3,50.0,1.0,3815.0,50.0,100.0,0.0,0.0,1339977600.0
2012-06-15,74.85,74.85,74.85,74.85,74.85,100.0,2.0,7485.0,100.0,100.0,0.0,0.0,1339718400.0
2012-06-14,73.4,73.4,73.4,73.4,73.4,50.0,1.0,3670.0,50.0,100.0,0.0,0.0,1339632000.0
2012-06-13,72.0,72.0,72.0,72.0,72.0,50.0,1.0,3600.0,50.0,100.0,0.0,0.0,1339545600.0
2012-06-12,70.6,70.6,70.6,70.6,70.6,50.0,1.0,3530.0,50.0,100.0,0.0,0.0,1339459200.0
2012-06-11,69.25,69.25,69.25,69.25,69.24,50.0,1.0,3462.0,50.0,100.0,0.0,0.0,1339372800.0
2012-06-08,67.9,67.9,67.9,67.9,67.9,50.0,1.0,3395.0,50.0,100.0,0.0,0.0,1339113600.0
2012-06-06,66.6,66.6,66.6,66.6,66.6,50.0,1.0,3330.0,50.0,100.0,0.0,0.0,1338940800.0
2012-06-05,65.3,65.3,65.3,65.3,65.3,50.0,1.0,3265.0,50.0,100.0,0.0,0.0,1338854400.0
2012-06-04,64.05,64.05,64.05,64.05,64.04,50.0,1.0,3202.0,50.0,100.0,0.0,0.0,1338768000.0
2012-06-01,62.8,62.8,62.8,62.8,62.8,50.0,1.0,3140.0,50.0,100.0,0.0,0.0,1338508800.0
2012-05-31,61.6,61.6,61.6,61.6,61.6,50.0,1.0,3080.0,50.0,100.0,0.0,0.0,1338422400.0
2012-05-30,60.4,60.4,60.4,60.4,60.4,50.0,1.0,3020.0,50.0,100.0,0.0,0.0,1338336000.0
2012-05-29,59.25,59.25,59.25,59.25,59.24,50.0,1.0,2962.0,50.0,100.0,0.0,0.0,1338249600.0
2012-05-28,56.45,56.45,56.45,56.45,56.44,50.0,1.0,2822.0,50.0,100.0,0.0,0.0,1338163200.0
2012-05-25,53.8,53.8,53.8,53.8,53.8,50.0,1.0,2690.0,50.0,100.0,0.0,0.0,1337904000.0
2012-05-24,51.25,51.25,51.25,51.25,51.24,50.0,1.0,2562.0,50.0,100.0,0.0,0.0,1337817600.0
2012-05-23,48.85,48.85,48.85,48.85,48.84,50.0,1.0,2442.0,50.0,100.0,0.0,0.0,1337731200.0
2012-05-22,46.55,46.55,46.55,46.55,46.54,50.0,1.0,2327.0,50.0,100.0,0.0,0.0,1337644800.0
2012-05-21,44.35,44.35,44.35,44.35,44.34,50.0,1.0,2217.0,50.0,100.0,0.0,0.0,1337558400.0
2012-05-18,42.25,42.25,42.25,42.25,42.24,50.0,1.0,2112.0,50.0,100.0,0.0,0.0,1337299200.0
2012-05-17,40.25,40.25,40.25,40.25,40.24,50.0,1.0,2012.0,50.0,100.0,0.0,0.0,1337212800.0
2012-05-16,38.35,38.35,38.35,38.35,38.34,50.0,1.0,1917.0,50.0,100.0,0.0,0.0,1337126400.0
2012-05-15,36.55,36.55,36.55,36.55,36.54,50.0,1.0,1827.0,50.0,100.0,0.0,0.0,1337040000.0
2012-05-14,34.85,34.85,34.85,34.85,34.84,50.0,1.0,1742.0,50.0,100.0,0.0,0.0,1336953600.0
2012-05-11,33.2,33.2,33.2,33.2,33.2,50.0,1.0,1660.0,50.0,100.0,0.0,0.0,1336694400.0
2012-05-10,31.65,31.65,31.65,31.65,31.64,50.0,1.0,1582.0,50.0,100.0,0.0,0.0,1336608000.0
2012-05-09,30.15,30.15,30.15,30.15,30.14,50.0,1.0,1507.0,50.0,100.0,0.0,0.0,1336521600.0
2012-05-08,28.75,28.75,28.75,28.75,28.74,50.0,1.0,1437.0,50.0,100.0,0.0,0.0,1336435200.0
2012-05-07,27.4,27.4,27.4,27.4,27.4,50.0,1.0,1370.0,50.0,100.0,0.0,0.0,1336348800.0
2012-05-04,26.9,26.9,26.9,26.9,26.9,50.0,1.0,1345.0,50.0,100.0,0.0,0.0,1336089600.0
2012-05-03,26.4,26.4,26.4,26.4,26.4,50.0,1.0,1320.0,50.0,100.0,0.0,0.0,1336003200.0
2012-05-02,25.9,25.9,25.9,25.9,25.9,50.0,1.0,1295.0,50.0,100.0,0.0,0.0,1335916800.0
2012-04-30,25.4,25.4,25.4,25.4,25.4,50.0,1.0,1270.0,50.0,100.0,0.0,0.0,1335744000.0
2012-04-28,24.95,24.95,24.95,24.95,24.94,50.0,1.0,1247.0,50.0,100.0,0.0,0.0,1335571200.0
2012-04-27,24.5,24.5,24.5,24.5,24.5,50.0,1.0,1225.0,50.0,100.0,0.0,0.0,1335484800.0
2012-04-26,24.05,24.05,24.05,24.05,24.04,50.0,1.0,1202.0,50.0,100.0,0.0,0.0,1335398400.0
2012-04-25,23.6,23.6,23.6,23.6,23.6,50.0,1.0,1180.0,50.0,100.0,0.0,0.0,1335312000.0
2012-04-24,23.15,23.15,23.15,23.15,23.14,50.0,1.0,1157.0,50.0,100.0,0.0,0.0,1335225600.0
2012-04-23,22.7,22.7,22.7,22.7,22.7,50.0,1.0,1135.0,50.0,100.0,0.0,0.0,1335139200.0
2012-04-20,22.3,22.3,22.3,22.3,22.3,50.0,1.0,1115.0,50.0,100.0,0.0,0.0,1334880000.0
2012-04-19,21.9,21.9,21.9,21.9,21.9,50.0,1.0,1095.0,50.0,100.0,0.0,0.0,1334793600.0
2012-04-17,21.5,21.5,21.5,21.5,21.5,50.0,1.0,1075.0,50.0,100.0,0.0,0.0,1334620800.0
2012-04-16,21.1,21.1,21.1,21.1,21.1,50.0,1.0,1055.0,50.0,100.0,0.0,0.0,1334534400.0
2012-04-12,20.7,20.7,20.7,20.7,20.7,50.0,1.0,1035.0,50.0,100.0,0.0,0.0,1334188800.0
2012-04-10,20.3,20.3,20.3,20.3,20.3,50.0,1.0,1015.0,50.0,100.0,0.0,0.0,1334016000.0
2012-04-09,19.95,19.95,19.95,19.95,19.94,50.0,1.0,997.0,50.0,100.0,0.0,0.0,1333929600.0
2012-04-04,19.6,19.6,19.6,19.6,19.6,50.0,1.0,980.0,50.0,100.0,0.0,0.0,1333497600.0
2012-04-03,19.25,19.25,19.25,19.25,19.24,50.0,1.0,962.0,50.0,100.0,0.0,0.0,1333411200.0
2012-04-02,18.9,18.9,18.9,18.9,18.9,50.0,1.0,945.0,50.0,100.0,0.0,0.0,1333324800.0
2012-03-30,18.55,18.55,18.55,18.55,18.54,50.0,1.0,927.0,50.0,100.0,0.0,0.0,1333065600.0
2012-03-27,18.2,18.2,18.2,18.2,18.2,50.0,1.0,910.0,50.0,100.0,0.0,0.0,1332806400.0
2012-03-14,17.85,17.85,17.85,17.85,17.84,50.0,1.0,892.0,50.0,100.0,0.0,0.0,1331683200.0
2012-03-12,17.5,17.5,17.5,17.5,17.5,50.0,1.0,875.0,50.0,100.0,0.0,0.0,1331510400.0
2012-02-21,17.2,17.2,17.2,17.2,17.2,50.0,1.0,860.0,50.0,100.0,0.0,0.0,1329782400.0
2012-01-24,16.88,16.88,16.88,16.88,16.88,50.0,1.0,844.0,50.0,100.0,0.0,0.0,1327363200.0
2012-01-18,16.55,16.55,16.55,16.55,16.54,50.0,1.0,827.0,50.0,100.0,0.0,0.0,1326844800.0
2012-01-10,16.23,16.23,16.23,16.23,16.22,50.0,1.0,811.0,50.0,100.0,0.0,0.0,1326153600.0
2012-01-09,15.92,15.92,15.92,15.92,15.92,50.0,1.0,796.0,50.0,100.0,0.0,0.0,1326067200.0
2012-01-07,15.61,15.61,15.61,15.61,15.6,50.0,1.0,780.0,50.0,100.0,0.0,0.0,1325894400.0
2012-01-06,15.31,15.31,15.31,15.31,15.3,50.0,1.0,765.0,50.0,100.0,0.0,0.0,1325808000.0
2012-01-05,15.01,15.01,15.01,15.01,15.0,50.0,1.0,750.0,50.0,100.0,0.0,0.0,1325721600.0
2012-01-04,14.72,14.72,14.72,14.72,14.72,50.0,1.0,736.0,50.0,100.0,0.0,0.0,1325635200.0
2012-01-03,14.44,14.44,14.44,14.44,14.44,50.0,1.0,722.0,50.0,100.0,0.0,0.0,1325548800.0
2012-01-02,14.16,14.16,14.16,14.16,14.16,50.0,1.0,708.0,50.0,100.0,0.0,0.0,1325462400.0
2011-12-30,13.89,13.89,13.89,13.89,13.88,50.0,1.0,694.0,50.0,100.0,0.0,0.0,1325203200.0
2011-12-29,13.62,13.62,13.62,13.62,13.62,50.0,1.0,681.0,50.0,100.0,0.0,0.0,1325116800.0
2011-12-28,13.36,13.36,13.36,13.36,13.36,50.0,1.0,668.0,50.0,100.0,0.0,0.0,1325030400.0
2011-12-27,13.1,13.1,13.1,13.1,13.1,50.0,1.0,655.0,50.0,100.0,0.0,0.0,1324944000.0
2011-12-26,12.85,12.85,12.85,12.85,12.84,50.0,1.0,642.0,50.0,100.0,0.0,0.0,1324857600.0
2011-12-23,12.6,12.6,12.6,12.6,12.6,50.0,1.0,630.0,50.0,100.0,0.0,0.0,1324598400.0
2011-12-19,12.36,12.36,12.36,12.36,12.36,50.0,1.0,618.0,50.0,100.0,0.0,0.0,1324252800.0
2011-12-16,12.12,12.12,12.12,12.12,12.12,50.0,1.0,606.0,50.0,100.0,0.0,0.0,1323993600.0
2011-12-15,11.89,11.89,11.89,11.89,11.88,50.0,1.0,594.0,50.0,100.0,0.0,0.0,1323907200.0
2011-12-14,11.66,11.66,11.66,11.66,11.66,50.0,1.0,583.0,50.0,100.0,0.0,0.0,1323820800.0
2011-12-05,11.44,11.44,11.44,11.44,11.44,50.0,1.0,572.0,50.0,100.0,0.0,0.0,1323043200.0
2011-12-01,11.22,11.22,11.22,11.22,11.22,50.0,1.0,561.0,50.0,100.0,0.0,0.0,1322697600.0
2009-10-09,11.0,11.0,11.0,11.0,11.0,50.0,1.0,550.0,50.0,100.0,0.0,0.0,1255046400.0
2008-02-28,10.5,10.5,10.5,10.5,10.5,100.0,2.0,1050.0,100.0,100.0,0.0,0.0,1204156800.0
