Date,Open Price,High Price,Low Price,Close Price,WAP,No.of Shares,No. of Trades,Total Turnover (Rs.),Deliverable Quantity,% Deli. Qty to Traded Qty,Spread High-Low,Spread Close-Open,Unix Date
2022-06-23,350.5,353.9,350.0,353.1,351.3028455284553,6396.0,269.0,2246933.0,4855.0,75.91,3.899999999999977,2.6000000000000227,1655942400.0
2022-06-22,350.5,358.8,347.35,350.55,352.0937702790396,6164.0,592.0,2170306.0,2328.0,37.77,11.449999999999989,0.0500000000000113,1655856000.0
2022-06-21,348.7,359.75,348.7,352.9,354.9968184043074,4086.0,531.0,1450517.0,1568.0,38.37,11.050000000000011,4.199999999999989,1655769600.0
2022-06-20,350.85,350.9,343.05,346.55,347.2921472937001,4508.0,808.0,1565593.0,685.0,15.2,7.849999999999966,-4.300000000000011,1655683200.0
2022-06-17,345.5,356.7,343.4,351.9,352.22159672466734,13678.0,962.0,4817687.0,5882.0,43.0,13.300000000000011,6.399999999999977,1655424000.0
2022-06-16,356.0,357.45,348.55,349.25,351.5636743215032,7664.0,984.0,2694384.0,2818.0,36.77,8.899999999999977,-6.75,1655337600.0
2022-06-15,352.85,358.75,352.45,354.7,355.5031491812129,5557.0,780.0,1975531.0,2165.0,38.96,6.300000000000011,1.849999999999966,1655251200.0
2022-06-14,346.5,355.0,343.9,351.7,349.09458968772697,5508.0,884.0,1922813.0,1208.0,21.93,11.100000000000025,5.199999999999989,1655164800.0
2022-06-13,355.0,355.0,345.0,349.2,349.59617563739374,14120.0,937.0,4936298.0,7079.0,50.13,10.0,-5.800000000000011,1655078400.0
2022-06-10,361.8,362.65,356.6,361.1,360.28368302410263,5767.0,589.0,2077756.0,1341.0,23.25,6.0499999999999545,-0.6999999999999886,1654819200.0
2022-06-09,364.95,368.1,357.3,361.6,361.60650139134833,7906.0,878.0,2858861.0,3227.0,40.82,10.800000000000011,-3.349999999999966,1654732800.0
2022-06-08,364.55,367.3,360.2,366.4,364.7015806513045,5251.0,604.0,1915048.0,1878.0,35.76,7.100000000000023,1.849999999999966,1654646400.0
2022-06-07,366.55,366.55,358.35,364.9,363.7587651598677,4535.0,514.0,1649646.0,1161.0,25.6,8.199999999999989,-1.650000000000034,1654560000.0
2022-06-06,358.85,367.8,350.0,361.2,354.9249939511251,8266.0,886.0,2933810.0,8525.0,99.93,17.80000000000001,2.349999999999966,1654473600.0
2022-06-03,363.85,364.0,358.0,360.05,361.38196686034,9294.0,729.0,3358684.0,4433.0,47.7,6.0,-3.8000000000000114,1654214400.0
2022-06-02,370.0,372.8,358.35,360.3,361.8869686718635,13598.0,961.0,4920939.0,4319.0,31.76,14.449999999999989,-9.699999999999989,1654128000.0
2022-06-01,357.15,368.4,356.85,365.25,362.29713914174255,9228.0,878.0,3343278.0,3183.0,34.49,11.549999999999956,8.100000000000023,1654041600.0
2022-05-31,352.0,360.0,342.5,351.5,355.22349240912115,16533.0,1713.0,5872910.0,4686.0,28.34,17.5,-0.5,1653955200.0
2022-05-30,355.0,361.45,343.5,358.5,354.693452596509,27614.0,1086.0,9794505.0,17172.0,62.19,17.94999999999999,3.5,1653868800.0
2022-05-27,342.8,352.0,338.15,349.45,346.5385125611475,12061.0,1134.0,4179601.0,2047.0,16.97,13.850000000000025,6.649999999999977,1653609600.0
2022-05-26,342.0,347.3,334.0,341.6,340.47981711299803,15310.0,972.0,5212746.0,5248.0,34.28,13.300000000000011,-0.3999999999999772,1653523200.0
2022-05-25,349.1,351.95,335.4,343.7,340.1924443993094,9847.0,701.0,3349875.0,3753.0,38.11,16.55000000000001,-5.400000000000034,1653436800.0
2022-05-24,354.65,357.95,341.25,345.1,346.5653840012773,6263.0,703.0,2170539.0,1277.0,20.39,16.69999999999999,-9.549999999999956,1653350400.0
2022-05-23,365.1,367.5,351.9,353.0,358.7326002587322,7730.0,616.0,2773003.0,2033.0,26.3,15.600000000000025,-12.100000000000025,1653264000.0
2022-05-20,370.8,371.1,361.05,363.8,365.0390091529856,13766.0,856.0,5025127.0,6494.0,47.17,10.050000000000011,-7.0,1653004800.0
2022-05-19,365.9,371.15,357.8,365.65,365.74062414453874,14612.0,890.0,5344202.0,3845.0,26.31,13.349999999999966,-0.25,1652918400.0
2022-05-18,356.65,371.2,346.0,366.95,361.7974160477037,38236.0,2158.0,13833686.0,8361.0,21.87,25.19999999999999,10.300000000000011,1652832000.0
2022-05-17,332.45,352.85,331.15,350.2,341.3479523905588,24785.0,1606.0,8460309.0,7634.0,30.8,21.700000000000045,17.75,1652745600.0
2022-05-16,337.95,337.95,324.4,326.7,329.10781181936983,13774.0,605.0,4533131.0,3500.0,25.41,13.550000000000011,-11.25,1652659200.0
2022-05-13,323.8,334.0,323.8,329.85,330.2839191404116,27455.0,1659.0,9067945.0,646.0,60.04,10.199999999999989,6.050000000000011,1652400000.0
2022-05-12,324.0,331.8,316.0,324.8,324.41371313335014,39670.0,1930.0,12869492.0,8652.0,21.81,15.800000000000011,0.8000000000000114,1652313600.0
2022-05-11,333.75,342.55,315.6,323.95,327.2250621978125,42606.0,2040.0,13941751.0,11181.0,26.24,26.94999999999999,-9.800000000000011,1652227200.0
2022-05-10,340.25,347.45,332.65,335.75,338.82643638395825,37577.0,1965.0,12732081.0,14995.0,39.9,14.800000000000011,-4.5,1652140800.0
2022-05-09,358.0,358.0,337.1,344.85,344.8634970515208,51552.0,2072.0,17778403.0,10902.0,21.15,20.899999999999977,-13.149999999999975,1652054400.0
2022-05-06,360.2,366.25,350.55,359.35,355.8531523255418,88173.0,4372.0,31376640.0,27628.0,31.33,15.699999999999989,-0.8499999999999659,1651795200.0
2022-05-05,392.0,392.7,373.8,376.35,382.1912151276181,35379.0,1498.0,13521543.0,16736.0,47.3,18.899999999999977,-15.649999999999975,1651708800.0
2022-05-04,394.1,399.8,385.7,388.0,392.4490324737744,23927.0,867.0,9390128.0,5936.0,24.81,14.100000000000025,-6.100000000000023,1651622400.0
2022-05-02,407.0,408.0,396.15,400.85,403.6821922863997,27095.0,1174.0,10937769.0,581.0,99.32,11.850000000000025,-6.149999999999977,1651449600.0
2022-04-29,405.85,422.0,403.0,408.55,414.1431641565229,58164.0,2952.0,24088223.0,26150.0,44.96,19.0,2.6999999999999886,1651190400.0
2022-04-28,398.0,411.7,389.9,407.75,403.4711058213428,47051.0,1997.0,18983719.0,24949.0,53.03,21.80000000000001,9.75,1651104000.0
2022-04-27,398.95,403.5,389.25,396.65,396.7392652605112,35795.0,1769.0,14201282.0,8141.0,22.74,14.25,-2.300000000000012,1651017600.0
2022-04-26,381.0,401.1,381.0,398.7,393.9432922468554,23771.0,1143.0,9364426.0,7421.0,31.22,20.100000000000023,17.69999999999999,1650931200.0
2022-04-25,385.2,392.0,377.0,379.55,382.8210415311091,44569.0,2150.0,17061951.0,6076.0,36.71,15.0,-5.649999999999977,1650844800.0
2022-04-22,393.0,399.0,385.3,388.6,392.1543912694288,21167.0,1080.0,8300732.0,5916.0,27.95,13.699999999999989,-4.399999999999977,1650585600.0
2022-04-21,392.0,396.5,380.75,388.85,388.2587463556851,30184.0,1680.0,11719202.0,9611.0,31.84,15.75,-3.1499999999999773,1650499200.0
2022-04-20,388.9,411.0,363.5,391.3,389.7044347030409,93986.0,5476.0,36626761.0,18975.0,20.19,47.5,2.400000000000034,1650412800.0
2022-04-19,409.9,409.9,370.0,380.3,393.1264901192096,49996.0,2972.0,19654752.0,26154.0,52.31,39.89999999999998,-29.59999999999997,1650326400.0
2022-04-18,416.85,416.85,400.75,403.8,405.2854041629421,31324.0,1000.0,12695160.0,8831.0,28.19,16.100000000000023,-13.050000000000011,1650240000.0
2022-04-13,419.0,428.2,412.9,415.2,419.550216667158,33923.0,1434.0,14232402.0,4681.0,13.8,15.300000000000011,-3.8000000000000114,1649808000.0
2022-04-12,413.5,417.95,406.25,415.0,411.9987893371883,668229.0,835.0,275309539.0,653951.0,97.86,11.699999999999989,1.5,1649721600.0
2022-04-11,409.0,418.5,409.0,413.5,413.5146952914834,687329.0,1699.0,284220642.0,666165.0,96.92,9.5,4.5,1649635200.0
2022-04-08,411.0,414.65,407.0,409.25,409.8902989215663,41449.0,1842.0,16989543.0,18850.0,45.48,7.649999999999977,-1.75,1649376000.0
2022-04-07,414.75,416.75,403.25,408.45,408.55164331210193,19625.0,1039.0,8017826.0,5798.0,29.54,13.5,-6.300000000000011,1649289600.0
2022-04-06,409.65,415.85,409.15,414.4,412.3937448218724,9656.0,536.0,3982074.0,4887.0,50.61,6.7000000000000455,4.75,1649203200.0
2022-04-05,415.0,422.95,408.0,409.65,414.4052231542847,43154.0,2113.0,17883243.0,14745.0,34.17,14.949999999999989,-5.350000000000023,1649116800.0
2022-04-04,417.25,421.0,402.0,410.05,412.664972234088,23410.0,1302.0,9660487.0,5603.0,23.93,19.0,-7.199999999999989,1649030400.0
2022-04-01,405.9,417.95,404.45,415.35,413.2822039584032,11924.0,543.0,4927977.0,4903.0,41.12,13.5,9.450000000000044,1648771200.0
2022-03-31,409.3,416.15,401.15,403.6,408.3975123992561,25808.0,1048.0,10539923.0,13993.0,54.22,15.0,-5.699999999999989,1648684800.0
2022-03-30,414.0,424.35,410.05,412.15,417.6527927539357,41733.0,1723.0,17429904.0,16463.0,39.45,14.300000000000011,-1.8500000000000227,1648598400.0
2022-03-29,402.6,414.7,400.4,408.8,405.95215858191176,20986.0,961.0,8519312.0,7262.0,34.6,14.300000000000011,6.199999999999989,1648512000.0
2022-03-28,404.15,408.1,396.05,398.3,402.3040468064359,10255.0,551.0,4125628.0,3592.0,35.03,12.050000000000011,-5.849999999999966,1648425600.0
2022-03-25,409.7,409.7,400.25,402.5,403.93123179890665,19573.0,1050.0,7906146.0,9567.0,48.88,9.449999999999989,-7.199999999999989,1648166400.0
2022-03-24,402.8,408.55,396.85,406.05,403.81386392811294,15580.0,866.0,6291420.0,4607.0,29.57,11.699999999999989,3.25,1648080000.0
2022-03-22,390.4,394.1,388.5,390.1,391.0004215851602,26092.0,1167.0,10201983.0,15422.0,59.11,5.600000000000023,-0.2999999999999545,1647907200.0
2022-03-21,409.0,409.0,390.05,392.6,395.7341353945892,32084.0,1499.0,12696734.0,12786.0,39.85,18.94999999999999,-16.399999999999977,1647820800.0
2022-03-17,394.15,407.45,394.15,401.1,400.97648049396577,17815.0,835.0,7143396.0,7617.0,42.76,13.300000000000011,6.9500000000000455,1647475200.0
2022-03-16,395.0,397.65,390.3,393.4,394.0825910230909,23126.0,615.0,9113554.0,14403.0,62.28,7.349999999999966,-1.6000000000000227,1647388800.0
2022-03-15,387.0,393.0,382.0,389.45,387.5267900206077,45614.0,1700.0,17676647.0,22723.0,49.82,11.0,2.4499999999999886,1647302400.0
2022-03-14,378.5,386.45,377.6,379.25,381.98461590364695,29641.0,1350.0,11322406.0,11782.0,39.75,8.849999999999966,0.75,1647216000.0
2022-03-11,390.0,391.75,376.5,378.1,383.0926539360873,20528.0,979.0,7864126.0,7171.0,34.93,15.25,-11.899999999999975,1646956800.0
2022-03-10,378.2,396.0,378.2,387.15,388.78097046330913,51089.0,1517.0,19862431.0,22956.0,44.93,17.80000000000001,8.949999999999989,1646870400.0
2022-03-09,389.45,389.45,370.5,372.95,377.0418571242001,45942.0,1837.0,17322057.0,23626.0,51.43,18.94999999999999,-16.5,1646784000.0
2022-03-08,393.0,393.0,367.65,376.7,377.9227942266086,33741.0,2056.0,12751493.0,7263.0,21.53,25.350000000000023,-16.30000000000001,1646697600.0
2022-03-07,381.0,395.45,377.4,381.8,387.03505136327306,67558.0,4139.0,26147314.0,18220.0,26.97,18.05000000000001,0.8000000000000114,1646611200.0
2022-03-04,411.0,418.0,384.3,406.55,401.29616916106,80113.0,2285.0,32149040.0,34201.0,42.69,33.69999999999999,-4.449999999999989,1646352000.0
2022-03-03,436.0,436.0,415.0,416.15,425.1443437696241,22294.0,849.0,9478168.0,5642.0,25.31,21.0,-19.850000000000023,1646265600.0
2022-03-02,444.45,453.75,422.75,424.3,434.2250922509225,31707.0,1163.0,13767975.0,16839.0,95.88,31.0,-20.149999999999977,1646179200.0
2022-02-28,444.0,450.2,426.65,447.25,438.7170466883822,18420.0,793.0,8081168.0,,,23.55000000000001,3.25,1646006400.0
2022-02-25,425.45,445.1,425.45,437.85,440.20386162510056,12430.0,532.0,5471734.0,2168.0,17.44,19.65000000000004,12.400000000000034,1645747200.0
2022-02-24,431.25,450.35,420.25,425.45,436.3713672184464,95932.0,4415.0,41861978.0,40104.0,41.8,30.100000000000023,-5.800000000000011,1645660800.0
2022-02-23,462.0,465.15,451.5,454.8,460.7623924174746,9179.0,466.0,4229338.0,3513.0,38.27,13.649999999999975,-7.199999999999989,1645574400.0
2022-02-22,450.0,462.55,447.85,455.15,455.9906757862738,34212.0,1307.0,15600353.0,11166.0,32.64,14.699999999999989,5.149999999999977,1645488000.0
2022-02-21,453.25,469.35,452.55,459.05,461.6767810026385,46238.0,1730.0,21347011.0,15524.0,33.57,16.80000000000001,5.800000000000011,1645401600.0
2022-02-18,459.8,464.45,455.2,457.05,459.6208362863218,7055.0,385.0,3242625.0,2547.0,36.1,9.25,-2.75,1645142400.0
2022-02-17,459.15,466.0,455.0,461.3,457.50732052020464,619833.0,1658.0,283578135.0,559756.0,90.31,11.0,2.150000000000034,1645056000.0
2022-02-16,472.0,473.75,452.6,457.8,463.8767030772845,34056.0,1443.0,15797785.0,11519.0,33.82,21.149999999999977,-14.199999999999989,1644969600.0
2022-02-15,456.9,481.05,456.9,466.15,469.726016677671,40893.0,1521.0,19208506.0,5630.0,13.77,24.15000000000004,9.25,1644883200.0
2022-02-14,469.95,469.95,452.85,459.15,460.88032352250224,29797.0,1001.0,13732851.0,12622.0,42.36,17.099999999999966,-10.800000000000011,1644796800.0
2022-02-11,450.2,480.45,450.2,475.4,475.1878152242894,29939.0,1543.0,14226648.0,13828.0,46.19,30.25,25.19999999999999,1644537600.0
2022-02-10,487.1,496.1,471.25,477.6,487.3918404100575,57748.0,1401.0,28145904.0,10583.0,18.33,24.850000000000023,-9.5,1644451200.0
2022-02-09,476.95,489.8,474.8,485.35,482.0626913187217,57169.0,1850.0,27559042.0,31981.0,55.94,15.0,8.400000000000034,1644364800.0
2022-02-08,485.0,485.0,462.7,469.95,471.7825835591689,55350.0,2250.0,26113166.0,20296.0,36.67,22.30000000000001,-15.050000000000011,1644278400.0
2022-02-07,503.7,505.2,476.55,480.85,488.5174315254852,27565.0,1552.0,13465983.0,8527.0,30.93,28.649999999999977,-22.84999999999997,1644192000.0
2022-02-04,499.85,508.0,491.75,500.2,499.0769077050444,35029.0,1335.0,17482165.0,6603.0,18.85,16.25,0.3499999999999659,1643932800.0
2022-02-03,509.3,510.0,487.25,499.85,500.88852176093576,135587.0,2639.0,67913972.0,70433.0,51.95,22.75,-9.449999999999989,1643846400.0
2022-02-02,478.6,514.9,471.85,509.8,500.7234488546344,265723.0,8259.0,133053737.0,88702.0,33.38,43.04999999999996,31.19999999999999,1643760000.0
2022-02-01,471.05,476.7,461.15,471.8,469.7419773038058,56309.0,2053.0,26450701.0,22928.0,40.72,15.550000000000011,0.75,1643673600.0
2022-01-31,452.5,489.0,452.5,470.2,475.27002569280506,210954.0,7819.0,100260113.0,72226.0,34.24,36.5,17.69999999999999,1643587200.0
2022-01-28,464.0,469.0,441.85,448.1,456.0164027827756,33348.0,2016.0,15207235.0,9347.0,28.03,27.149999999999977,-15.899999999999975,1643328000.0
2022-01-27,445.0,458.0,438.35,455.1,450.0710563221774,57757.0,3063.0,25994754.0,19476.0,33.72,19.649999999999977,10.100000000000025,1643241600.0
2022-01-25,417.4,459.25,417.4,446.3,444.7446818812744,61958.0,4576.0,27555491.0,22598.0,36.47,41.85000000000002,28.90000000000004,1643068800.0
2022-01-24,466.6,475.8,441.55,449.45,461.4685376189334,187605.0,8072.0,86573805.0,1910.0,79.35,34.25,-17.150000000000034,1642982400.0
2022-01-21,453.4,476.9,443.75,461.3,463.850922783868,158542.0,7498.0,73539853.0,33659.0,21.23,33.14999999999998,7.900000000000034,1642723200.0
2022-01-20,441.4,451.6,430.55,443.8,442.7082482519646,48483.0,2591.0,21463824.0,15102.0,31.15,21.05000000000001,2.400000000000034,1642636800.0
2022-01-19,431.35,439.7,425.05,436.05,433.4257285262124,27487.0,1758.0,11913573.0,11265.0,40.98,14.649999999999975,4.699999999999989,1642550400.0
2022-01-18,440.2,444.8,426.6,431.35,435.8409013957338,53162.0,3296.0,23170174.0,29351.0,55.21,18.19999999999999,-8.849999999999966,1642464000.0
2022-01-17,419.0,446.0,419.0,436.95,433.1681017208506,82343.0,4284.0,35668361.0,25819.0,31.36,27.0,17.94999999999999,1642377600.0
2022-01-14,424.0,427.25,417.45,420.55,421.3721956000872,18364.0,1491.0,7738079.0,9580.0,52.17,9.800000000000011,-3.4499999999999886,1642118400.0
2022-01-13,429.0,430.8,422.45,424.85,425.850352112676,6248.0,586.0,2660713.0,3173.0,50.78,8.350000000000023,-4.149999999999977,1642032000.0
2022-01-12,424.0,425.2,420.65,422.0,422.55177347691847,13279.0,1048.0,5611065.0,8921.0,67.18,4.550000000000011,-2.0,1641945600.0
2022-01-11,433.8,433.8,419.0,422.0,426.6156745720119,12734.0,965.0,5432524.0,5374.0,42.2,14.800000000000011,-11.800000000000011,1641859200.0
2022-01-10,430.0,437.65,427.0,433.75,432.3621656161956,34429.0,2132.0,14885797.0,21025.0,61.07,10.649999999999975,3.75,1641772800.0
2022-01-07,419.35,431.65,417.0,425.3,423.48248538171487,18299.0,1436.0,7749306.0,4109.0,22.45,14.649999999999975,5.949999999999989,1641513600.0
2022-01-06,417.0,421.95,410.6,419.35,415.0318588873813,18425.0,1044.0,7646962.0,7425.0,40.3,11.349999999999966,2.3500000000000227,1641427200.0
2022-01-05,426.95,429.0,415.5,419.3,423.2511909693455,19312.0,1156.0,8173827.0,10837.0,56.12,13.5,-7.649999999999977,1641340800.0
2022-01-04,428.05,432.0,420.0,425.45,425.7996407454532,13361.0,1244.0,5689109.0,3733.0,27.94,12.0,-2.6000000000000227,1641254400.0
2022-01-03,426.0,432.8,420.1,425.85,428.3910053146353,22391.0,1363.0,9592103.0,14581.0,65.12,12.699999999999989,-0.1499999999999772,1641168000.0
2021-12-31,430.0,436.9,417.1,429.45,427.601175077827,45614.0,2367.0,19504600.0,23156.0,50.77,19.799999999999955,-0.5500000000000114,1640908800.0
2021-12-30,433.45,435.8,422.4,423.3,428.4526107399159,16164.0,1038.0,6925508.0,6358.0,39.33,13.400000000000034,-10.149999999999975,1640822400.0
2021-12-28,435.55,443.2,424.85,440.1,435.7268779407476,126881.0,5650.0,55285462.0,79622.0,62.75,18.34999999999997,4.550000000000011,1640649600.0
2021-12-27,394.0,440.0,390.7,431.7,423.6066607656561,81342.0,4501.0,34457013.0,54560.0,67.07,49.30000000000001,37.69999999999999,1640563200.0
2021-12-24,400.0,400.7,394.2,397.5,397.1079350348028,10775.0,744.0,4278838.0,6119.0,56.79,6.5,-2.5,1640304000.0
2021-12-23,404.1,404.2,397.0,399.95,401.0117114719191,3757.0,465.0,1506601.0,1501.0,39.95,7.199999999999989,-4.150000000000034,1640217600.0
2021-12-22,387.6,406.85,387.6,404.9,399.3225509734785,6523.0,590.0,2604781.0,2533.0,38.83,19.25,17.299999999999955,1640131200.0
2021-12-21,382.15,393.0,382.15,387.05,389.7150819118392,17763.0,1049.0,6922509.0,6937.0,39.05,10.850000000000025,4.900000000000034,1640044800.0
2021-12-20,397.95,397.95,378.75,381.4,398.7058744273781,719934.0,2123.0,287041915.0,711165.0,98.78,19.19999999999999,-16.55000000000001,1639958400.0
2021-12-17,410.7,411.0,391.25,399.35,401.3541073674456,30214.0,2306.0,12126513.0,13014.0,43.07,19.75,-11.349999999999966,1639699200.0
2021-12-16,417.95,420.0,404.45,407.1,409.5501086694035,12423.0,777.0,5087841.0,2814.0,22.65,15.550000000000011,-10.849999999999966,1639612800.0
2021-12-15,402.3,415.25,397.7,412.2,409.2916642241632,34118.0,1671.0,13964213.0,16627.0,48.73,17.55000000000001,9.899999999999975,1639526400.0
2021-12-14,404.75,405.45,398.0,401.2,400.9928688031618,11639.0,922.0,4667156.0,5864.0,50.38,7.449999999999989,-3.550000000000012,1639440000.0
2021-12-13,410.0,415.9,402.0,405.4,409.45815563168566,28606.0,1915.0,11712960.0,13414.0,46.89,13.899999999999975,-4.600000000000023,1639353600.0
2021-12-10,396.15,412.7,390.1,408.2,405.6705618696975,24988.0,1629.0,10136896.0,7058.0,28.25,22.59999999999997,12.050000000000011,1639094400.0
2021-12-09,392.7,394.35,385.55,388.55,389.7338550098939,11118.0,770.0,4333061.0,6516.0,58.61,8.800000000000011,-4.149999999999977,1639008000.0
2021-12-08,396.0,397.5,388.25,389.65,392.82680770445216,12668.0,1024.0,4976330.0,7169.0,56.59,9.25,-6.350000000000023,1638921600.0
2021-12-07,390.0,394.5,385.2,392.0,390.0834597875569,14498.0,1033.0,5655430.0,9020.0,62.22,9.300000000000011,2.0,1638835200.0
2021-12-06,392.0,400.0,383.05,385.0,392.9032798325192,14330.0,884.0,5630304.0,8990.0,62.74,16.94999999999999,-7.0,1638748800.0
2021-12-03,386.9,394.65,386.9,390.0,390.84774804177545,6128.0,553.0,2395115.0,3948.0,64.43,7.75,3.1000000000000227,1638489600.0
2021-12-02,390.3,398.75,388.95,390.35,394.144155114275,10676.0,1070.0,4207883.0,6021.0,56.4,9.800000000000011,0.0500000000000113,1638403200.0
2021-12-01,402.45,405.1,386.3,396.25,393.4185769896194,9248.0,709.0,3638335.0,3146.0,34.02,18.80000000000001,-6.199999999999989,1638316800.0
2021-11-30,380.0,408.8,377.5,403.65,396.0349315068493,13140.0,1053.0,5203899.0,4032.0,30.68,31.30000000000001,23.649999999999977,1638230400.0
2021-11-29,360.0,380.75,353.0,379.1,367.87869496478703,20873.0,1778.0,7678732.0,11655.0,55.84,27.75,19.100000000000023,1638144000.0
2021-11-26,380.0,380.0,349.0,375.85,369.9833181176861,12049.0,728.0,4457929.0,3256.0,27.02,31.0,-4.149999999999977,1637884800.0
2021-11-25,389.45,389.45,380.45,382.85,382.7412768550968,6563.0,416.0,2511931.0,2996.0,45.65,9.0,-6.599999999999966,1637798400.0
2021-11-24,393.0,397.0,382.5,384.4,390.8193537443813,11791.0,906.0,4608151.0,6246.0,52.97,14.5,-8.600000000000023,1637712000.0
2021-11-23,381.9,396.35,381.5,388.6,390.1206338388141,5869.0,631.0,2289618.0,1735.0,29.56,14.850000000000025,6.7000000000000455,1637625600.0
2021-11-22,400.8,400.8,384.55,386.1,388.8101559207754,9492.0,702.0,3690586.0,3513.0,37.01,16.25,-14.699999999999989,1637539200.0
2021-11-18,413.3,416.0,397.25,400.75,407.1165933375236,15910.0,815.0,6477225.0,4775.0,30.01,18.75,-12.550000000000011,1637193600.0
2021-11-17,408.6,413.0,406.4,408.65,410.078897421672,34247.0,1357.0,14043972.0,15387.0,44.93,6.600000000000023,0.0499999999999545,1637107200.0
2021-11-16,407.85,413.0,400.2,405.2,407.85054525702986,71801.0,5010.0,29284077.0,35403.0,49.31,12.800000000000011,-2.650000000000034,1637020800.0
2021-11-12,388.05,396.0,385.0,389.1,389.3908599242834,18490.0,1147.0,7199837.0,6739.0,36.45,11.0,1.0500000000000114,1636675200.0
2021-11-11,386.25,389.95,382.9,384.95,387.0705246596895,14619.0,1063.0,5658584.0,8127.0,55.59,7.050000000000011,-1.3000000000000114,1636588800.0
2021-11-10,385.25,388.35,382.3,386.7,385.8717847249703,10108.0,665.0,3900392.0,5103.0,50.48,6.050000000000011,1.4499999999999886,1636502400.0
2021-11-09,387.7,389.4,382.25,384.85,386.7579148471616,7328.0,453.0,2834162.0,3228.0,44.05,7.149999999999977,-2.849999999999966,1636416000.0
2021-11-08,385.0,389.85,375.6,386.55,381.6041289387903,13805.0,1110.0,5268045.0,5395.0,39.08,14.25,1.5500000000000114,1636329600.0
2021-11-04,384.95,390.1,384.8,387.8,386.9812903225807,1550.0,152.0,599821.0,3203.0,100.0,5.300000000000011,2.8500000000000227,1635984000.0
2021-11-03,387.0,389.65,376.0,382.25,382.9042348008386,11925.0,861.0,4566133.0,4117.0,34.52,13.649999999999975,-4.75,1635897600.0
2021-11-02,380.3,393.75,380.3,388.75,389.6307553415588,19938.0,1291.0,7768458.0,9459.0,47.44,13.449999999999989,8.449999999999989,1635811200.0
2021-11-01,380.0,386.5,376.65,385.1,381.4592727272727,16500.0,989.0,6294078.0,9417.0,57.07,9.850000000000025,5.100000000000023,1635724800.0
2021-10-29,369.6,385.4,355.85,380.6,377.2487078042244,31342.0,1587.0,11823729.0,20523.0,65.48,29.549999999999955,11.0,1635465600.0
2021-10-28,363.0,370.6,360.85,366.05,364.6223181756848,7411.0,491.0,2702216.0,2564.0,34.6,9.75,3.050000000000012,1635379200.0
2021-10-27,369.0,374.05,361.7,367.7,368.4569420821771,22342.0,1245.0,8232065.0,8983.0,40.21,12.350000000000025,-1.3000000000000114,1635292800.0
2021-10-26,354.35,363.55,354.2,359.4,358.8869047619048,14616.0,892.0,5245491.0,3703.0,25.34,9.350000000000025,5.0499999999999545,1635206400.0
2021-10-25,363.15,369.2,351.0,357.1,355.82188134296075,30053.0,1957.0,10693515.0,12989.0,43.22,18.19999999999999,-6.0499999999999545,1635120000.0
2021-10-22,374.25,382.95,364.0,366.5,370.2489842632332,34950.0,3023.0,12940202.0,21143.0,60.49,18.94999999999999,-7.75,1634860800.0
2021-10-21,398.0,398.0,373.0,378.3,385.10760345651136,23029.0,2154.0,8868643.0,13878.0,60.26,25.0,-19.69999999999999,1634774400.0
2021-10-20,403.2,404.35,390.1,391.35,396.0262651420808,8833.0,599.0,3498100.0,4913.0,55.62,14.25,-11.849999999999966,1634688000.0
2021-10-19,422.7,422.7,400.0,402.7,413.2045962177992,20147.0,1144.0,8324833.0,5563.0,27.61,22.69999999999999,-20.0,1634601600.0
2021-10-18,411.0,414.8,404.5,406.6,409.3691445490113,9457.0,603.0,3871404.0,4056.0,42.89,10.300000000000011,-4.399999999999977,1634515200.0
2021-10-14,422.25,422.25,410.4,411.05,415.3549747048904,10674.0,569.0,4433499.0,5854.0,54.84,11.850000000000025,-11.199999999999989,1634169600.0
2021-10-13,419.0,426.65,415.1,416.9,420.2942102251049,62904.0,3610.0,26438187.0,35445.0,56.35,11.549999999999956,-2.1000000000000227,1634083200.0
2021-10-12,415.0,422.0,407.2,412.3,415.5283789528157,54107.0,2850.0,22482994.0,22314.0,41.24,14.800000000000011,-2.6999999999999886,1633996800.0
2021-10-11,417.25,419.6,408.0,410.5,412.0227737005372,13217.0,808.0,5445705.0,4379.0,33.13,11.600000000000025,-6.75,1633910400.0
2021-10-08,410.25,420.75,408.35,412.7,416.0865242878201,29171.0,1619.0,12137660.0,9410.0,32.26,12.399999999999975,2.4499999999999886,1633651200.0
2021-10-07,409.95,412.25,404.85,408.15,407.8248888888889,20250.0,773.0,8258454.0,5216.0,25.76,7.399999999999977,-1.8000000000000114,1633564800.0
2021-10-06,393.9,416.2,393.5,404.4,404.31194657163456,73519.0,2681.0,29724610.0,19942.0,27.12,22.69999999999999,10.5,1633478400.0
2021-10-05,391.0,393.65,388.15,388.85,390.8889846330605,6963.0,440.0,2721760.0,2837.0,40.74,5.5,-2.1499999999999773,1633392000.0
2021-10-04,393.5,397.8,388.25,390.25,392.6817270801122,17463.0,871.0,6857401.0,6667.0,38.18,9.550000000000011,-3.25,1633305600.0
2021-10-01,381.0,385.5,381.0,383.25,383.6629196642686,13344.0,793.0,5119598.0,9735.0,72.95,4.5,2.25,1633046400.0
2021-09-30,390.6,390.6,382.15,384.65,385.4028272748872,16836.0,992.0,6488642.0,8117.0,48.21,8.450000000000045,-5.9500000000000455,1632960000.0
2021-09-29,381.0,391.05,381.0,385.95,387.81512859304087,13220.0,887.0,5126916.0,6937.0,52.47,10.050000000000011,4.949999999999989,1632873600.0
2021-09-28,390.0,393.2,381.55,384.6,389.0516986115001,24991.0,671.0,9722791.0,4823.0,19.3,11.649999999999975,-5.399999999999977,1632787200.0
2021-09-27,391.2,392.3,385.0,389.7,387.96483542505325,8446.0,544.0,3276751.0,3229.0,38.23,7.300000000000011,-1.5,1632700800.0
2021-09-24,402.0,402.0,390.0,390.75,394.1765614143442,25906.0,769.0,10211538.0,12850.0,49.6,12.0,-11.25,1632441600.0
2021-09-23,393.85,400.7,389.5,398.55,393.7771791083688,11507.0,381.0,4531194.0,4601.0,39.98,11.199999999999989,4.699999999999989,1632355200.0
2021-09-22,387.0,399.15,387.0,389.05,390.6847038598502,24431.0,862.0,9544818.0,10476.0,42.88,12.149999999999975,2.050000000000012,1632268800.0
2021-09-21,394.0,398.2,384.3,386.85,388.1441873999709,34365.0,1355.0,13338575.0,19596.0,57.02,13.899999999999975,-7.149999999999977,1632182400.0
2021-09-20,388.0,408.25,388.0,394.5,397.0807338532293,20004.0,818.0,7943203.0,130.0,100.0,20.25,6.5,1632096000.0
2021-09-17,404.25,405.0,393.55,397.3,397.80420771698704,35221.0,1753.0,14011062.0,14590.0,41.42,11.449999999999989,-6.949999999999989,1631836800.0
2021-09-16,405.55,406.1,400.75,402.25,403.49578844270326,10210.0,417.0,4119692.0,2972.0,29.11,5.350000000000023,-3.300000000000012,1631750400.0
2021-09-15,404.5,410.1,404.1,407.2,406.1205113110756,11891.0,498.0,4829179.0,5686.0,47.82,6.0,2.6999999999999886,1631664000.0
2021-09-14,405.05,412.85,403.2,405.35,406.6745048685169,30194.0,1209.0,12279130.0,13696.0,45.36,9.650000000000034,0.3000000000000113,1631577600.0
2021-09-13,404.3,409.75,394.05,407.25,401.973390698668,201283.0,993.0,80910410.0,186782.0,92.8,15.699999999999989,2.9499999999999886,1631491200.0
2021-09-09,405.55,406.2,399.35,402.15,403.498828125,17920.0,711.0,7230699.0,7820.0,43.64,6.849999999999966,-3.400000000000034,1631145600.0
2021-09-08,407.5,408.15,404.25,405.55,406.2091193382427,9913.0,574.0,4026751.0,3514.0,35.45,3.899999999999977,-1.9499999999999889,1631059200.0
2021-09-07,411.5,419.6,400.0,402.55,411.2652695028048,114804.0,4150.0,47214898.0,32205.0,28.05,19.600000000000023,-8.949999999999989,1630972800.0
2021-09-06,407.95,409.2,393.15,398.1,398.643655389617,19686.0,995.0,7847699.0,5060.0,25.7,16.05000000000001,-9.849999999999966,1630886400.0
2021-09-03,411.0,414.0,403.0,404.65,407.9376614430859,34842.0,1546.0,14213364.0,16337.0,46.89,11.0,-6.350000000000023,1630627200.0
2021-09-02,404.0,415.95,404.0,410.75,412.1968496420048,31425.0,1071.0,12953286.0,9994.0,31.8,11.949999999999989,6.75,1630540800.0
2021-09-01,404.0,412.0,398.75,407.5,405.2486980356327,54725.0,2000.0,22177235.0,22863.0,41.78,13.25,3.5,1630454400.0
2021-08-31,400.0,413.25,396.3,403.05,404.3683465076753,74134.0,2796.0,29977443.0,16198.0,21.85,16.94999999999999,3.050000000000012,1630368000.0
2021-08-30,388.8,396.75,387.1,391.45,392.7063479156503,18447.0,757.0,7244254.0,5761.0,31.23,9.649999999999975,2.6499999999999773,1630281600.0
2021-08-27,380.85,387.15,377.05,380.75,381.4955849889625,26274.0,899.0,10023415.0,9333.0,35.52,10.099999999999966,-0.1000000000000227,1630022400.0
2021-08-26,386.0,388.95,373.0,374.4,377.0417852432845,14407.0,726.0,5432041.0,5031.0,34.92,15.949999999999989,-11.600000000000025,1629936000.0
2021-08-25,399.5,401.05,381.0,385.2,391.15891794137593,26542.0,1024.0,10382140.0,8025.0,30.24,20.05000000000001,-14.300000000000011,1629849600.0
2021-08-24,366.8,400.05,362.0,395.85,384.8362359110833,51104.0,1672.0,19666671.0,14765.0,28.89,38.05000000000001,29.05000000000001,1629763200.0
2021-08-23,381.0,384.95,357.65,366.75,365.9674150814623,57143.0,2701.0,20912476.0,27792.0,48.64,27.30000000000001,-14.25,1629676800.0
2021-08-20,380.0,387.2,376.4,377.8,380.7728430748126,40822.0,1942.0,15543909.0,15724.0,38.52,10.800000000000011,-2.1999999999999886,1629417600.0
2021-08-18,395.5,400.0,387.75,389.8,394.435011269722,19965.0,1340.0,7874895.0,8005.0,40.1,12.25,-5.699999999999989,1629244800.0
2021-08-17,401.0,402.25,390.05,392.5,394.8949285922472,20586.0,1143.0,8129307.0,8911.0,43.29,12.199999999999989,-8.5,1629158400.0
2021-08-16,406.45,410.0,395.8,397.55,401.02905438730215,22303.0,1313.0,8944151.0,10712.0,48.03,14.199999999999989,-8.899999999999977,1629072000.0
2021-08-13,407.5,416.75,406.0,408.05,410.7020272444492,9323.0,415.0,3828975.0,1713.0,18.37,10.75,0.5500000000000114,1628812800.0
2021-08-12,410.7,416.9,404.65,413.3,411.1451046093495,24472.0,862.0,10061543.0,6043.0,24.69,12.25,2.6000000000000227,1628726400.0
2021-08-11,411.0,411.0,387.15,403.7,394.9474458608098,74761.0,3222.0,29526666.0,37290.0,49.88,23.850000000000023,-7.300000000000011,1628640000.0
2021-08-09,423.0,430.0,411.2,416.8,422.288200984264,65836.0,2352.0,27801766.0,23223.0,35.27,18.80000000000001,-6.199999999999989,1628467200.0
2021-08-06,404.05,429.7,401.5,421.85,419.696437378514,68938.0,2601.0,28933033.0,23733.0,34.43,28.19999999999999,17.80000000000001,1628208000.0
2021-08-05,418.0,418.0,396.9,404.05,402.8362828554361,26784.0,1161.0,10789567.0,7868.0,29.38,21.100000000000023,-13.949999999999989,1628121600.0
2021-08-04,426.0,434.0,406.55,409.0,425.6349385655446,57541.0,1807.0,24491460.0,20423.0,35.49,27.44999999999999,-17.0,1628035200.0
2021-08-03,429.0,434.1,419.0,420.55,426.8741279649193,20068.0,1021.0,8566510.0,8248.0,41.1,15.100000000000025,-8.449999999999989,1627948800.0
2021-08-02,442.75,442.75,426.3,428.65,430.4374213176668,57192.0,2819.0,24617577.0,25669.0,44.88,16.44999999999999,-14.100000000000025,1627862400.0
2021-07-30,428.05,450.95,428.05,442.75,443.59998063329135,30981.0,1669.0,13743171.0,4954.0,15.99,22.899999999999977,14.699999999999989,1627603200.0
2021-07-29,440.0,458.75,430.0,439.7,442.1230827222876,222842.0,6597.0,98523592.0,63593.0,28.54,28.75,-0.3000000000000113,1627516800.0
2021-07-28,486.0,488.2,442.1,446.65,461.8509134344411,386782.0,16887.0,178635620.0,118112.0,30.54,46.099999999999966,-39.35000000000002,1627430400.0
2021-07-27,421.0,495.0,421.0,483.7,460.4416250179806,326741.0,10781.0,150445157.0,58319.0,17.85,74.0,62.69999999999999,1627344000.0
2021-07-26,421.0,427.35,412.3,414.9,419.72219782921775,113876.0,4593.0,47796285.0,71377.0,62.68,15.050000000000011,-6.100000000000023,1627257600.0
2021-07-23,410.0,428.0,399.7,421.7,416.87557615721096,76585.0,2873.0,31926416.0,34183.0,44.63,28.30000000000001,11.699999999999989,1626998400.0
2021-07-22,395.0,422.55,382.95,405.2,402.6981572150044,778170.0,10281.0,313367625.0,487346.0,62.63,39.60000000000002,10.199999999999989,1626912000.0
2021-07-20,387.0,394.1,382.85,385.45,386.8285633162976,17610.0,760.0,6812051.0,5643.0,32.04,11.25,-1.5500000000000114,1626739200.0
2021-07-19,385.85,390.5,380.05,380.9,386.983268197362,24564.0,880.0,9505857.0,15765.0,64.18,10.449999999999989,-4.9500000000000455,1626652800.0
2021-07-16,381.0,390.6,381.0,385.85,385.8161445783133,12450.0,520.0,4803411.0,3813.0,30.63,9.600000000000025,4.850000000000023,1626393600.0
2021-07-15,387.7,392.0,379.55,381.8,385.65866583541145,22456.0,1344.0,8660351.0,14309.0,63.72,12.449999999999989,-5.899999999999977,1626307200.0
2021-07-14,383.5,390.0,381.35,388.55,386.58716241213466,27030.0,1480.0,10449451.0,12060.0,44.62,8.649999999999977,5.050000000000011,1626220800.0
2021-07-13,392.0,392.1,381.15,386.65,386.59195644538113,28470.0,1720.0,11006273.0,10297.0,36.17,10.950000000000044,-5.350000000000023,1626134400.0
2021-07-12,400.0,404.65,383.8,385.95,393.459753444525,33096.0,1253.0,13021944.0,10988.0,33.2,20.84999999999997,-14.050000000000011,1626048000.0
2021-07-09,399.2,400.65,392.7,393.8,395.30278302982055,30147.0,1541.0,11917193.0,15368.0,50.98,7.949999999999989,-5.399999999999977,1625788800.0
2021-07-08,404.1,407.05,396.75,400.75,400.0387379705202,24627.0,1074.0,9851754.0,6350.0,25.78,10.300000000000011,-3.3500000000000227,1625702400.0
2021-07-07,395.75,407.05,389.25,404.1,398.9223520689857,51257.0,2049.0,20447563.0,11112.0,21.68,17.80000000000001,8.350000000000023,1625616000.0
2021-07-06,402.45,402.45,389.15,395.75,394.0760769935839,36003.0,1492.0,14187921.0,9871.0,27.42,13.300000000000011,-6.699999999999989,1625529600.0
2021-07-05,398.1,431.75,389.0,399.5,412.82922330097085,350200.0,10400.0,144572794.0,71602.0,20.45,42.75,1.3999999999999773,1625443200.0
2021-07-02,367.5,386.2,357.0,383.1,377.23962036115455,84396.0,3064.0,31837515.0,26786.0,31.74,29.19999999999999,15.600000000000025,1625184000.0
2021-07-01,361.95,361.95,353.55,356.5,356.7361226180613,9656.0,641.0,3444644.0,3940.0,40.8,8.399999999999977,-5.449999999999989,1625097600.0
2021-06-30,365.6,368.0,355.35,360.0,363.8800886863337,16237.0,945.0,5908321.0,5857.0,36.07,12.649999999999975,-5.600000000000023,1625011200.0
2021-06-29,364.9,367.8,358.35,362.2,363.5353834647028,34762.0,1400.0,12637217.0,7566.0,21.77,9.449999999999989,-2.6999999999999886,1624924800.0
2021-06-28,348.0,362.0,341.3,360.35,355.04132540483937,53478.0,1712.0,18986900.0,31375.0,58.67,20.69999999999999,12.350000000000025,1624838400.0
2021-06-25,340.2,346.3,337.45,343.2,342.03897972531064,7645.0,356.0,2614888.0,3049.0,39.88,8.850000000000023,3.0,1624579200.0
2021-06-24,341.7,345.55,336.65,338.6,341.0493372606775,5432.0,458.0,1852580.0,2087.0,38.42,8.900000000000034,-3.099999999999966,1624492800.0
2021-06-23,350.0,350.0,338.8,341.8,342.60696555217834,39480.0,1538.0,13526123.0,10682.0,27.06,11.199999999999989,-8.199999999999989,1624406400.0
2021-06-22,350.75,350.75,343.0,345.25,345.9007445734477,15848.0,883.0,5481835.0,7264.0,45.84,7.75,-5.5,1624320000.0
2021-06-21,334.7,352.15,329.95,347.6,342.6174883169881,30386.0,1113.0,10410775.0,7236.0,23.81,22.19999999999999,12.900000000000034,1624233600.0
2021-06-18,351.0,351.0,326.0,339.1,337.9962826222104,78819.0,2575.0,26640529.0,22168.0,28.13,25.0,-11.899999999999975,1623974400.0
2021-06-17,342.8,354.0,340.5,345.9,347.60178912628106,23028.0,878.0,8004574.0,3711.0,16.12,13.5,3.099999999999966,1623888000.0
2021-06-16,345.0,347.9,341.0,343.8,344.8693623142081,31285.0,1442.0,10789238.0,9826.0,31.41,6.899999999999977,-1.1999999999999886,1623801600.0
2021-06-15,352.05,352.15,342.15,343.55,346.87381579220136,48239.0,1474.0,16732846.0,14140.0,29.31,10.0,-8.5,1623715200.0
2021-06-14,355.6,358.4,347.15,348.95,354.77578397212545,68880.0,1521.0,24436956.0,10223.0,14.84,11.25,-6.650000000000034,1623628800.0
2021-06-11,360.05,364.3,353.85,355.6,359.16863540836295,13799.0,772.0,4956168.0,328048.0,49.39,10.449999999999989,-4.449999999999989,1623369600.0
2021-06-10,358.05,371.7,358.0,362.6,366.5697878295559,62167.0,2278.0,22788544.0,16788.0,27.0,13.699999999999989,4.550000000000011,1623283200.0
2021-06-09,350.1,362.65,346.3,360.2,356.9942507007366,76705.0,2072.0,27383244.0,13948.0,18.18,16.349999999999966,10.099999999999966,1623196800.0
2021-06-08,352.55,364.0,346.5,349.35,350.3207366404088,93940.0,3408.0,32909130.0,23928.0,25.47,17.5,-3.1999999999999886,1623110400.0
2021-06-07,360.2,366.5,353.0,357.3,359.2562410158122,83480.0,2298.0,29990711.0,20144.0,24.13,13.5,-2.8999999999999773,1623024000.0
2021-06-04,367.7,371.7,359.25,364.1,364.70054850874186,23336.0,1169.0,8510652.0,6209.0,26.61,12.449999999999989,-3.599999999999966,1622764800.0
2021-06-03,359.3,375.55,359.3,370.75,368.2922996457695,42063.0,1563.0,15491479.0,15098.0,35.89,16.25,11.449999999999989,1622678400.0
2021-06-02,347.45,360.55,342.2,359.2,352.6199069505146,21279.0,883.0,7503399.0,4802.0,22.57,18.350000000000023,11.75,1622592000.0
2021-06-01,365.0,365.0,342.3,344.65,348.5683409720122,42983.0,1534.0,14982513.0,10231.0,23.8,22.69999999999999,-20.350000000000023,1622505600.0
2021-05-31,366.1,367.15,338.5,350.65,352.82771641187213,81569.0,2751.0,28779804.0,19589.0,24.02,28.649999999999977,-15.450000000000044,1622419200.0
2021-05-28,357.25,368.55,352.45,364.7,361.1851736666844,131833.0,4089.0,47616125.0,58321.0,44.24,16.100000000000023,7.449999999999989,1622160000.0
2021-05-27,340.65,360.0,340.45,356.0,350.7688971456109,143183.0,3890.0,50224143.0,64462.0,45.02,19.55000000000001,15.350000000000025,1622073600.0
2021-05-26,342.0,359.6,331.5,340.1,343.2187739204827,88836.0,3841.0,30490183.0,29867.0,33.62,28.100000000000023,-1.8999999999999773,1621987200.0
2021-05-25,333.0,340.0,328.15,336.8,334.6390969952977,50188.0,1387.0,16794867.0,8404.0,16.74,11.850000000000025,3.8000000000000114,1621900800.0
2021-05-24,317.8,342.6,313.35,327.7,330.80581500221655,130834.0,3560.0,43280648.0,19736.0,15.08,29.25,9.899999999999975,1621814400.0
2021-05-21,323.8,324.8,306.4,312.0,317.54997400311964,50006.0,2005.0,15879404.0,23143.0,46.28,18.40000000000004,-11.800000000000011,1621555200.0
2021-05-20,320.0,324.05,315.3,318.1,319.4549500392184,58646.0,2767.0,18734755.0,32337.0,55.14,8.75,-1.8999999999999773,1621468800.0
2021-05-19,301.95,322.0,301.95,314.85,312.8883008852422,61791.0,1952.0,19333681.0,22694.0,36.73,20.05000000000001,12.900000000000034,1621382400.0
2021-05-18,306.6,313.95,298.5,299.75,304.1832083197449,27597.0,1403.0,8394544.0,13534.0,49.04,15.449999999999989,-6.850000000000023,1621296000.0
2021-05-17,306.9,315.55,306.9,309.45,311.9130785248875,29774.0,1275.0,9286900.0,15422.0,51.8,8.650000000000034,2.550000000000012,1621209600.0
2021-05-14,299.2,310.0,291.35,307.0,299.8000681501674,67498.0,2100.0,20235905.0,25757.0,38.16,18.649999999999977,7.800000000000011,1620950400.0
2021-05-12,323.5,323.5,296.0,299.1,304.3950019665386,33053.0,1097.0,10061168.0,12017.0,36.36,27.5,-24.399999999999977,1620757800.0
2021-05-11,310.05,325.0,310.05,318.4,319.0911354347724,42574.0,1716.0,13584986.0,18485.0,43.42,14.949999999999989,8.349999999999966,1620671400.0
2021-05-10,318.0,326.1,310.5,316.3,319.2328971250588,89254.0,2999.0,28492813.0,40172.0,45.01,15.600000000000025,-1.6999999999999886,1620585000.0
2021-05-07,313.9,322.0,310.0,315.8,315.4694688545963,79771.0,2439.0,25165315.0,45715.0,57.31,12.0,1.900000000000034,1620345600.0
2021-05-06,312.0,319.3,307.0,311.75,312.8479881126468,42398.0,1388.0,13264129.0,14762.0,34.82,12.300000000000011,-0.25,1620259200.0
2021-05-05,299.4,310.0,295.0,306.75,303.48401820187536,72520.0,3221.0,22008661.0,37577.0,51.82,15.0,7.350000000000023,1620153000.0
2021-05-04,298.9,314.95,295.05,303.1,305.76736879899465,167110.0,5021.0,51096785.0,48933.0,29.28,19.899999999999977,4.2000000000000455,1620086400.0
2021-05-03,261.5,289.8,261.5,287.85,277.8010802688062,190323.0,4023.0,52871935.0,118709.0,62.37,28.3,26.35,1620000000.0
2021-04-30,259.4,272.5,258.7,267.7,267.06036666666665,30000.0,918.0,8011811.0,8712.0,29.04,13.8,8.3,1619740800.0
2021-04-29,266.4,270.25,255.0,258.85,262.2553933669636,18634.0,806.0,4886867.0,6393.0,34.31,15.25,-7.55,1619654400.0
2021-04-28,264.0,271.75,263.0,265.6,265.7109010458568,24860.0,1411.0,6605573.0,15699.0,63.15,8.75,1.6,1619568000.0
2021-04-27,266.2,270.1,262.6,264.0,266.45088256546126,29063.0,1301.0,7743862.0,16692.0,57.43,7.5,-2.2,1619481600.0
2021-04-26,276.3,277.5,262.5,267.95,270.5090330210133,54965.0,1608.0,14868529.0,19373.0,35.25,15.0,-8.35,1619395200.0
2021-04-23,250.35,272.7,250.35,267.25,264.0178229410513,75184.0,4475.0,19849916.0,50579.0,67.27,22.35,16.9,1619136000.0
2021-04-22,248.1,260.75,248.1,256.8,255.57754985161657,19207.0,954.0,4908878.0,9332.0,48.59,12.65,8.7,1619049600.0
2021-04-20,262.0,264.0,252.15,254.95,257.3860009928373,14101.0,778.0,3629400.0,3721.0,26.39,11.85,-7.05,1618876800.0
2021-04-19,253.0,253.25,243.7,249.3,249.98858131487887,11560.0,557.0,2889868.0,3642.0,31.51,9.55,-3.7,1618790400.0
2021-04-16,248.95,259.0,241.0,256.4,252.41462898274585,66129.0,4440.0,16691927.0,33340.0,50.42,18.0,7.45,1618531200.0
2021-04-15,235.3,244.45,235.2,241.75,239.96294820717128,5020.0,316.0,1204614.0,3484.0,69.4,9.25,6.45,1618444800.0
2021-04-13,260.0,260.0,232.3,239.6,235.87941006362053,3458.0,181.0,815671.0,1082.0,31.29,27.7,-20.4,1618272000.0
2021-04-12,242.0,243.0,229.65,232.65,233.91944243301955,5524.0,299.0,1292171.0,2497.0,45.2,13.35,-9.35,1618185600.0
2021-04-09,243.15,248.5,242.0,243.25,244.6619501260857,7138.0,472.0,1746397.0,4827.0,67.62,6.5,0.1,1617926400.0
2021-04-08,247.8,248.95,240.75,244.9,245.40155257586449,4251.0,280.0,1043202.0,1950.0,45.87,8.2,-2.9,1617840000.0
2021-04-07,243.3,245.0,238.25,242.4,241.9978128509783,16917.0,856.0,4093877.0,10755.0,63.58,6.75,-0.9,1617753600.0
2021-04-06,229.0,241.7,227.45,239.55,236.10559373719903,21971.0,865.0,5187476.0,12764.0,58.09,14.25,10.55,1617667200.0
2021-04-05,230.55,230.55,226.5,229.05,229.61954424142888,24355.0,1036.0,5592384.0,20240.0,83.1,4.05,-1.5,1617580800.0
2021-04-01,236.0,238.45,229.1,230.95,232.81328969401733,13138.0,1012.0,3058701.0,9221.0,70.19,9.35,-5.05,1617235200.0
2021-03-31,236.85,238.75,230.7,234.15,234.4847738468428,4466.0,274.0,1047209.0,3113.0,69.7,8.05,-2.7,1617148800.0
2021-03-30,241.4,241.4,234.0,238.65,236.71447644478351,5243.0,342.0,1241094.0,3215.0,61.32,7.4,-2.75,1617062400.0
2021-03-26,230.05,239.4,230.05,236.35,236.6440149625936,3208.0,114.0,759154.0,1558.0,48.57,9.35,6.3,1616716800.0
2021-03-25,236.8,236.8,227.0,231.6,229.64638899503248,13085.0,637.0,3004923.0,10348.0,79.08,9.8,-5.2,1616630400.0
2021-03-24,234.5,235.9,225.0,230.0,230.7717031766836,16023.0,530.0,3697655.0,5550.0,34.64,10.9,-4.5,1616544000.0
2021-03-23,242.9,242.9,231.7,232.6,235.36020417990943,10383.0,773.0,2443745.0,5635.0,54.27,11.2,-10.3,1616457600.0
2021-03-22,244.7,244.9,239.45,240.1,240.9761290322581,1550.0,125.0,373513.0,1104.0,71.23,5.45,-4.6,1616371200.0
2021-03-19,235.0,247.7,231.95,243.4,236.71279013706177,14519.0,624.0,3436833.0,7102.0,48.92,15.75,8.4,1616112000.0
2021-03-18,244.35,249.9,238.0,241.25,243.5587881219904,9968.0,529.0,2427794.0,5792.0,58.11,11.9,-3.1,1616025600.0
2021-03-17,263.7,263.7,243.0,244.6,252.5665110445265,14351.0,741.0,3624582.0,8248.0,57.47,20.7,-19.1,1615939200.0
2021-03-16,253.2,256.9,248.75,254.4,252.38071428571428,4200.0,361.0,1059999.0,2744.0,65.33,8.15,1.2,1615852800.0
2021-03-15,247.9,250.2,241.3,246.65,246.64049721949624,3057.0,172.0,753980.0,1810.0,59.21,8.9,-1.25,1615766400.0
2021-03-12,256.6,261.5,245.35,248.35,252.85263548626577,26940.0,766.0,6811850.0,11450.0,42.5,16.15,-8.25,1615507200.0
2021-03-10,265.8,269.95,253.0,254.1,256.2528307508939,13424.0,358.0,3439938.0,6904.0,51.43,16.95,-11.7,1615334400.0
2021-03-09,266.1,268.0,262.6,263.65,264.97406787762907,8368.0,389.0,2217303.0,4944.0,59.08,5.4,-2.45,1615248000.0
2021-03-08,257.0,266.65,254.45,264.3,260.7076060111348,23889.0,849.0,6228044.0,15207.0,63.66,12.2,7.3,1615161600.0
2021-03-05,250.3,257.0,250.0,255.25,255.0551981738949,9638.0,528.0,2458222.0,5988.0,62.13,7.0,4.95,1614902400.0
2021-03-04,250.55,256.75,248.9,251.9,253.2285811732605,14660.0,668.0,3712331.0,10112.0,68.98,7.85,1.35,1614816000.0
2021-03-03,246.15,252.8,243.0,250.55,248.76482154009847,43231.0,1614.0,10754352.0,27388.0,63.35,9.8,4.4,1614729600.0
2021-03-02,233.85,246.5,233.5,244.7,241.03536736423493,30678.0,1191.0,7394483.0,19683.0,64.16,13.0,10.85,1614643200.0
2021-03-01,236.8,236.8,228.6,231.55,231.2642803877704,6705.0,254.0,1550627.0,3815.0,56.9,8.2,-5.25,1614556800.0
2021-02-26,238.0,240.95,227.5,228.6,233.6956173169428,14968.0,707.0,3497956.0,8738.0,58.38,13.45,-9.4,1614297600.0
2021-02-25,239.65,241.8,237.55,238.65,240.0301292642628,10289.0,518.0,2469670.0,5257.0,51.09,4.25,-1.0,1614211200.0
2021-02-24,235.0,245.0,235.0,237.85,239.73936686735289,25745.0,804.0,6172090.0,17301.0,67.2,10.0,2.85,1614124800.0
2021-02-23,230.0,237.0,228.45,234.2,233.2075980788948,18531.0,845.0,4321570.0,9871.0,53.27,8.55,4.2,1614038400.0
2021-02-22,231.7,234.25,228.75,229.15,231.083371040724,17680.0,1041.0,4085554.0,7818.0,44.22,5.5,-2.55,1613952000.0
2021-02-19,237.0,240.15,231.0,231.7,234.67396191787108,21795.0,1431.0,5114719.0,12395.0,56.87,9.15,-5.3,1613692800.0
2021-02-18,240.65,241.5,235.0,235.85,238.5615844970077,17545.0,668.0,4185563.0,10874.0,61.98,6.5,-4.8,1613606400.0
2021-02-17,247.35,247.35,238.95,239.85,241.86466356634207,27524.0,1242.0,6657083.0,25662.0,93.23,8.4,-7.5,1613520000.0
2021-02-16,241.3,243.25,235.05,237.45,239.28400852878465,2345.0,75.0,561121.0,2069.0,88.23,8.2,-3.85,1613433600.0
2021-02-15,245.9,246.95,239.65,240.0,242.27865796831315,3219.0,225.0,779895.0,2277.0,70.74,7.3,-5.9,1613347200.0
2021-02-12,238.8,251.05,238.4,243.95,244.04753992925288,18658.0,687.0,4553439.0,11095.0,59.47,12.65,5.15,1613088000.0
2021-02-11,240.4,241.85,237.5,238.4,239.1780007922884,7573.0,545.0,1811295.0,5063.0,66.86,4.35,-2.0,1613001600.0
2021-02-10,249.0,249.0,239.5,240.1,243.8819140725495,3887.0,263.0,947969.0,2928.0,75.33,9.5,-8.9,1612915200.0
2021-02-09,254.95,254.95,248.1,248.55,249.85772357723576,2952.0,137.0,737580.0,2117.0,71.71,6.85,-6.4,1612828800.0
2021-02-08,242.35,253.0,242.35,251.3,250.6690499510284,10210.0,578.0,2559331.0,7534.0,73.79,10.65,8.95,1612742400.0
2021-02-05,251.15,253.0,242.9,246.0,248.0069570978964,6037.0,221.0,1497218.0,3992.0,66.13,10.1,-5.15,1612483200.0
2021-02-04,253.35,255.8,250.6,251.95,253.7527004478792,11387.0,352.0,2889482.0,3988.0,35.02,5.2,-1.4,1612396800.0
2021-02-03,246.5,255.3,246.2,252.6,251.50273417871185,33831.0,1149.0,8508589.0,20499.0,60.59,9.1,6.1,1612310400.0
2021-02-02,242.65,251.0,242.0,248.15,246.04784940582604,19018.0,861.0,4679338.0,10780.0,56.68,9.0,5.5,1612224000.0
2021-02-01,241.0,247.95,234.5,241.5,241.03445728103168,14888.0,957.0,3588521.0,9799.0,65.82,13.45,0.5,1612137600.0
2021-01-29,243.5,243.5,238.1,239.7,240.23613027877448,7246.0,624.0,1740751.0,5203.0,71.81,5.4,-3.8,1611878400.0
2021-01-28,251.9,251.9,242.0,243.05,244.08410531448075,4102.0,258.0,1001233.0,1664.0,40.57,9.9,-8.85,1611792000.0
2021-01-27,243.75,245.0,242.5,243.2,243.76750972762645,6168.0,322.0,1503558.0,5110.0,82.85,2.5,-0.55,1611705600.0
2021-01-25,251.0,251.0,243.05,244.8,245.72131147540983,3843.0,296.0,944307.0,2597.0,67.58,7.95,-6.2,1611532800.0
2021-01-22,247.7,251.7,247.55,249.65,249.4345738295318,4165.0,205.0,1038895.0,2603.0,62.5,4.15,1.95,1611273600.0
2021-01-21,250.5,252.0,247.75,248.5,249.14947460595448,11420.0,823.0,2845287.0,6039.0,52.88,4.25,-2.0,1611187200.0
2021-01-20,252.85,252.85,247.0,247.6,248.2116,10000.0,767.0,2482116.0,6522.0,65.22,5.85,-5.25,1611100800.0
2021-01-19,255.0,255.0,245.7,246.75,247.3393657996096,18953.0,853.0,4687823.0,14688.0,77.5,9.3,-8.25,1611014400.0
2021-01-18,251.0,251.5,245.4,246.0,247.5460187976592,11278.0,794.0,2791824.0,8636.0,76.57,6.1,-5.0,1610928000.0
2021-01-15,256.65,257.3,249.45,250.3,251.54674822649844,23541.0,1356.0,5921662.0,13164.0,55.92,7.85,-6.35,1610668800.0
2021-01-14,259.7,261.0,254.7,255.5,255.7396775690096,17244.0,1145.0,4409975.0,11736.0,68.06,6.3,-4.2,1610582400.0
2021-01-13,260.0,262.0,257.1,258.9,258.3915390946502,30375.0,1134.0,7848643.0,22768.0,74.96,4.9,-1.1,1610496000.0
2021-01-12,260.8,261.0,258.6,259.85,259.81245636084344,21483.0,899.0,5581551.0,18179.0,84.62,2.4,-0.95,1610409600.0
2021-01-11,259.35,262.2,257.25,259.55,259.51006240796573,14261.0,533.0,3700873.0,10334.0,72.46,4.95,0.2,1610323200.0
2021-01-08,262.5,262.9,258.7,259.35,260.59904195399275,18997.0,922.0,4950600.0,12672.0,66.71,4.2,-3.15,1610064000.0
2021-01-07,260.7,263.6,260.7,261.9,262.0826446280992,10406.0,437.0,2727232.0,7533.0,72.39,2.9,1.2,1609977600.0
2021-01-06,267.0,268.05,259.8,260.75,261.9980044830791,36582.0,1341.0,9584411.0,23263.0,63.59,8.25,-6.25,1609891200.0
2021-01-05,268.0,271.15,266.0,266.55,268.1722616233254,12690.0,575.0,3403106.0,9249.0,72.88,5.15,-1.45,1609804800.0
2021-01-04,275.9,275.9,269.0,269.4,270.0294784580499,8379.0,431.0,2262577.0,4889.0,58.35,6.9,-6.5,1609718400.0
2021-01-01,271.0,272.5,267.0,268.3,270.2833621584227,14455.0,698.0,3906946.0,7476.0,51.72,5.5,-2.7,1609459200.0
2020-12-31,266.15,274.0,265.0,268.2,269.91734508685505,19285.0,602.0,5205356.0,8149.0,42.26,9.0,2.05,1609372800.0
2020-12-30,261.0,267.75,261.0,264.55,265.1247093988708,6022.0,329.0,1596581.0,3713.0,61.66,6.75,3.55,1609286400.0
2020-12-29,263.4,271.75,263.15,266.15,268.35369840621166,14682.0,928.0,3939969.0,8109.0,55.23,8.6,2.75,1609200000.0
2020-12-28,265.0,265.75,262.6,263.25,264.3499430523918,3512.0,157.0,928397.0,2440.0,69.48,3.15,-1.75,1609113600.0
2020-12-24,269.95,270.0,258.3,262.1,264.2291237113402,3880.0,134.0,1025209.0,2456.0,63.3,11.7,-7.85,1608768000.0
2020-12-23,260.0,266.85,260.0,261.5,263.70126014782505,16506.0,872.0,4352653.0,8058.0,48.82,6.85,1.5,1608681600.0
2020-12-22,260.0,262.0,255.95,258.35,258.3314787074684,4673.0,453.0,1207183.0,2935.0,62.81,6.05,-1.65,1608595200.0
2020-12-21,270.0,270.0,260.9,261.55,266.2773458971339,12735.0,543.0,3391042.0,6783.0,53.26,9.1,-8.45,1608508800.0
2020-12-18,269.95,269.95,263.25,265.5,265.75695041559186,6978.0,509.0,1854452.0,4492.0,64.37,6.7,-4.45,1608249600.0
2020-12-17,267.0,270.0,265.3,265.85,268.35543452521904,12669.0,531.0,3399795.0,7398.0,58.39,4.7,-1.15,1608163200.0
2020-12-16,259.0,268.2,259.0,267.0,264.6340742540184,24699.0,1180.0,6536197.0,17235.0,69.78,9.2,8.0,1608076800.0
2020-12-15,257.2,260.7,252.5,255.4,256.7172535211268,11360.0,306.0,2916308.0,4311.0,37.95,8.2,-1.8,1607990400.0
2020-12-14,270.0,270.0,256.0,256.9,260.8616569304302,18830.0,750.0,4912025.0,9380.0,49.81,14.0,-13.1,1607904000.0
2020-12-11,270.55,278.0,258.85,266.6,267.5293287327478,12752.0,502.0,3411534.0,3024.0,23.71,19.15,-3.95,1607644800.0
2020-12-10,275.0,277.3,262.3,269.2,271.2577884286204,14605.0,907.0,3961720.0,7792.0,53.35,15.0,-5.8,1607558400.0
2020-12-09,272.0,273.1,265.0,265.95,268.37834930569136,10226.0,653.0,2744437.0,5613.0,54.89,8.1,-6.05,1607472000.0
2020-12-08,268.0,272.0,264.6,269.65,268.97685022799016,25659.0,1322.0,6901677.0,22170.0,86.4,7.4,1.65,1607385600.0
2020-12-07,266.75,269.0,262.1,266.05,265.4549492385787,6304.0,292.0,1673428.0,3816.0,60.53,6.9,-0.7,1607299200.0
2020-12-04,268.0,270.0,253.55,259.95,262.5008303213832,20474.0,889.0,5374442.0,14516.0,70.9,16.45,-8.05,1607040000.0
2020-12-03,267.0,271.5,266.1,267.45,269.61716852841187,8236.0,533.0,2220567.0,5357.0,65.04,5.4,0.45,1606953600.0
2020-12-02,272.0,272.0,263.45,266.5,266.58254269449714,2108.0,252.0,561956.0,1174.0,55.69,8.55,-5.5,1606867200.0
2020-12-01,265.7,267.5,262.35,266.0,265.6775878442545,2106.0,234.0,559517.0,1214.0,57.64,5.15,0.3,1606780800.0
2020-11-27,270.9,277.0,263.05,265.7,271.4503994673768,6008.0,431.0,1630874.0,4202.0,69.94,13.95,-5.2,1606435200.0
2020-11-26,267.65,272.85,263.1,272.0,268.85290350128093,4684.0,294.0,1259307.0,2499.0,53.35,9.75,4.35,1606348800.0
2020-11-25,274.65,278.15,264.85,265.55,267.4123162864933,15037.0,1125.0,4021079.0,11218.0,74.6,13.3,-9.1,1606262400.0
2020-11-24,263.25,275.25,263.25,274.35,271.54875367808705,29567.0,2632.0,8028882.0,20430.0,69.1,12.0,11.1,1606176000.0
2020-11-23,268.0,268.4,260.15,264.55,264.726497005988,6680.0,411.0,1768373.0,3147.0,47.11,8.25,-3.45,1606089600.0
2020-11-20,250.3,263.65,250.3,260.15,259.97930992141454,16288.0,1156.0,4234543.0,10949.0,67.22,13.35,9.85,1605830400.0
2020-11-19,252.85,259.1,250.3,253.2,255.97144169665413,13061.0,961.0,3343243.0,7905.0,60.52,8.8,0.35,1605744000.0
2020-11-18,252.0,258.6,249.3,254.2,254.17074185828736,19222.0,2347.0,4885670.0,10048.0,52.27,9.3,2.2,1605657600.0
2020-11-17,247.1,248.65,242.2,247.4,246.20721566523605,7456.0,569.0,1835721.0,5300.0,71.08,6.45,0.3,1605571200.0
2020-11-14,249.9,249.9,245.0,246.05,246.79223968565813,2036.0,146.0,502469.0,1664.0,81.73,4.9,-3.85,1605312000.0
2020-11-13,244.5,244.5,240.75,241.7,242.671555606883,8659.0,533.0,2101293.0,5886.0,67.98,3.75,-2.8,1605225600.0
2020-11-12,243.0,245.55,240.6,244.25,244.12341772151896,5056.0,607.0,1234288.0,3263.0,64.54,4.95,1.25,1605139200.0
2020-11-11,252.0,252.0,241.0,243.95,244.142894325872,3842.0,281.0,937997.0,2652.0,69.03,11.0,-8.05,1605052800.0
2020-11-10,253.5,253.5,241.65,243.8,245.41690022421523,7136.0,928.0,1751295.0,4164.0,58.35,11.85,-9.7,1604966400.0
2020-11-09,251.0,252.45,245.9,249.2,248.4006704304869,5668.0,590.0,1407935.0,3889.0,68.61,6.55,-1.8,1604880000.0
2020-11-06,262.0,262.0,247.5,250.95,249.92701048951048,2288.0,259.0,571833.0,1569.0,68.58,14.5,-11.05,1604620800.0
2020-11-05,248.2,252.2,246.1,250.65,250.37315048718875,5542.0,530.0,1387568.0,3046.0,54.96,6.1,2.45,1604534400.0
2020-11-04,236.0,244.8,236.0,241.2,242.7196394686908,2108.0,204.0,511653.0,1342.0,63.66,8.8,5.2,1604448000.0
2020-11-03,230.1,249.4,230.1,241.15,242.69068686262747,13336.0,1315.0,3236523.0,4449.0,33.36,19.3,11.05,1604361600.0
2020-11-02,240.0,243.55,231.25,233.6,236.6920811862446,9509.0,1455.0,2250705.0,7151.0,75.2,12.3,-6.4,1604275200.0
2020-10-30,244.0,245.4,240.55,241.4,242.82743164500224,2231.0,225.0,541748.0,1598.0,71.63,4.85,-2.6,1604016000.0
2020-10-29,244.1,249.85,242.1,245.0,246.5809523809524,8820.0,701.0,2174844.0,4546.0,51.54,7.75,0.9,1603929600.0
2020-10-28,248.05,250.0,244.2,246.05,247.69547542717388,30257.0,666.0,7494522.0,3408.0,11.26,5.8,-2.0,1603843200.0
2020-10-27,249.0,251.15,246.9,247.65,249.32986326911123,6436.0,682.0,1604687.0,4728.0,73.46,4.25,-1.35,1603756800.0
2020-10-26,252.8,252.8,244.55,247.25,247.78994974874368,3980.0,260.0,986204.0,2160.0,54.27,8.25,-5.55,1603670400.0
2020-10-23,258.0,258.0,249.8,251.95,252.72692406034264,11733.0,534.0,2965245.0,5441.0,46.37,8.2,-6.05,1603411200.0
2020-10-22,244.7,256.1,244.65,254.1,251.01852941176472,6800.0,379.0,1706926.0,3372.0,49.59,11.45,9.4,1603324800.0
2020-10-21,252.05,256.0,243.0,244.1,250.98283657433825,22781.0,2070.0,5717640.0,9618.0,42.22,13.0,-7.95,1603238400.0
2020-10-20,249.0,252.0,242.3,247.2,246.14522004528897,10157.0,857.0,2500097.0,4174.0,41.09,9.7,-1.8,1603152000.0
2020-10-19,248.05,249.45,243.85,245.65,247.1020128087832,2186.0,365.0,540165.0,1858.0,85.0,5.6,-2.4,1603065600.0
2020-10-16,246.25,247.7,245.15,245.55,245.94108364018936,3802.0,405.0,935068.0,2729.0,71.78,2.55,-0.7,1602806400.0
2020-10-15,249.8,251.2,246.0,246.9,248.1155196629213,8544.0,671.0,2119899.0,5261.0,61.58,5.2,-2.9,1602720000.0
2020-10-14,252.0,253.15,249.2,250.4,251.77526788300028,3453.0,353.0,869380.0,2970.0,86.01,3.95,-1.6,1602633600.0
2020-10-13,251.9,256.1,250.0,252.7,253.1828591256072,5764.0,520.0,1459346.0,3367.0,58.41,6.1,0.8,1602547200.0
2020-10-12,251.55,261.0,248.8,256.2,252.9856077268815,20914.0,750.0,5290941.0,5792.0,27.69,12.2,4.65,1602460800.0
2020-10-09,255.0,258.55,254.8,256.6,256.7425956738769,6010.0,500.0,1543023.0,3065.0,51.0,3.75,1.6,1602201600.0
2020-10-08,255.0,264.3,253.2,254.6,258.17087790483214,10844.0,951.0,2799605.0,5000.0,46.11,11.1,-0.4,1602115200.0
2020-10-07,259.0,260.55,253.25,254.55,255.41024224002948,10857.0,495.0,2772989.0,7247.0,66.75,7.3,-4.45,1602028800.0
2020-10-06,265.0,266.2,258.6,260.35,262.0784126984127,6300.0,674.0,1651094.0,3444.0,54.67,7.6,-4.65,1601942400.0
2020-10-05,271.0,273.35,261.05,265.0,265.6275430359937,5751.0,426.0,1527624.0,2971.0,51.66,12.3,-6.0,1601856000.0
2020-10-01,268.5,275.95,265.55,269.25,270.32510033961097,3239.0,332.0,875583.0,1121.0,34.61,10.4,0.75,1601510400.0
2020-09-30,269.8,270.3,264.8,265.25,266.41013956137846,3511.0,308.0,935366.0,1712.0,48.76,5.5,-4.55,1601424000.0
2020-09-29,269.15,273.8,263.1,267.4,268.82817838518247,11122.0,656.0,2989907.0,7992.0,71.86,10.7,-1.75,1601337600.0
2020-09-28,261.0,270.0,256.4,267.4,262.9147871116225,17380.0,1091.0,4569459.0,10402.0,59.85,13.6,6.4,1601251200.0
2020-09-25,255.0,258.9,253.8,255.1,255.497641509434,1272.0,164.0,324993.0,738.0,58.02,5.1,0.1,1600992000.0
2020-09-24,246.75,252.1,244.15,250.85,249.777907170188,6011.0,420.0,1501415.0,2926.0,48.68,7.95,4.1,1600905600.0
2020-09-23,259.95,261.0,247.4,251.85,252.0976272862086,4046.0,334.0,1019987.0,2052.0,50.72,13.6,-8.1,1600819200.0
2020-09-22,260.0,267.0,242.5,257.0,255.80282606338767,27671.0,939.0,7078320.0,13502.0,48.79,24.5,-3.0,1600732800.0
2020-09-21,279.4,281.9,262.4,263.45,267.87360421177766,23553.0,1113.0,6309227.0,16604.0,70.5,19.5,-15.95,1600646400.0
2020-09-18,272.0,282.0,265.55,279.4,276.6553034910595,32884.0,891.0,9097533.0,17314.0,52.65,16.45,7.4,1600387200.0
2020-09-17,281.3,283.65,266.0,270.55,273.63894362474167,41614.0,2023.0,11387211.0,17811.0,42.8,17.65,-10.75,1600300800.0
2020-09-16,275.65,284.0,272.05,281.3,279.91555615991297,22062.0,1244.0,6175497.0,9294.0,42.13,11.95,5.65,1600214400.0
2020-09-15,276.0,282.0,272.4,280.0,278.3258896670001,27988.0,1415.0,7789785.0,19149.0,68.42,9.6,4.0,1600128000.0
2020-09-14,253.8,276.0,252.0,273.4,268.79896264959,34511.0,718.0,9276521.0,24708.0,71.59,24.0,19.6,1600041600.0
2020-09-11,244.0,248.7,240.7,246.0,244.850569476082,15365.0,1048.0,3762129.0,3178.0,20.68,8.0,2.0,1599782400.0
2020-09-10,244.0,244.75,240.55,243.85,243.11137328928737,6357.0,337.0,1545459.0,3667.0,57.68,4.2,-0.15,1599696000.0
2020-09-09,245.5,245.5,235.4,238.2,238.2900523560209,6685.0,310.0,1592969.0,3391.0,50.73,10.1,-7.3,1599609600.0
2020-09-08,244.9,252.3,244.8,246.7,248.58677218767664,8845.0,365.0,2198750.0,3280.0,37.08,7.5,1.8,1599523200.0
2020-09-07,248.05,254.0,240.0,245.15,246.94438172202743,16829.0,549.0,4155827.0,10087.0,59.94,14.0,-2.9,1599436800.0
2020-09-04,256.2,260.7,251.85,255.1,255.581398236682,8053.0,396.0,2058197.0,5245.0,65.13,8.85,-1.1,1599177600.0
2020-09-03,255.0,264.1,254.6,262.85,260.2374179431072,2742.0,202.0,713571.0,1301.0,47.45,9.5,7.85,1599091200.0
2020-09-02,256.25,260.2,248.9,255.35,255.4019321102544,11283.0,476.0,2881700.0,4094.0,36.28,11.3,-0.9,1599004800.0
2020-09-01,265.0,265.0,241.0,252.0,250.87404092071608,14076.0,630.0,3531303.0,7909.0,56.19,24.0,-13.0,1598918400.0
2020-08-31,269.45,269.45,242.7,246.9,254.9901121392949,34689.0,1526.0,8845352.0,16708.0,48.17,26.75,-22.55,1598832000.0
2020-08-28,277.0,277.5,265.5,268.95,270.7862716993152,6279.0,334.0,1700267.0,3114.0,49.59,12.0,-8.05,1598572800.0
2020-08-27,276.2,279.8,268.5,277.1,275.79668629603754,20038.0,864.0,5526414.0,12925.0,64.5,11.3,0.9,1598486400.0
2020-08-26,276.35,277.05,271.3,275.9,274.789659044508,19592.0,633.0,5383679.0,8012.0,40.89,5.75,-0.45,1598400000.0
2020-08-25,290.95,293.8,275.15,278.3,283.2168479776848,17925.0,561.0,5076662.0,10963.0,61.16,18.65,-12.65,1598313600.0
2020-08-24,277.0,291.4,276.75,287.35,284.3124731841864,48945.0,2072.0,13915674.0,29891.0,61.07,14.65,10.35,1598227200.0
2020-08-21,268.4,279.8,267.0,276.25,271.9197012138189,13923.0,706.0,3785938.0,6267.0,45.01,12.8,7.85,1597968000.0
2020-08-20,272.0,278.95,264.75,266.85,271.4332755085948,31705.0,1695.0,8605792.0,14529.0,45.83,14.2,-5.15,1597881600.0
2020-08-19,267.0,273.25,266.85,272.2,270.4954152648592,15159.0,1046.0,4100440.0,6920.0,45.65,6.4,5.2,1597795200.0
2020-08-18,253.15,264.75,252.3,260.3,259.82132648261387,27637.0,679.0,7180682.0,9723.0,35.18,12.45,7.15,1597708800.0
2020-08-17,255.9,260.5,253.0,253.75,255.48709633833263,7401.0,581.0,1890860.0,3670.0,49.59,7.5,-2.15,1597622400.0
2020-08-14,263.0,263.0,252.0,254.35,256.6470495174814,6321.0,389.0,1622266.0,2313.0,36.59,11.0,-8.65,1597363200.0
2020-08-13,261.7,263.65,257.9,260.05,261.1101856043458,22090.0,1212.0,5767924.0,12528.0,56.71,5.75,-1.65,1597276800.0
2020-08-12,261.0,274.35,253.5,258.1,264.8822760869856,598536.0,1715.0,158541578.0,568152.0,94.92,20.85,-2.9,1597190400.0
2020-08-11,252.0,277.25,252.0,260.55,265.65062467464867,76840.0,4351.0,20412594.0,36538.0,47.55,25.25,8.55,1597104000.0
2020-08-10,241.0,256.0,238.55,251.8,248.699823943662,13632.0,808.0,3390276.0,10642.0,78.07,17.45,10.8,1597017600.0
2020-08-07,249.05,250.95,238.85,240.55,246.12729026036644,5185.0,271.0,1276170.0,3293.0,63.51,12.1,-8.5,1596758400.0
2020-08-06,251.6,252.5,247.45,249.45,251.5291077257889,7352.0,749.0,1849242.0,6391.0,86.93,5.05,-2.15,1596672000.0
2020-08-05,250.0,254.5,250.0,251.2,251.8104178591872,8735.0,421.0,2199564.0,6104.0,69.88,4.5,1.2,1596585600.0
2020-08-04,244.35,250.6,242.0,245.55,246.61647846089505,7173.0,434.0,1768980.0,4488.0,62.57,8.6,1.2,1596499200.0
2020-08-03,230.1,241.8,230.1,239.75,238.9696605185779,7482.0,526.0,1787971.0,5480.0,73.24,11.7,9.65,1596412800.0
2020-07-31,236.0,236.6,233.5,234.45,235.07394366197184,3408.0,256.0,801132.0,1971.0,57.83,3.1,-1.55,1596153600.0
2020-07-30,232.05,238.0,232.05,236.4,236.07549103330487,5855.0,565.0,1382222.0,4288.0,73.24,5.95,4.35,1596067200.0
2020-07-29,240.0,241.0,235.3,236.5,238.81543274244004,3836.0,296.0,916096.0,2288.0,59.65,5.7,-3.5,1595980800.0
2020-07-28,239.9,242.05,234.5,235.75,237.3251385390428,9925.0,676.0,2355452.0,5936.0,59.81,7.55,-4.15,1595894400.0
2020-07-27,220.0,254.25,220.0,238.45,246.5607712222373,14678.0,916.0,3619019.0,7187.0,48.96,34.25,18.45,1595808000.0
2020-07-24,245.0,260.5,242.0,247.45,250.96068558867648,67329.0,2783.0,16896932.0,21103.0,31.34,18.5,2.45,1595548800.0
2020-07-23,248.15,252.9,248.15,251.6,251.7393456945928,10301.0,584.0,2593167.0,6290.0,61.06,4.75,3.45,1595462400.0
2020-07-22,251.8,253.0,248.1,248.75,250.7657021877205,2834.0,223.0,710670.0,1949.0,68.77,4.9,-3.05,1595376000.0
2020-07-21,251.95,252.5,250.65,251.75,251.88888888888889,2115.0,184.0,532745.0,1268.0,59.95,1.85,-0.2,1595289600.0
2020-07-20,250.8,252.95,248.0,250.9,250.99140606349965,4189.0,429.0,1051403.0,2397.0,57.22,4.95,0.1,1595203200.0
2020-07-17,244.2,251.55,243.9,248.5,248.60247965904688,5162.0,435.0,1283286.0,3398.0,65.83,7.65,4.3,1594944000.0
2020-07-16,239.1,246.0,237.65,244.45,242.4822601839685,2283.0,221.0,553587.0,1055.0,46.21,8.35,5.35,1594857600.0
2020-07-15,242.0,245.6,237.1,239.8,242.4975518768944,4289.0,310.0,1040072.0,2958.0,68.97,8.5,-2.2,1594771200.0
2020-07-14,242.65,245.0,238.85,242.7,240.881981981982,1110.0,134.0,267379.0,567.0,51.08,6.15,0.05,1594684800.0
2020-07-13,253.0,253.0,237.5,243.2,242.04825901038484,1637.0,191.0,396233.0,750.0,45.82,15.5,-9.8,1594598400.0
2020-07-10,249.65,251.55,241.3,242.8,245.704183036746,4327.0,346.0,1063162.0,2464.0,56.94,10.25,-6.85,1594339200.0
2020-07-09,254.8,254.8,248.3,249.7,250.13619834710744,3025.0,291.0,756662.0,1819.0,60.13,6.5,-5.1,1594252800.0
2020-07-08,247.0,252.0,246.0,248.2,249.7157148535842,15094.0,950.0,3769209.0,7855.0,52.04,6.0,1.2,1594166400.0
2020-07-07,246.95,247.5,241.0,246.0,244.75651069235653,4723.0,412.0,1155985.0,2288.0,48.44,6.5,-0.95,1594080000.0
2020-07-06,250.0,250.1,242.85,247.15,246.28939277478864,5204.0,392.0,1281690.0,3082.0,59.22,7.25,-2.85,1593993600.0
2020-07-03,238.45,242.0,234.9,239.9,238.61214118939705,7281.0,425.0,1737335.0,4417.0,60.66,7.1,1.45,1593734400.0
2020-07-02,237.55,239.5,235.95,238.4,237.96465530966407,6281.0,333.0,1494656.0,2357.0,37.53,3.55,0.85,1593648000.0
2020-07-01,231.15,235.95,227.85,232.0,231.6752956216044,6258.0,510.0,1449824.0,3291.0,52.59,8.1,0.85,1593561600.0
2020-06-30,233.2,238.5,221.7,234.85,227.384318314804,8545.0,696.0,1942999.0,3712.0,43.44,16.8,1.65,1593475200.0
2020-06-29,242.1,242.1,230.1,232.6,234.3544242658424,10352.0,751.0,2426037.0,7730.0,74.67,12.0,-9.5,1593388800.0
2020-06-26,244.4,249.0,238.85,242.1,241.82337102854063,5571.0,363.0,1347198.0,3380.0,60.67,10.15,-2.3,1593129600.0
2020-06-25,254.0,254.0,239.05,243.8,248.72360344720687,16129.0,1583.0,4011663.0,10550.0,65.41,14.95,-10.2,1593043200.0
2020-06-24,250.0,255.0,245.0,246.4,251.02021178434904,22759.0,1456.0,5712969.0,14547.0,63.92,10.0,-3.6,1592956800.0
2020-06-23,246.1,250.0,243.9,248.3,247.5756513926325,11130.0,1222.0,2755517.0,4841.0,43.5,6.1,2.2,1592870400.0
2020-06-22,250.0,250.0,245.25,248.35,247.87039808440585,6682.0,570.0,1656270.0,3776.0,56.51,4.75,-1.65,1592784000.0
2020-06-19,235.0,247.6,235.0,243.85,242.87164583938767,10323.0,714.0,2507164.0,4609.0,44.65,12.6,8.85,1592524800.0
2020-06-18,237.85,244.0,237.0,238.5,239.985958713037,10754.0,639.0,2580809.0,6927.0,64.41,7.0,0.65,1592438400.0
2020-06-17,233.8,240.0,232.5,239.05,237.3801452784504,4543.0,272.0,1078418.0,3225.0,70.99,7.5,5.25,1592352000.0
2020-06-16,233.95,243.9,229.75,231.35,236.9949078927662,26708.0,1600.0,6329660.0,9895.0,37.05,14.15,-2.6,1592265600.0
2020-06-15,228.0,240.2,223.1,227.65,230.7371016691957,10544.0,1304.0,2432892.0,6572.0,62.33,17.1,-0.35,1592179200.0
2020-06-12,219.75,234.0,219.35,228.75,225.67862556846887,3958.0,384.0,893236.0,1824.0,46.08,14.65,9.0,1591920000.0
2020-06-11,226.85,233.0,225.0,229.55,229.1333887388323,9626.0,1071.0,2205638.0,5346.0,55.54,8.0,2.7,1591833600.0
2020-06-10,227.0,229.35,223.0,223.55,226.71822442790184,3627.0,317.0,822307.0,2041.0,56.27,6.35,-3.45,1591747200.0
2020-06-09,221.0,230.0,220.25,227.45,226.0837893498088,16995.0,1223.0,3842294.0,11206.0,65.94,9.75,6.45,1591660800.0
2020-06-08,219.0,229.45,213.95,222.9,221.83240618101544,11325.0,1168.0,2512252.0,5898.0,52.08,15.5,3.9,1591574400.0
2020-06-05,212.8,217.95,208.65,216.65,214.36979633662096,7807.0,585.0,1673585.0,5068.0,64.92,9.3,3.85,1591315200.0
2020-06-04,210.25,214.2,207.15,208.4,210.369552585706,5163.0,403.0,1086138.0,3874.0,75.03,7.05,-1.85,1591228800.0
2020-06-03,208.25,209.25,200.55,206.95,206.8118577075099,6325.0,303.0,1308085.0,4378.0,69.22,8.7,-1.3,1591142400.0
2020-06-02,211.4,211.4,200.45,204.85,204.57633831608533,7827.0,304.0,1601219.0,4710.0,60.18,10.95,-6.55,1591056000.0
2020-06-01,214.0,217.0,207.0,209.15,212.90503233948567,6339.0,492.0,1349605.0,3347.0,52.8,10.0,-4.85,1590969600.0
2020-05-29,199.8,215.0,195.55,212.1,209.2884114124692,14195.0,872.0,2970849.0,3174.0,22.36,19.45,12.3,1590710400.0
2020-05-28,187.0,199.0,185.8,196.65,192.3587663784652,11219.0,547.0,2158073.0,6012.0,53.59,13.2,9.65,1590624000.0
2020-05-27,177.55,184.95,175.0,183.15,182.309946714032,2252.0,170.0,410562.0,1292.0,57.37,9.95,5.6,1590537600.0
2020-05-26,182.25,182.25,174.2,175.25,175.54767184035475,902.0,88.0,158344.0,542.0,60.09,8.05,-7.0,1590451200.0
2020-05-22,176.9,179.1,176.0,176.85,177.53561253561253,351.0,64.0,62315.0,250.0,71.22,3.1,-0.05,1590105600.0
2020-05-21,179.55,180.85,178.05,178.9,179.24468085106383,752.0,65.0,134792.0,511.0,67.95,2.8,-0.65,1590019200.0
2020-05-20,181.0,182.25,179.35,180.25,180.63370332996968,991.0,142.0,179008.0,625.0,63.07,2.9,-0.75,1589932800.0
2020-05-19,184.95,184.95,181.05,182.55,182.5772083614296,1483.0,71.0,270762.0,1432.0,96.56,3.9,-2.4,1589846400.0
2020-05-18,186.6,187.8,184.0,185.1,184.9160063391442,1262.0,150.0,233364.0,861.0,68.22,3.8,-1.5,1589760000.0
2020-05-15,189.15,189.25,186.65,188.05,187.9149659863945,588.0,50.0,110494.0,514.0,87.41,2.6,-1.1,1589500800.0
2020-05-14,188.0,188.45,187.0,187.4,188.02599653379548,577.0,65.0,108491.0,279.0,48.35,1.45,-0.6,1589414400.0
2020-05-13,192.0,192.25,188.1,189.0,189.73667711598745,638.0,62.0,121052.0,457.0,71.63,4.15,-3.0,1589328000.0
2020-05-12,186.95,191.7,186.0,190.8,188.74397590361443,996.0,94.0,187989.0,469.0,47.09,5.7,3.85,1589241600.0
2020-05-11,188.25,191.0,186.05,190.15,189.0254515599343,1218.0,145.0,230233.0,894.0,73.4,4.95,1.9,1589155200.0
2020-05-08,187.0,188.3,185.0,187.1,186.8259927797833,1385.0,166.0,258754.0,856.0,61.8,3.3,0.1,1588896000.0
2020-05-07,189.15,192.75,183.5,185.55,187.3764705882353,1955.0,178.0,366321.0,1108.0,56.68,9.25,-3.6,1588809600.0
2020-05-06,186.7,193.85,186.7,189.65,191.2612112806288,2163.0,174.0,413698.0,1288.0,59.55,7.15,2.95,1588723200.0
2020-05-05,189.05,189.05,184.7,187.05,187.1118690313779,733.0,94.0,137153.0,297.0,40.52,4.35,-2.0,1588636800.0
2020-05-04,190.2,191.8,185.0,188.3,187.6038461538461,3380.0,320.0,634101.0,1684.0,49.82,6.8,-1.9,1588550400.0
2020-04-30,192.4,196.0,190.1,192.95,193.21709574380955,36629.0,251.0,7077349.0,35667.0,97.37,5.9,0.55,1588204800.0
2020-04-29,192.75,195.2,188.1,192.5,193.0542146305236,2693.0,301.0,519895.0,1614.0,59.93,7.1,-0.25,1588118400.0
2020-04-28,189.9,197.1,189.9,191.25,193.58743089903984,3437.0,315.0,665360.0,1150.0,33.46,7.2,1.35,1588032000.0
2020-04-27,191.85,194.4,183.85,187.2,189.759111042039,12869.0,597.0,2442010.0,4998.0,38.84,10.55,-4.65,1587945600.0
2020-04-24,198.0,198.0,187.2,190.9,190.4539270253556,1617.0,160.0,307964.0,954.0,59.0,10.8,-7.1,1587686400.0
2020-04-23,196.8,197.0,192.3,194.25,194.6303225806452,6200.0,701.0,1206708.0,2146.0,34.61,4.7,-2.55,1587600000.0
2020-04-22,190.6,190.6,183.35,188.7,187.825767996332,2181.0,313.0,409648.0,1358.0,62.26,7.25,-1.9,1587513600.0
2020-04-21,194.9,194.9,182.25,185.8,185.21453990849008,1967.0,294.0,364317.0,1105.0,56.18,12.65,-9.1,1587427200.0
2020-04-20,191.4,192.0,187.65,190.1,189.93939021391688,8134.0,311.0,1544967.0,6779.0,83.34,4.35,-1.3,1587340800.0
2020-04-17,190.9,191.8,184.7,186.75,187.64709605950307,6319.0,782.0,1185742.0,4301.0,68.06,7.1,-4.15,1587081600.0
2020-04-16,189.6,189.6,184.65,186.2,185.78704103671703,2315.0,254.0,430097.0,1564.0,67.56,4.95,-3.4,1586995200.0
2020-04-15,189.35,194.35,184.55,185.25,190.95067264574,4237.0,451.0,809058.0,1379.0,32.55,9.8,-4.1,1586908800.0
2020-04-13,186.0,190.0,179.0,188.6,187.18086402399024,10671.0,465.0,1997407.0,7107.0,66.6,11.0,2.6,1586736000.0
2020-04-09,187.0,189.6,184.5,185.15,187.29218843172328,8385.0,820.0,1570445.0,3482.0,41.53,5.1,-1.85,1586390400.0
2020-04-08,182.3,186.7,176.5,183.4,181.26716694908416,12393.0,1552.0,2246444.0,9670.0,78.03,10.2,1.1,1586304000.0
2020-04-07,182.2,182.2,176.75,177.45,179.81566050345288,8978.0,523.0,1614385.0,6361.0,70.85,5.45,-4.75,1586217600.0
2020-04-03,177.6,180.8,175.25,178.8,177.5709793351303,2226.0,183.0,395273.0,1346.0,60.47,5.55,1.2,1585872000.0
2020-04-01,179.8,184.1,175.05,177.6,179.26801922050186,1873.0,216.0,335769.0,1048.0,55.95,9.05,-2.2,1585699200.0
2020-03-31,174.0,182.5,166.0,179.6,173.53174856413528,6268.0,391.0,1087697.0,2756.0,43.97,16.5,5.6,1585612800.0
2020-03-30,170.0,179.8,159.4,163.9,167.2313824615983,10286.0,639.0,1720142.0,5748.0,55.88,20.4,-6.1,1585526400.0
2020-03-27,177.9,179.85,174.1,175.05,177.21827889447235,3184.0,257.0,564263.0,1976.0,62.06,5.75,-2.85,1585267200.0
2020-03-26,160.05,174.0,159.0,173.45,169.32720490274448,3753.0,276.0,635485.0,2130.0,56.75,15.0,13.4,1585180800.0
2020-03-25,153.1,172.6,149.65,163.7,161.73552926127277,3127.0,341.0,505747.0,1194.0,38.18,22.95,10.6,1585094400.0
2020-03-24,159.35,159.6,137.25,149.2,148.10154241645245,5446.0,593.0,806561.0,3714.0,68.2,22.35,-10.15,1585008000.0
2020-03-23,170.0,170.0,150.2,151.75,154.37834311806915,4599.0,443.0,709986.0,2482.0,53.97,19.8,-18.25,1584921600.0
2020-03-20,168.5,182.5,166.25,181.35,176.91298557158711,9010.0,557.0,1593986.0,5584.0,61.98,16.25,12.85,1584662400.0
2020-03-19,176.5,176.75,156.95,162.5,165.39163439194422,6455.0,394.0,1067603.0,3302.0,51.15,19.8,-14.0,1584576000.0
2020-03-18,184.5,184.65,173.55,177.95,179.4367612293144,3384.0,398.0,607214.0,1820.0,53.78,11.1,-6.55,1584489600.0
2020-03-17,185.0,185.6,177.7,180.5,182.58038733476792,6506.0,564.0,1187868.0,3830.0,58.87,7.9,-4.5,1584403200.0
2020-03-16,186.0,189.85,182.5,185.95,184.597488608668,18874.0,856.0,3484093.0,16670.0,88.32,7.35,-0.05,1584316800.0
2020-03-13,180.8,195.0,160.0,190.1,189.47371328606943,10861.0,500.0,2057874.0,7586.0,69.85,35.0,9.3,1584057600.0
2020-03-12,205.0,205.0,187.95,194.6,192.8174805153492,12574.0,783.0,2424487.0,6705.0,53.32,17.05,-10.4,1583971200.0
2020-03-11,216.85,218.0,207.75,208.5,212.78231788884835,8223.0,365.0,1749709.0,3034.0,36.9,10.25,-8.35,1583884800.0
2020-03-09,227.85,227.95,209.85,212.55,217.4350257213152,8942.0,485.0,1944304.0,5225.0,58.43,18.1,-15.3,1583712000.0
2020-03-06,221.0,231.55,217.95,230.35,224.2148417667964,11818.0,634.0,2649771.0,4996.0,42.27,13.6,9.35,1583452800.0
2020-03-05,229.3,230.95,223.8,227.2,227.6502633012529,5507.0,423.0,1253670.0,2848.0,51.72,7.15,-2.1,1583366400.0
2020-03-04,231.25,232.55,216.6,225.15,225.4723284876308,7842.0,600.0,1768154.0,3373.0,43.01,15.95,-6.1,1583280000.0
2020-03-03,229.0,232.5,222.25,229.5,227.98297598972133,12453.0,1095.0,2839072.0,4723.0,37.93,10.25,0.5,1583193600.0
2020-03-02,239.55,240.15,223.75,226.6,232.4186046511628,8987.0,476.0,2088746.0,2881.0,32.06,16.4,-12.95,1583107200.0
2020-02-28,235.65,238.45,224.1,234.3,229.54642712959225,14862.0,559.0,3411519.0,8047.0,54.14,14.35,-1.35,1582848000.0
2020-02-27,239.0,239.65,230.4,235.65,234.42998461200264,9098.0,631.0,2132844.0,4214.0,46.32,9.25,-3.35,1582761600.0
2020-02-26,239.0,242.6,232.8,236.4,238.3028899183764,18132.0,1280.0,4320908.0,6105.0,33.67,9.8,-2.6,1582675200.0
2020-02-25,244.0,245.0,233.7,235.6,239.48794284013096,6718.0,687.0,1608880.0,2569.0,38.24,11.3,-8.4,1582588800.0
2020-02-24,242.8,247.35,241.5,242.25,243.70302966547445,9506.0,1110.0,2316641.0,5091.0,53.56,5.85,-0.55,1582502400.0
2020-02-20,243.85,258.95,242.55,248.9,251.32193740511505,34252.0,1740.0,8608279.0,6452.0,18.84,16.4,5.05,1582156800.0
2020-02-19,245.45,247.25,241.8,244.45,244.56403269754767,19818.0,820.0,4846770.0,1746.0,8.81,5.45,-1.0,1582070400.0
2020-02-18,239.2,247.7,234.3,245.65,243.2748507200561,17082.0,707.0,4155621.0,9777.0,57.24,13.4,6.45,1581984000.0
2020-02-17,241.55,244.05,238.0,240.45,239.2450409603792,19409.0,912.0,4643507.0,14159.0,72.95,6.05,-1.1,1581897600.0
2020-02-14,247.75,251.75,239.95,242.55,244.13543599257883,7007.0,914.0,1710657.0,2626.0,37.48,11.8,-5.2,1581638400.0
2020-02-13,250.0,252.05,243.35,246.8,248.44693709809988,20683.0,957.0,5138628.0,10173.0,49.19,8.7,-3.2,1581552000.0
2020-02-12,246.9,250.0,240.2,248.7,247.11620683354647,16419.0,1166.0,4057401.0,8888.0,54.13,9.8,1.8,1581465600.0
2020-02-11,235.9,248.85,235.05,248.0,242.93056327957416,25174.0,2540.0,6115534.0,8975.0,35.65,13.8,12.1,1581379200.0
2020-02-10,234.05,242.0,232.25,235.55,235.0673477109345,10572.0,773.0,2485132.0,5953.0,56.31,9.75,1.5,1581292800.0
2020-02-07,245.8,245.8,233.85,241.5,238.9334289661035,18822.0,1667.0,4497205.0,6287.0,33.4,11.95,-4.3,1581033600.0
2020-02-06,246.9,248.7,236.7,238.15,242.99888754982848,21574.0,1313.0,5242458.0,9048.0,41.94,12.0,-8.75,1580947200.0
2020-02-05,236.85,253.85,236.8,246.8,244.06794022960577,98778.0,4902.0,24108543.0,40624.0,41.13,17.05,9.95,1580860800.0
2020-02-04,232.7,240.45,225.5,236.05,233.89899093904447,38848.0,2692.0,9086508.0,13111.0,33.75,14.95,3.35,1580774400.0
2020-02-03,210.0,232.8,210.0,231.35,226.6329126251412,51342.0,4789.0,11635787.0,13889.0,27.05,22.8,21.35,1580688000.0
2020-02-01,223.1,225.9,214.0,217.7,220.9783038694524,32356.0,1955.0,7149974.0,8812.0,27.23,11.9,-5.4,1580515200.0
2020-01-31,224.7,227.6,217.7,225.75,224.2782947150764,98658.0,4631.0,22126848.0,34731.0,35.2,9.9,1.05,1580428800.0
2020-01-30,209.6,224.8,209.6,222.15,217.97042510916657,878245.0,31524.0,191431436.0,641166.0,73.01,15.2,12.55,1580342400.0
2020-01-29,200.55,215.0,195.05,207.95,202.3515214725801,6415298.0,19204.0,1298145311.0,5067725.0,78.99,19.95,7.4,1580256000.0
2020-01-28,203.0,206.1,195.45,197.9,199.83168873704628,1267687.0,1622.0,253324034.0,1212819.0,95.67,10.65,-5.1,1580169600.0
2020-01-27,196.6,197.25,192.5,193.05,194.58776518453936,6882.0,715.0,1339153.0,5714.0,83.03,4.75,-3.55,1580083200.0
2020-01-24,197.3,199.0,194.55,195.2,198.28275178710453,14129.0,760.0,2801537.0,13018.0,92.14,4.45,-2.1,1579824000.0
2020-01-23,196.65,197.5,195.75,195.95,196.41463414634143,1230.0,151.0,241590.0,740.0,60.16,1.75,-0.7,1579737600.0
2020-01-22,197.8,199.85,196.0,196.75,197.67757147067488,10179.0,442.0,2012160.0,6468.0,63.54,3.85,-1.05,1579651200.0
2020-01-21,198.0,202.4,197.8,199.5,199.49895561357704,3830.0,195.0,764081.0,2691.0,70.26,4.6,1.5,1579564800.0
2020-01-20,202.1,203.95,198.1,199.3,200.54286843145,2531.0,267.0,507574.0,1692.0,66.85,5.85,-2.8,1579478400.0
2020-01-17,199.3,201.75,198.0,198.9,199.3178031471768,3241.0,132.0,645989.0,2794.0,86.21,3.75,-0.4,1579219200.0
2020-01-16,198.0,210.1,195.2,199.8,204.9087323128144,27633.0,734.0,5662243.0,23023.0,83.32,14.9,1.8,1579132800.0
2020-01-15,198.2,198.45,194.05,195.4,195.745625,1600.0,529.0,313193.0,946.0,59.12,4.4,-2.8,1579046400.0
2020-01-14,203.0,203.0,196.0,197.5,199.4769560557341,2799.0,207.0,558336.0,1960.0,70.02,7.0,-5.5,1578960000.0
2020-01-13,195.85,202.0,195.0,199.25,199.6281310211946,2076.0,396.0,414428.0,1241.0,59.78,7.0,3.4,1578873600.0
2020-01-10,196.7,197.0,194.25,195.75,196.1321321321321,2331.0,304.0,457184.0,1848.0,79.28,2.75,-0.95,1578614400.0
2020-01-09,195.0,197.05,190.8,194.1,193.62748955003687,4067.0,941.0,787483.0,1017.0,25.01,6.25,-0.9,1578528000.0
2020-01-08,192.5,195.1,192.5,193.45,193.5386949924128,659.0,150.0,127542.0,418.0,63.43,2.6,0.95,1578441600.0
2020-01-07,198.1,198.5,193.7,194.05,194.488526770868,3007.0,268.0,584827.0,2323.0,77.25,4.8,-4.05,1578355200.0
2020-01-06,197.5,199.0,194.55,195.2,196.483367983368,1924.0,241.0,378034.0,1115.0,57.95,4.45,-2.3,1578268800.0
2020-01-03,203.0,203.0,198.3,198.8,200.5984251968504,2921.0,376.0,585948.0,2360.0,80.79,4.7,-4.2,1578009600.0
2020-01-02,198.0,199.95,197.0,198.75,197.93615544760584,1441.0,77.0,285226.0,1327.0,92.09,2.95,0.75,1577923200.0
2020-01-01,203.95,204.0,200.05,201.05,202.7254273504273,936.0,127.0,189751.0,579.0,61.86,3.95,-2.9,1577836800.0
2019-12-31,197.45,202.95,197.45,201.25,200.4808806488992,863.0,276.0,173015.0,433.0,50.17,5.5,3.8,1577750400.0
2019-12-30,192.0,199.8,192.0,197.95,197.9143294237633,1961.0,430.0,388110.0,1329.0,67.77,7.8,5.95,1577664000.0
2019-12-27,193.0,193.0,191.4,192.0,192.3188028627196,1537.0,72.0,295594.0,1294.0,84.19,1.6,-1.0,1577404800.0
2019-12-26,193.3,196.45,189.1,192.5,192.78464541314247,1537.0,131.0,296310.0,910.0,59.21,7.35,-0.8,1577318400.0
2019-12-24,192.55,193.6,191.9,193.0,192.2913279132792,1476.0,82.0,283822.0,1131.0,76.63,1.7,0.45,1577145600.0
2019-12-23,194.0,194.15,187.0,190.85,192.11036468330133,2084.0,114.0,400358.0,1378.0,66.12,7.15,-3.15,1577059200.0
2019-12-20,191.85,194.9,191.75,193.7,193.058394160584,2466.0,206.0,476082.0,1531.0,62.08,3.15,1.85,1576800000.0
2019-12-19,197.15,197.15,189.85,190.7,192.07692307692307,611.0,143.0,117359.0,403.0,65.96,7.3,-6.45,1576713600.0
2019-12-18,197.0,197.45,193.4,194.7,194.8121869782972,1198.0,108.0,233385.0,540.0,45.08,4.05,-2.3,1576627200.0
2019-12-17,190.4,203.3,187.9,196.9,197.28107606679035,5390.0,320.0,1063345.0,1152.0,21.37,15.4,6.5,1576540800.0
2019-12-16,188.0,188.0,184.2,186.95,186.4774494556765,643.0,95.0,119905.0,514.0,79.94,3.8,-1.05,1576454400.0
2019-12-13,186.0,186.0,180.55,182.1,182.2802231866088,6452.0,406.0,1176072.0,5183.0,80.33,5.45,-3.9,1576195200.0
2019-12-12,189.0,191.25,184.6,185.15,186.5279146141216,14616.0,486.0,2726292.0,13609.0,93.11,6.65,-3.85,1576108800.0
2019-12-11,196.35,196.35,185.0,189.0,189.29764379764376,2886.0,408.0,546313.0,2156.0,74.71,11.35,-7.35,1576022400.0
2019-12-10,196.35,196.35,191.25,191.85,192.52540913006027,1161.0,139.0,223522.0,1005.0,86.56,5.1,-4.5,1575936000.0
2019-12-09,198.0,198.95,194.45,195.2,196.95957446808512,2820.0,556.0,555426.0,2088.0,74.04,4.5,-2.8,1575849600.0
2019-12-06,199.3,201.5,197.1,197.7,199.4867057232988,2219.0,359.0,442661.0,1204.0,54.26,4.4,-1.6,1575590400.0
2019-12-05,208.0,210.0,199.1,199.85,203.95987239758225,5956.0,434.0,1214785.0,3300.0,55.41,10.9,-8.15,1575504000.0
2019-12-04,202.0,202.0,198.0,198.45,199.00952899537165,3673.0,398.0,730962.0,3371.0,91.78,4.0,-3.55,1575417600.0
2019-12-03,202.0,202.5,199.0,199.85,199.9422334172964,5955.0,213.0,1190656.0,4523.0,75.95,3.5,-2.15,1575331200.0
2019-12-02,205.0,205.65,200.0,200.45,201.8877192982456,1140.0,160.0,230152.0,676.0,59.3,5.65,-4.55,1575244800.0
2019-11-29,204.6,206.55,204.3,204.55,204.9262295081967,488.0,48.0,100004.0,329.0,67.42,2.25,-0.05,1574985600.0
2019-11-28,205.0,208.35,204.5,205.95,206.09732016925247,709.0,82.0,146123.0,424.0,59.8,3.85,0.95,1574899200.0
2019-11-27,205.4,205.6,204.45,204.85,204.6697247706422,2180.0,72.0,446180.0,1753.0,80.41,1.15,-0.55,1574812800.0
2019-11-26,210.65,210.8,203.75,206.1,207.78825522303785,1771.0,207.0,367993.0,936.0,52.85,7.05,-4.55,1574726400.0
2019-11-25,215.0,215.55,208.15,210.25,210.92577104025088,1913.0,118.0,403501.0,842.0,44.01,7.4,-4.75,1574640000.0
2019-11-22,211.9,212.5,208.85,210.75,210.52492917847025,3530.0,75.0,743153.0,3153.0,89.32,3.65,-1.15,1574380800.0
2019-11-21,219.7,219.7,208.2,211.35,210.14068825910928,988.0,114.0,207619.0,705.0,71.36,11.5,-8.35,1574294400.0
2019-11-20,208.55,208.55,205.05,207.5,206.7678571428572,1400.0,166.0,289475.0,790.0,56.43,3.5,-1.05,1574208000.0
2019-11-19,206.15,215.25,204.8,210.55,209.6510770138684,6778.0,226.0,1421015.0,3499.0,51.62,10.45,4.4,1574121600.0
2019-11-18,203.75,208.95,203.75,205.45,205.3027450980392,2550.0,244.0,523522.0,2133.0,83.65,5.2,1.7,1574035200.0
2019-11-15,226.0,226.0,197.1,204.05,204.3934389140272,4420.0,377.0,903419.0,3528.0,79.82,28.9,-21.95,1573776000.0
2019-11-14,197.1,210.15,197.1,206.55,203.30480309583427,13179.0,1236.0,2679354.0,11443.0,86.83,13.05,9.45,1573689600.0
2019-11-13,202.0,203.9,197.1,198.8,200.0584307178632,1797.0,199.0,359505.0,1265.0,70.4,6.8,-3.2,1573603200.0
2019-11-11,204.45,206.15,201.65,202.1,202.41648590021688,1844.0,293.0,373256.0,1408.0,76.36,4.5,-2.35,1573430400.0
2019-11-08,205.05,205.05,202.05,203.5,203.0767898383372,1732.0,99.0,351729.0,1287.0,74.31,3.0,-1.55,1573171200.0
2019-11-07,204.55,205.9,202.55,203.05,203.26174496644293,1341.0,188.0,272574.0,828.0,61.74,3.35,-1.5,1573084800.0
2019-11-06,202.65,203.7,200.0,202.85,201.92090909090908,1100.0,96.0,222113.0,744.0,67.64,3.7,0.2,1572998400.0
2019-11-05,212.65,212.65,203.1,204.95,205.57776694295464,2051.0,336.0,421640.0,1551.0,75.62,9.55,-7.7,1572912000.0
2019-11-04,213.0,215.0,210.05,210.4,212.48808664259928,1385.0,105.0,294296.0,986.0,71.19,4.95,-2.6,1572825600.0
2019-11-01,207.65,215.0,206.8,211.25,211.225974025974,5005.0,446.0,1057186.0,1804.0,36.04,8.2,3.6,1572566400.0
2019-10-31,204.45,208.25,204.45,207.3,206.42712721145745,2374.0,75.0,490058.0,1747.0,73.59,3.8,2.85,1572480000.0
2019-10-30,199.5,204.7,199.5,203.4,203.34717494894488,1469.0,157.0,298717.0,893.0,60.79,5.2,3.9,1572393600.0
2019-10-29,201.0,201.0,190.65,198.7,195.0823571175009,2817.0,353.0,549547.0,1680.0,59.64,10.35,-2.3,1572307200.0
2019-10-27,208.9,208.9,193.0,197.75,197.47234164517053,3489.0,395.0,688981.0,2944.0,84.38,15.9,-11.15,1572134400.0
2019-10-25,202.35,202.35,195.1,199.35,198.72612110463643,3947.0,451.0,784372.0,2391.0,60.58,7.25,-3.0,1571961600.0
2019-10-24,217.0,219.75,196.95,199.2,207.8619316824588,12559.0,836.0,2610538.0,8265.0,65.81,22.8,-17.8,1571875200.0
2019-10-23,223.6,224.5,217.25,218.4,221.09787326388889,9216.0,791.0,2037638.0,7337.0,79.61,7.25,-5.2,1571788800.0
2019-10-22,228.5,229.3,225.0,227.55,227.4094626168224,1712.0,223.0,389325.0,1153.0,67.35,4.3,-0.95,1571702400.0
2019-10-18,229.5,231.95,227.1,228.2,229.5864930154396,9521.0,504.0,2185893.0,8312.0,87.3,4.85,-1.3,1571356800.0
2019-10-17,232.0,232.6,229.05,230.05,230.0986132511556,649.0,95.0,149334.0,364.0,56.09,3.55,-1.95,1571270400.0
2019-10-16,237.1,237.1,234.5,234.55,235.32432432432432,37.0,9.0,8707.0,19.0,51.35,2.6,-2.55,1571184000.0
2019-10-15,236.4,238.5,202.0,233.05,231.2442156268928,8255.0,319.0,1908921.0,4582.0,55.51,36.5,-3.35,1571097600.0
2019-10-14,239.55,239.55,236.55,237.75,238.14986686953213,2629.0,81.0,626096.0,2353.0,89.5,3.0,-1.8,1571011200.0
2019-10-11,237.55,238.0,233.55,237.8,235.88151898734176,1975.0,319.0,465866.0,1502.0,76.05,4.45,0.25,1570752000.0
2019-10-10,232.0,244.55,226.0,239.1,235.8914,5000.0,482.0,1179457.0,2457.0,49.14,18.55,7.1,1570665600.0
2019-10-09,235.7,235.7,225.25,229.2,226.51259138911453,1231.0,155.0,278837.0,817.0,66.37,10.45,-6.5,1570579200.0
2019-10-07,232.05,233.75,220.45,226.85,228.18103448275863,3364.0,684.0,767601.0,1976.0,58.74,13.3,-5.2,1570406400.0
2019-10-04,235.9,237.85,233.0,234.15,234.5466377440347,461.0,35.0,108126.0,306.0,66.38,4.85,-1.75,1570147200.0
2019-10-03,236.75,237.25,234.0,235.45,235.36774193548388,465.0,118.0,109446.0,322.0,69.25,3.25,-1.3,1570060800.0
2019-10-01,236.7,246.85,235.0,237.0,236.78579881656805,845.0,157.0,200084.0,512.0,60.59,11.85,0.3,1569888000.0
2019-09-30,241.0,242.5,238.95,239.4,240.6628122109158,2162.0,259.0,520313.0,1570.0,72.62,3.55,-1.6,1569801600.0
2019-09-27,242.0,242.45,237.8,238.85,239.55398383371823,3464.0,457.0,829815.0,2678.0,77.31,4.65,-3.15,1569542400.0
2019-09-26,237.2,240.5,234.95,237.6,237.0818823529412,2125.0,164.0,503799.0,1308.0,61.55,5.55,0.4,1569456000.0
2019-09-25,238.45,238.45,232.5,233.25,234.30789754535752,3748.0,831.0,878186.0,3008.0,80.26,5.95,-5.2,1569369600.0
2019-09-24,243.8,243.8,240.0,241.05,241.0188172043011,372.0,66.0,89659.0,174.0,46.77,3.8,-2.75,1569283200.0
2019-09-23,248.0,248.0,239.25,240.85,243.33528461849008,4954.0,341.0,1205483.0,2931.0,59.16,8.75,-7.15,1569196800.0
2019-09-20,245.85,248.25,241.0,244.6,243.24724409448817,1270.0,271.0,308924.0,784.0,61.73,7.25,-1.25,1568937600.0
2019-09-19,246.95,248.0,242.0,246.85,245.4248366013072,1071.0,152.0,262850.0,606.0,56.58,6.0,-0.1,1568851200.0
2019-09-18,243.05,248.2,243.05,245.7,246.40610328638496,426.0,35.0,104969.0,288.0,67.61,5.15,2.65,1568764800.0
2019-09-17,247.05,247.6,243.05,244.25,245.63924050632912,316.0,51.0,77622.0,209.0,66.14,4.55,-2.8,1568678400.0
2019-09-16,250.0,250.0,243.75,245.45,245.51017847183488,7172.0,127.0,1760799.0,6697.0,93.38,6.25,-4.55,1568592000.0
2019-09-13,245.7,249.3,245.0,249.05,246.17939814814807,864.0,191.0,212699.0,490.0,56.71,4.3,3.35,1568332800.0
2019-09-12,244.9,245.65,242.75,244.1,243.78984063745017,1004.0,111.0,244765.0,594.0,59.16,2.9,-0.8,1568246400.0
2019-09-11,242.0,248.4,239.5,246.7,244.0143790849673,1530.0,96.0,373342.0,1358.0,88.76,8.9,4.7,1568160000.0
2019-09-09,234.8,240.1,234.8,240.0,238.2669172932331,266.0,31.0,63379.0,140.0,52.63,5.3,5.2,1567987200.0
2019-09-06,236.2,239.95,235.05,238.55,237.251968503937,254.0,74.0,60262.0,149.0,58.66,4.9,2.35,1567728000.0
2019-09-05,235.0,235.85,233.8,235.7,235.09278350515464,194.0,21.0,45608.0,154.0,79.38,2.05,0.7,1567641600.0
2019-09-04,238.0,238.0,233.0,234.15,233.46840958605665,918.0,116.0,214324.0,856.0,93.25,5.0,-3.85,1567555200.0
2019-09-03,235.9,235.9,231.6,232.8,233.0093567251461,855.0,170.0,199223.0,562.0,65.73,4.3,-3.1,1567468800.0
2019-08-30,238.1,239.35,234.5,235.25,235.42038216560508,2198.0,143.0,517454.0,1814.0,82.53,4.85,-2.85,1567123200.0
2019-08-29,242.35,242.45,237.05,238.05,238.9817596566524,932.0,82.0,222731.0,590.0,63.3,5.4,-4.3,1567036800.0
2019-08-28,243.65,243.65,240.55,241.65,242.3344566133109,1187.0,47.0,287651.0,1042.0,87.78,3.1,-2.0,1566950400.0
2019-08-27,246.0,248.05,243.05,246.15,246.14661406969097,30420.0,1205.0,7487780.0,27540.0,90.53,5.0,0.15,1566864000.0
2019-08-26,252.9,252.9,241.4,243.25,242.6568123393316,1556.0,66.0,377574.0,1369.0,87.98,11.5,-9.65,1566777600.0
2019-08-23,244.0,244.0,238.75,241.65,241.2714592274678,4660.0,301.0,1124325.0,2289.0,49.12,5.25,-2.35,1566518400.0
2019-08-22,242.55,246.15,240.45,244.05,242.7059800664452,602.0,69.0,146109.0,220.0,36.54,5.7,1.5,1566432000.0
2019-08-21,244.9,246.15,242.7,244.25,244.38938053097343,452.0,34.0,110464.0,281.0,62.17,3.45,-0.65,1566345600.0
2019-08-20,246.0,246.3,244.7,245.6,245.2236842105264,532.0,59.0,130459.0,77.0,14.47,1.6,-0.4,1566259200.0
2019-08-19,244.9,247.85,242.4,247.7,245.85128805620607,854.0,128.0,209957.0,742.0,86.89,5.45,2.8,1566172800.0
2019-08-16,241.7,244.15,240.15,243.1,242.05719237435008,577.0,16.0,139667.0,535.0,92.72,4.0,1.4,1565913600.0
2019-08-14,249.95,249.95,240.0,241.4,241.41911562757485,3641.0,264.0,879007.0,3016.0,82.83,9.95,-8.55,1565740800.0
2019-08-13,248.0,248.0,239.8,242.4,242.6227810650888,676.0,62.0,164013.0,218.0,32.25,8.2,-5.6,1565654400.0
2019-08-09,242.8,249.45,242.65,247.35,246.6476868327402,281.0,60.0,69308.0,116.0,41.28,6.8,4.55,1565308800.0
2019-08-08,242.5,245.05,242.05,244.4,242.93147751606,467.0,37.0,113449.0,410.0,87.79,3.0,1.9,1565222400.0
2019-08-07,243.65,243.65,240.0,241.2,241.1471698113208,265.0,23.0,63904.0,125.0,47.17,3.65,-2.45,1565136000.0
2019-08-06,235.9,243.2,235.7,240.05,240.81986328910327,2487.0,137.0,598919.0,453.0,18.21,7.5,4.15,1565049600.0
2019-08-05,235.45,236.4,233.0,235.6,233.3639167309175,1297.0,33.0,302673.0,1138.0,87.74,3.4,0.15,1564963200.0
2019-08-02,247.05,247.05,238.4,239.5,239.59803921568627,2346.0,67.0,562097.0,2035.0,86.74,8.65,-7.55,1564704000.0
2019-08-01,248.5,249.45,244.7,245.35,246.348134991119,563.0,31.0,138694.0,376.0,66.78,4.75,-3.15,1564617600.0
2019-07-31,244.6,247.5,244.6,246.8,245.69503546099287,141.0,11.0,34643.0,76.0,53.9,2.9,2.2,1564531200.0
2019-07-30,244.7,246.05,240.05,245.0,244.22138836772984,1066.0,69.0,260340.0,765.0,71.76,6.0,0.3,1564444800.0
2019-07-29,246.8,246.8,244.2,245.45,245.45341614906832,161.0,23.0,39518.0,110.0,68.32,2.6,-1.35,1564358400.0
2019-07-26,243.55,253.95,243.2,245.7,249.48632218844983,1645.0,176.0,410405.0,664.0,40.36,10.75,2.15,1564099200.0
2019-07-25,245.05,246.5,241.05,244.1,243.72,850.0,88.0,207162.0,219.0,25.76,5.45,-0.95,1564012800.0
2019-07-24,247.25,247.25,244.1,246.15,245.1828268210323,2073.0,83.0,508264.0,1374.0,66.28,3.15,-1.1,1563926400.0
2019-07-23,245.85,248.15,245.85,247.6,247.10743801652887,1089.0,56.0,269100.0,802.0,73.65,2.3,1.75,1563840000.0
2019-07-22,243.5,246.5,243.3,245.65,245.00592153960028,31073.0,77.0,7613069.0,30593.0,98.46,3.2,2.15,1563753600.0
2019-07-19,244.7,247.6,242.0,246.7,246.09981343283584,3216.0,148.0,791457.0,1870.0,58.15,5.6,2.0,1563494400.0
2019-07-18,246.6,246.6,245.5,245.5,245.6034482758621,58.0,5.0,14245.0,52.0,89.66,1.1,-1.1,1563408000.0
2019-07-17,243.0,246.4,241.0,244.45,244.8482676224612,1674.0,134.0,409876.0,1161.0,69.35,5.4,1.45,1563321600.0
2019-07-16,241.25,243.75,234.6,241.55,238.84001823154057,2194.0,77.0,524015.0,886.0,40.38,9.15,0.3,1563235200.0
2019-07-15,234.6,244.15,234.6,241.95,240.27954048140043,1828.0,127.0,439231.0,1221.0,66.79,9.55,7.35,1563148800.0
2019-07-12,240.0,240.0,236.2,238.95,238.59153846153848,2600.0,150.0,620338.0,974.0,37.46,3.8,-1.05,1562889600.0
2019-07-11,244.2,251.6,235.0,238.2,241.81269160024524,6524.0,559.0,1577586.0,924.0,14.16,16.6,-6.0,1562803200.0
2019-07-10,241.55,241.55,236.25,240.3,239.42326332794832,619.0,58.0,148203.0,439.0,70.92,5.3,-1.25,1562716800.0
2019-07-09,248.75,248.75,236.2,238.45,240.30610021786487,2754.0,289.0,661803.0,1705.0,61.91,12.55,-10.3,1562630400.0
2019-07-08,246.1,255.0,244.25,245.35,246.10659599528856,1698.0,137.0,417889.0,984.0,57.95,10.75,-0.75,1562544000.0
2019-07-05,254.0,254.6,250.15,251.35,252.03212851405624,996.0,70.0,251024.0,625.0,62.75,4.45,-2.65,1562284800.0
2019-07-04,256.1,257.45,252.3,254.55,255.28571428571428,322.0,27.0,82202.0,124.0,38.51,5.15,-1.55,1562198400.0
2019-07-03,261.0,261.0,253.0,254.9,257.01605504587155,436.0,54.0,112059.0,229.0,52.52,8.0,-6.1,1562112000.0
2019-07-02,257.1,258.15,256.4,257.35,257.140562248996,249.0,23.0,64028.0,125.0,50.2,1.75,0.25,1562025600.0
2019-07-01,256.25,257.95,255.4,256.85,256.57339449541286,436.0,26.0,111866.0,320.0,73.39,2.55,0.6,1561939200.0
2019-06-28,252.5,257.2,251.55,255.85,254.977969762419,2315.0,113.0,590274.0,368.0,15.9,5.65,3.35,1561680000.0
2019-06-27,256.0,257.5,254.1,254.7,256.11177644710574,501.0,46.0,128312.0,257.0,51.3,3.4,-1.3,1561593600.0
2019-06-26,254.8,254.8,251.7,253.6,253.51046511627905,860.0,80.0,218019.0,347.0,40.35,3.1,-1.2,1561507200.0
2019-06-25,251.4,253.0,250.1,251.0,251.62857142857143,875.0,49.0,220175.0,374.0,42.74,2.9,-0.4,1561420800.0
2019-06-24,250.0,253.35,248.0,252.3,250.46264130135097,3627.0,195.0,908428.0,1413.0,38.96,5.35,2.3,1561334400.0
2019-06-21,254.95,255.6,247.5,249.05,251.4798761609908,1292.0,147.0,324912.0,845.0,65.4,8.1,-5.9,1561075200.0
2019-06-20,253.6,256.65,250.7,256.15,253.0603448275862,580.0,63.0,146775.0,382.0,65.86,5.95,2.55,1560988800.0
2019-06-19,257.5,257.6,254.5,256.0,256.21932515337426,652.0,83.0,167055.0,409.0,62.73,3.1,-1.5,1560902400.0
2019-06-18,264.3,264.3,258.95,259.45,261.04633204633205,259.0,25.0,67611.0,154.0,59.46,5.35,-4.85,1560816000.0
2019-06-17,260.1,265.0,260.1,261.75,262.5554098360656,3050.0,171.0,800794.0,1697.0,55.64,4.9,1.65,1560729600.0
2019-06-14,257.2,257.8,255.95,256.55,256.6086286594761,1298.0,62.0,333078.0,881.0,67.87,1.85,-0.65,1560470400.0
2019-06-13,257.65,260.2,254.0,256.05,257.56152681660893,9248.0,295.0,2381929.0,4545.0,49.15,6.2,-1.6,1560384000.0
2019-06-12,259.85,259.85,255.35,256.8,258.1223880597015,335.0,29.0,86471.0,214.0,63.88,4.5,-3.05,1560297600.0
2019-06-11,259.5,259.65,258.0,258.25,259.1645390070922,705.0,23.0,182711.0,597.0,84.68,1.65,-1.25,1560211200.0
2019-06-10,260.7,262.0,258.0,258.4,260.1677655677656,1365.0,47.0,355129.0,889.0,65.13,4.0,-2.3,1560124800.0
2019-06-07,259.7,261.8,258.25,261.45,260.85351270553065,669.0,38.0,174511.0,484.0,72.35,3.55,1.75,1559865600.0
2019-06-06,263.0,266.7,261.75,264.35,264.32941176470587,425.0,31.0,112340.0,221.0,52.0,4.95,1.35,1559779200.0
2019-06-04,264.25,265.95,263.05,263.4,264.3236423477784,1823.0,102.0,481862.0,1053.0,57.76,2.9,-0.85,1559606400.0
2019-06-03,257.0,258.0,253.5,255.85,255.06757634827807,1539.0,119.0,392549.0,580.0,37.69,4.5,-1.15,1559520000.0
2019-05-31,265.05,265.05,257.0,257.55,259.9452343338599,1899.0,141.0,493636.0,1234.0,64.98,8.05,-7.5,1559260800.0
2019-05-30,261.45,270.9,261.45,263.5,264.97903682719544,1765.0,103.0,467688.0,812.0,46.01,9.45,2.05,1559174400.0
2019-05-29,265.7,269.4,263.9,264.85,266.09882352941173,850.0,78.0,226184.0,345.0,40.59,5.5,-0.85,1559088000.0
2019-05-28,270.0,272.0,265.0,269.4,269.3160706946157,2433.0,171.0,655246.0,1418.0,58.28,7.0,-0.6,1559001600.0
2019-05-27,270.45,272.15,269.6,270.3,270.8957011980268,1419.0,73.0,384401.0,670.0,47.22,2.55,-0.15,1558915200.0
2019-05-24,266.95,272.0,262.65,268.6,269.3575364667747,3085.0,144.0,830968.0,1165.0,37.76,9.35,1.65,1558656000.0
2019-05-23,268.4,271.0,261.9,269.0,267.8732512859958,41602.0,234.0,11144063.0,36326.0,87.32,9.1,0.6,1558569600.0
2019-05-22,264.95,270.0,261.0,263.9,266.80860575579766,3579.0,202.0,954908.0,2359.0,65.91,9.0,-1.05,1558483200.0
2019-05-21,260.45,265.65,250.0,262.4,257.3370017447322,7451.0,443.0,1917418.0,2231.0,29.94,15.65,1.95,1558396800.0
2019-05-20,258.15,263.55,255.3,261.45,260.1625929861849,4705.0,156.0,1224065.0,2540.0,53.99,8.25,3.3,1558310400.0
2019-05-17,255.2,258.0,255.1,256.9,256.3404255319149,282.0,26.0,72288.0,155.0,54.96,2.9,1.7,1558051200.0
2019-05-16,255.0,259.45,253.1,256.2,255.4607961399276,829.0,69.0,211777.0,162.0,19.54,6.35,1.2,1557964800.0
2019-05-15,259.0,262.3,253.0,255.55,262.1271104530405,145881.0,340.0,38239365.0,141510.0,97.0,9.3,-3.45,1557878400.0
2019-05-14,271.0,271.0,252.0,259.95,259.95744862429166,58588.0,179.0,15230387.0,55240.0,94.29,19.0,-11.05,1557792000.0
2019-05-13,270.7,272.0,269.7,270.8,270.75,432.0,40.0,116964.0,280.0,64.81,2.3,0.1,1557705600.0
2019-05-10,266.0,270.8,266.0,269.25,268.5394957983193,595.0,50.0,159781.0,320.0,53.78,4.8,3.25,1557446400.0
2019-05-09,259.05,266.0,258.9,264.45,261.829203539823,1130.0,66.0,295867.0,270.0,23.89,7.1,5.4,1557360000.0
2019-05-08,256.1,260.0,256.05,259.85,258.10599571734474,934.0,48.0,241071.0,550.0,58.89,3.95,3.75,1557273600.0
2019-05-07,256.0,258.05,255.15,257.25,257.38217967599405,1358.0,61.0,349525.0,605.0,44.55,2.9,1.25,1557187200.0
2019-05-06,258.0,258.8,255.0,258.05,257.5428167020524,1413.0,114.0,363908.0,545.0,38.57,3.8,0.05,1557100800.0
2019-05-03,259.6,260.0,258.7,259.2,259.3642224012893,1241.0,91.0,321871.0,788.0,63.5,1.3,-0.4,1556841600.0
2019-05-02,269.95,269.95,258.6,259.7,259.3241928350288,2261.0,69.0,586332.0,1561.0,69.04,11.35,-10.25,1556755200.0
2019-04-30,257.0,262.0,256.85,260.0,260.2434612282521,8679.0,205.0,2258653.0,6038.0,69.57,5.15,3.0,1556582400.0
2019-04-26,256.0,261.65,256.0,257.1,259.7268020385484,664983.0,302.0,172713908.0,655570.0,98.58,5.65,1.1,1556236800.0
2019-04-25,259.85,260.0,255.05,258.45,258.5699015471168,3555.0,104.0,919216.0,1823.0,51.28,4.95,-1.4,1556150400.0
2019-04-24,264.15,264.75,258.0,259.85,260.4411918452692,1913.0,92.0,498224.0,827.0,43.23,6.75,-4.3,1556064000.0
2019-04-23,259.4,260.0,257.0,260.0,259.8722986247544,1527.0,41.0,396825.0,1414.0,92.6,3.0,0.6,1555977600.0
2019-04-22,270.0,270.0,257.6,259.5,262.435002813731,1777.0,100.0,466347.0,913.0,51.38,12.4,-10.5,1555891200.0
2019-04-18,269.25,270.0,264.65,267.4,266.8181818181818,1298.0,59.0,346330.0,759.0,58.47,5.35,-1.85,1555545600.0
2019-04-16,270.3,270.5,269.4,269.95,269.9865497076024,1710.0,35.0,461677.0,1083.0,63.33,1.1,-0.35,1555372800.0
2019-04-15,269.1,272.2,268.0,269.45,270.34865105247553,3373.0,107.0,911886.0,1711.0,50.73,4.2,0.35,1555286400.0
2019-04-12,272.4,272.95,269.0,270.65,271.5300127713921,3915.0,105.0,1063040.0,3025.0,77.27,3.95,-1.75,1555027200.0
2019-04-11,276.0,276.0,272.55,275.55,275.23193226489263,3307.0,58.0,910192.0,2726.0,82.43,3.45,-0.45,1554940800.0
2019-04-10,280.1,282.3,275.65,277.45,276.7460414129111,3284.0,88.0,908834.0,1712.0,52.13,6.65,-2.65,1554854400.0
2019-04-09,281.8,282.65,276.0,279.95,280.7624309392265,543.0,39.0,152454.0,237.0,43.65,6.65,-1.85,1554768000.0
2019-04-08,282.0,285.8,280.0,280.4,282.77502770594754,2707.0,98.0,765472.0,1192.0,44.03,5.8,-1.6,1554681600.0
2019-04-05,287.45,287.45,281.1,282.25,284.02846975088966,562.0,72.0,159624.0,311.0,55.34,6.35,-5.2,1554422400.0
2019-04-04,285.75,287.5,281.05,285.2,284.3579925650558,2690.0,72.0,764923.0,1054.0,39.18,6.45,-0.55,1554336000.0
2019-04-03,293.1,295.65,283.0,283.7,289.0023622047244,2540.0,131.0,734066.0,1031.0,40.59,12.65,-9.4,1554249600.0
2019-04-02,280.0,293.75,280.0,292.5,286.3132036847492,1954.0,70.0,559456.0,537.0,27.48,13.75,12.5,1554163200.0
2019-04-01,286.95,291.05,285.75,286.2,286.46967213114755,1220.0,66.0,349493.0,512.0,41.97,5.3,-0.75,1554076800.0
2019-03-29,287.85,288.05,284.0,284.5,285.50740375123394,1013.0,118.0,289219.0,657.0,64.86,4.05,-3.35,1553817600.0
2019-03-28,290.35,292.7,285.05,289.35,290.1530054644809,1464.0,51.0,424784.0,1014.0,69.26,7.65,-1.0,1553731200.0
2019-03-27,290.0,295.5,288.6,292.1,291.56584893479663,3098.0,131.0,903271.0,1513.0,48.84,6.9,2.1,1553644800.0
2019-03-26,289.55,294.0,279.75,293.2,287.9931796598463,11583.0,425.0,3335825.0,4410.0,38.07,14.25,3.65,1553558400.0
2019-03-25,281.5,291.15,278.4,288.15,285.04903809883064,2651.0,127.0,755665.0,1038.0,39.16,12.75,6.65,1553472000.0
2019-03-22,286.8,286.8,281.5,282.5,283.51959038290295,2246.0,82.0,636785.0,1217.0,54.19,5.3,-4.3,1553212800.0
2019-03-20,286.65,290.0,283.45,286.15,285.4723618090452,398.0,37.0,113618.0,247.0,62.06,6.55,-0.5,1553040000.0
2019-03-19,293.65,293.65,285.15,286.8,288.125641025641,1560.0,84.0,449476.0,709.0,45.45,8.5,-6.85,1552953600.0
2019-03-18,293.0,294.25,288.15,289.55,291.8061974789916,1904.0,85.0,555599.0,764.0,40.13,6.1,-3.45,1552867200.0
2019-03-15,290.95,291.55,288.35,289.1,289.6617548559946,2986.0,101.0,864930.0,1567.0,52.48,3.2,-1.85,1552608000.0
2019-03-14,297.15,297.15,286.8,287.6,289.1412009512485,3364.0,156.0,972671.0,2138.0,63.56,10.35,-9.55,1552521600.0
2019-03-13,296.2,306.4,295.45,297.4,301.4502865961199,27216.0,807.0,8204271.0,3726.0,13.69,10.95,1.2,1552435200.0
2019-03-12,298.0,300.4,295.9,299.45,299.06271777003485,5453.0,111.0,1630789.0,1873.0,34.35,4.5,1.45,1552348800.0
2019-03-11,291.05,301.25,291.05,294.55,298.3962247429989,11284.0,368.0,3367103.0,3724.0,33.0,10.2,3.5,1552262400.0
2019-03-08,299.9,299.9,285.5,288.1,288.55297823596794,3492.0,63.0,1007627.0,871.0,24.94,14.4,-11.8,1552003200.0
2019-03-07,298.9,298.9,288.0,292.8,294.4566024991557,5922.0,212.0,1743772.0,1659.0,28.01,10.9,-6.1,1551916800.0
2019-03-06,285.75,292.6,284.3,286.65,288.1626637554585,6412.0,313.0,1847699.0,1972.0,30.75,8.3,0.9,1551830400.0
2019-03-05,277.2,289.45,277.2,287.15,284.3231197771588,3231.0,81.0,918648.0,817.0,25.29,12.25,9.95,1551744000.0
2019-03-01,281.1,283.2,279.0,279.5,280.1583514099783,461.0,45.0,129153.0,96.0,20.82,4.2,-1.6,1551398400.0
2019-02-28,281.6,281.6,278.05,280.25,280.24540125684314,227236.0,58.0,63681844.0,226629.0,99.73,3.55,-1.35,1551312000.0
2019-02-27,280.2,280.2,268.85,276.1,274.93728373702425,2312.0,84.0,635655.0,779.0,33.69,11.35,-4.1,1551225600.0
2019-02-26,279.1,282.0,277.45,278.75,279.42991141219386,1919.0,112.0,536226.0,748.0,38.98,4.55,-0.35,1551139200.0
2019-02-25,281.0,282.85,272.95,281.4,278.70511182108623,3130.0,99.0,872347.0,1476.0,47.16,9.9,0.4,1551052800.0
2019-02-22,276.0,278.2,274.95,277.9,276.8103186646434,659.0,39.0,182418.0,307.0,46.59,3.25,1.9,1550793600.0
2019-02-21,267.45,278.0,265.05,274.25,268.7945723119203,5822.0,172.0,1564922.0,1627.0,27.95,12.95,6.8,1550707200.0
2019-02-20,261.15,263.7,258.9,263.5,262.14058453570107,2703.0,81.0,708566.0,1088.0,40.25,4.8,2.35,1550620800.0
2019-02-19,263.55,269.65,262.85,264.05,265.7330803289057,1581.0,58.0,420124.0,357.0,22.58,6.8,0.5,1550534400.0
2019-02-18,264.4,264.65,258.05,262.85,261.06471251409243,4435.0,118.0,1157822.0,2492.0,56.19,6.6,-1.55,1550448000.0
2019-02-15,269.5,269.5,265.4,266.3,267.22380336351875,773.0,31.0,206564.0,474.0,61.32,4.1,-3.2,1550188800.0
2019-02-14,274.95,281.0,265.8,274.9,273.05899399710205,4831.0,171.0,1319148.0,1762.0,36.47,15.2,-0.05,1550102400.0
2019-02-13,275.15,280.2,273.05,275.75,276.592,2000.0,92.0,553184.0,1321.0,66.05,7.15,0.6,1550016000.0
2019-02-12,277.9,279.15,274.65,277.05,276.85794392523366,1070.0,110.0,296238.0,708.0,66.17,4.5,-0.85,1549929600.0
2019-02-11,273.0,279.0,273.0,276.45,276.3084832904884,2334.0,117.0,644904.0,757.0,32.43,6.0,3.45,1549843200.0
2019-02-08,272.6,274.8,272.6,273.4,273.1909871244635,466.0,54.0,127307.0,301.0,64.59,2.2,0.8,1549584000.0
2019-02-07,271.5,274.0,271.45,272.45,272.4409368635437,982.0,48.0,267537.0,553.0,56.31,2.55,0.95,1549497600.0
2019-02-06,269.55,272.0,268.2,271.8,269.9685908319185,1178.0,76.0,318023.0,641.0,54.41,3.8,2.25,1549411200.0
2019-02-05,266.75,270.5,266.75,269.5,269.5094007050529,1702.0,68.0,458705.0,955.0,56.11,3.75,2.75,1549324800.0
2019-02-04,272.3,272.55,267.0,267.6,269.3041682313181,2663.0,156.0,717157.0,1261.0,47.35,5.55,-4.7,1549238400.0
2019-02-01,268.85,277.0,267.3,270.4,268.91717077710564,4298.0,285.0,1155806.0,2387.0,55.54,9.7,1.55,1548979200.0
2019-01-31,267.4,269.85,267.4,268.0,267.6348623853211,545.0,35.0,145861.0,399.0,73.21,2.45,0.6,1548892800.0
2019-01-30,272.2,274.05,266.0,267.45,267.9491298527443,747.0,80.0,200158.0,362.0,48.46,8.05,-4.75,1548806400.0
2019-01-29,269.1,272.0,266.85,270.5,269.3447136563877,908.0,72.0,244565.0,555.0,61.12,5.15,1.4,1548720000.0
2019-01-28,268.45,270.85,265.0,270.35,268.3114869626497,2838.0,122.0,761468.0,1395.0,49.15,5.85,1.9,1548633600.0
2019-01-25,271.9,272.4,269.4,269.55,270.7369985141159,673.0,29.0,182206.0,477.0,70.88,3.0,-2.35,1548374400.0
2019-01-24,279.5,279.5,269.3,273.75,272.6067415730337,623.0,57.0,169834.0,165.0,26.48,10.2,-5.75,1548288000.0
2019-01-23,272.5,273.05,270.9,272.1,271.4665970772442,958.0,53.0,260065.0,343.0,35.8,2.15,-0.4,1548201600.0
2019-01-22,275.0,275.0,271.7,273.4,273.7477477477477,111.0,13.0,30386.0,44.0,39.64,3.3,-1.6,1548115200.0
2019-01-21,273.0,279.0,270.0,277.65,273.83436970039565,1769.0,90.0,484413.0,794.0,44.88,9.0,4.65,1548028800.0
2019-01-18,267.3,275.5,267.3,274.55,269.97444519166106,1487.0,83.0,401452.0,1037.0,69.74,8.2,7.25,1547769600.0
2019-01-17,268.65,268.65,263.1,266.95,265.64947923914326,93421.0,46.0,24817240.0,93020.0,99.57,5.55,-1.7,1547683200.0
2019-01-16,267.05,267.65,264.0,264.25,264.8564021017699,72320.0,71.0,19154415.0,71870.0,99.38,3.65,-2.8,1547596800.0
2019-01-15,265.4,266.95,265.05,265.95,266.215723873442,1043.0,72.0,277663.0,581.0,55.7,1.9,0.55,1547510400.0
2019-01-14,270.5,270.5,262.1,266.55,268.64381569955947,68779.0,199.0,18477053.0,67499.0,98.14,8.4,-3.95,1547424000.0
2019-01-11,268.95,274.5,267.0,268.9,269.3453608247422,582.0,30.0,156759.0,264.0,45.36,7.5,-0.05,1547164800.0
2019-01-10,266.05,269.6,266.0,268.65,267.8247566063978,719.0,26.0,192566.0,308.0,42.84,3.6,2.6,1547078400.0
2019-01-09,267.8,269.2,267.5,267.85,268.0246815286624,1256.0,32.0,336639.0,550.0,43.79,1.7,0.05,1546992000.0
2019-01-08,265.0,272.5,265.0,271.85,269.27714285714285,350.0,19.0,94247.0,217.0,62.0,7.5,6.85,1546905600.0
2019-01-07,269.2,269.2,262.6,267.85,265.9970171513796,1341.0,64.0,356702.0,623.0,46.46,6.6,-1.35,1546819200.0
2019-01-04,269.5,270.9,269.2,269.7,269.6597701149425,435.0,19.0,117302.0,295.0,67.82,1.7,0.2,1546560000.0
2019-01-03,270.45,270.45,267.4,269.05,268.68700114025086,1754.0,54.0,471277.0,855.0,48.75,3.05,-1.4,1546473600.0
2019-01-02,270.5,272.1,268.05,268.75,269.515873015873,252.0,25.0,67918.0,122.0,48.41,4.05,-1.75,1546387200.0
2019-01-01,270.15,272.0,269.7,271.9,270.95454545454544,110.0,13.0,29805.0,64.0,58.18,2.3,1.75,1546300800.0
2018-12-31,270.0,270.5,269.2,270.25,270.06957928802586,618.0,58.0,166903.0,370.0,59.87,1.3,0.25,1546214400.0
2018-12-28,272.2,272.7,271.25,271.55,271.84924623115575,199.0,21.0,54098.0,87.0,43.72,1.45,-0.65,1545955200.0
2018-12-27,274.2,274.2,271.5,272.0,272.1047297297297,296.0,16.0,80543.0,151.0,51.01,2.7,-2.2,1545868800.0
2018-12-26,272.0,273.9,269.65,272.4,272.21780604133545,629.0,22.0,171225.0,154.0,24.48,4.25,0.4,1545782400.0
2018-12-24,272.25,273.45,263.45,271.55,270.0689842476915,1841.0,71.0,497197.0,905.0,49.16,10.0,-0.7,1545609600.0
2018-12-21,273.85,273.85,270.05,270.8,272.84444444444443,45.0,12.0,12278.0,24.0,53.33,3.8,-3.05,1545350400.0
2018-12-20,272.4,273.2,271.5,272.3,272.22056833558867,739.0,33.0,201171.0,553.0,74.83,1.7,-0.1,1545264000.0
2018-12-19,275.45,277.05,272.95,273.9,274.4124726477024,914.0,47.0,250813.0,613.0,67.07,4.1,-1.55,1545177600.0
2018-12-18,277.0,278.0,273.9,275.6,276.2057716436637,797.0,103.0,220136.0,408.0,51.19,4.1,-1.4,1545091200.0
2018-12-17,279.6,284.0,279.55,280.3,280.0792452830189,530.0,36.0,148442.0,260.0,49.06,4.45,0.7,1545004800.0
2018-12-14,278.8,281.55,276.4,279.7,278.4413145539906,213.0,31.0,59308.0,107.0,50.23,5.15,0.9,1544745600.0
2018-12-13,279.5,280.75,276.15,279.8,279.19382716049387,1620.0,75.0,452294.0,1086.0,67.04,4.6,0.3,1544659200.0
2018-12-12,283.5,284.75,276.0,278.05,281.53220035778173,3354.0,226.0,944259.0,1586.0,47.29,8.75,-5.45,1544572800.0
2018-12-11,265.0,276.65,265.0,275.1,271.6410018552876,2156.0,155.0,585658.0,862.0,39.98,11.65,10.1,1544486400.0
2018-12-10,263.6,270.0,263.6,267.25,266.5635738831615,1746.0,81.0,465420.0,983.0,56.3,6.4,3.65,1544400000.0
2018-12-07,269.5,271.15,267.05,268.7,269.12865497076024,2394.0,96.0,644294.0,1218.0,50.88,4.1,-0.8,1544140800.0
2018-12-06,267.7,269.25,264.05,268.6,267.03666666666663,1500.0,118.0,400555.0,551.0,36.73,5.2,0.9,1544054400.0
2018-12-05,285.0,285.0,260.25,265.05,265.7832604622111,1601.0,77.0,425519.0,845.0,52.78,24.75,-19.95,1543968000.0
2018-12-04,268.6,269.8,267.0,268.8,268.4748062015504,516.0,48.0,138533.0,254.0,49.22,2.8,0.2,1543881600.0
2018-12-03,267.0,268.95,266.6,267.75,267.43355605048254,1347.0,38.0,360233.0,794.0,58.95,2.35,0.75,1543795200.0
2018-11-30,267.7,268.55,266.5,267.05,267.8649940262844,1674.0,52.0,448406.0,1124.0,67.14,2.05,-0.65,1543536000.0
2018-11-29,268.1,269.0,266.3,267.45,267.61894736842106,475.0,19.0,127119.0,213.0,44.84,2.7,-0.65,1543449600.0
2018-11-28,267.55,269.45,266.15,269.0,268.2121212121212,363.0,28.0,97361.0,92.0,25.34,3.3,1.45,1543363200.0
2018-11-27,278.7,278.7,265.1,269.35,268.3943204868154,4930.0,171.0,1323184.0,2117.0,42.94,13.6,-9.35,1543276800.0
2018-11-26,270.15,270.15,267.2,267.2,268.26573426573424,858.0,40.0,230172.0,434.0,50.58,2.95,-2.95,1543190400.0
2018-11-22,271.85,273.0,268.1,268.3,271.4967263203841,2291.0,89.0,621999.0,989.0,43.17,4.9,-3.55,1542844800.0
2018-11-21,272.9,273.1,271.05,271.05,271.55670103092785,291.0,21.0,79023.0,147.0,50.52,2.05,-1.85,1542758400.0
2018-11-20,272.0,273.45,270.85,271.75,271.52851063829786,1175.0,52.0,319046.0,530.0,45.11,2.6,-0.25,1542672000.0
2018-11-19,272.95,274.8,269.7,272.45,271.2154222766218,1634.0,116.0,443166.0,906.0,55.45,5.1,-0.5,1542585600.0
2018-11-16,271.85,273.0,269.05,269.9,271.2127659574468,752.0,38.0,203952.0,412.0,54.79,3.95,-1.95,1542326400.0
2018-11-15,270.85,275.0,270.1,273.25,272.4040920716112,391.0,33.0,106510.0,187.0,47.83,4.9,2.4,1542240000.0
2018-11-14,271.25,275.0,269.05,270.45,271.0350531705396,2539.0,159.0,688158.0,1200.0,47.26,5.95,-0.8,1542153600.0
2018-11-13,269.5,272.5,268.5,271.65,271.00512070226773,1367.0,117.0,370464.0,381.0,27.87,4.0,2.15,1542067200.0
2018-11-12,273.75,274.45,266.0,268.0,270.1706801858893,2367.0,177.0,639494.0,1075.0,45.42,8.45,-5.75,1541980800.0
2018-11-09,273.45,290.0,270.0,277.9,275.7172912557528,1521.0,173.0,419366.0,812.0,53.39,20.0,4.45,1541721600.0
2018-11-07,271.9,274.6,271.45,273.0,272.5908453993461,2141.0,91.0,583617.0,1547.0,72.26,3.15,1.1,1541548800.0
2018-11-06,269.35,270.6,265.0,268.8,268.35335511435034,7958.0,663.0,2135556.0,3402.0,42.75,5.6,-0.55,1541462400.0
2018-11-05,268.0,270.25,264.15,267.6,267.02518159806294,4130.0,242.0,1102814.0,1711.0,41.43,6.1,-0.4,1541376000.0
2018-11-02,266.7,269.35,263.55,268.3,266.9148219441771,2078.0,159.0,554649.0,1254.0,60.35,5.8,1.6,1541116800.0
2018-11-01,255.0,270.0,255.0,266.55,262.46044035809336,4133.0,247.0,1084749.0,1545.0,37.38,15.0,11.55,1541030400.0
2018-10-31,240.85,255.05,240.85,253.5,249.23169040716,7933.0,321.0,1977155.0,3197.0,40.3,14.2,12.65,1540944000.0
2018-10-30,233.65,239.0,233.65,236.5,237.08298368298367,2145.0,126.0,508543.0,1005.0,46.85,5.35,2.85,1540857600.0
2018-10-29,242.35,242.35,231.25,234.2,235.40801393728225,2870.0,186.0,675621.0,1708.0,59.51,11.1,-8.15,1540771200.0
2018-10-26,227.0,234.95,226.0,233.85,231.1305555555556,6840.0,249.0,1580933.0,5091.0,74.43,8.95,6.85,1540512000.0
2018-10-25,231.95,232.0,225.05,226.2,227.724006116208,6540.0,201.0,1489315.0,3632.0,55.54,6.95,-5.75,1540425600.0
2018-10-24,235.0,239.0,230.15,232.1,233.97770509311795,14981.0,550.0,3505220.0,7963.0,53.15,8.85,-2.9,1540339200.0
2018-10-23,240.0,243.0,235.0,235.95,239.0182916307161,5795.0,170.0,1385111.0,3173.0,54.75,8.0,-4.05,1540252800.0
2018-10-22,244.4,255.3,238.15,241.75,245.78241912041767,18577.0,573.0,4565900.0,4852.0,26.12,17.15,-2.65,1540166400.0
2018-10-19,244.8,248.1,236.1,247.35,241.802906448683,2202.0,51.0,532450.0,1375.0,62.44,12.0,2.55,1539907200.0
2018-10-17,244.15,245.2,239.9,240.55,241.2533566841798,3426.0,83.0,826534.0,2455.0,71.66,5.3,-3.6,1539734400.0
2018-10-16,251.0,251.25,242.6,244.0,246.3000565078169,5309.0,148.0,1307607.0,2254.0,42.46,8.65,-7.0,1539648000.0
2018-10-15,244.0,247.05,244.0,246.0,245.31845042678924,1523.0,72.0,373620.0,953.0,62.57,3.05,2.0,1539561600.0
2018-10-12,240.35,245.25,240.35,243.25,243.34358638743453,1528.0,83.0,371829.0,769.0,50.33,4.9,2.9,1539302400.0
2018-10-11,237.0,244.0,237.0,239.1,240.39627659574467,1504.0,58.0,361556.0,962.0,63.96,7.0,2.1,1539216000.0
2018-10-10,248.0,249.0,242.25,244.4,245.69172932330827,1995.0,59.0,490155.0,1236.0,61.95,6.75,-3.6,1539129600.0
2018-10-09,248.65,251.35,245.0,246.25,248.6429463171036,64080.0,55.0,15933040.0,63654.0,99.34,6.35,-2.4,1539043200.0
2018-10-08,250.8,253.75,245.0,246.6,250.62568602362845,153967.0,151.0,38588085.0,151718.0,98.54,8.75,-4.2,1538956800.0
2018-10-05,248.0,250.15,246.1,248.2,248.0022726131284,159288.0,322.0,39503786.0,157228.0,98.71,4.05,0.2,1538697600.0
2018-10-04,250.0,250.8,247.0,247.7,248.28934202547,13192.0,308.0,3275433.0,6670.0,50.56,3.8,-2.3,1538611200.0
2018-10-03,250.2,266.75,249.05,249.85,257.23147494707126,9919.0,206.0,2551479.0,3956.0,39.88,17.7,-0.35,1538524800.0
2018-10-01,254.0,254.0,245.25,249.95,248.09009952854896,5727.0,185.0,1420812.0,4704.0,82.14,8.75,-4.05,1538352000.0
2018-09-28,254.1,259.0,251.0,251.45,255.55686695278968,1864.0,139.0,476358.0,876.0,47.0,8.0,-2.65,1538092800.0
2018-09-27,257.9,258.0,254.0,254.0,257.2713780918728,1415.0,33.0,364039.0,1158.0,81.84,4.0,-3.9,1538006400.0
2018-09-26,255.55,261.85,255.0,260.45,257.3617245005258,951.0,46.0,244751.0,411.0,43.22,6.85,4.9,1537920000.0
2018-09-25,253.95,254.4,250.65,252.6,252.2834740651388,2487.0,94.0,627429.0,1311.0,52.71,3.75,-1.35,1537833600.0
2018-09-24,259.1,259.1,250.2,250.95,252.778559602649,4832.0,129.0,1221426.0,2182.0,45.16,8.9,-8.15,1537747200.0
2018-09-21,268.0,268.6,258.0,259.25,262.16834639790966,2679.0,113.0,702349.0,1483.0,55.36,10.6,-8.75,1537488000.0
2018-09-19,294.0,294.0,265.05,267.05,269.1348023331173,3086.0,108.0,830550.0,961.0,31.14,28.95,-26.95,1537315200.0
2018-09-18,266.55,273.0,264.7,271.25,268.94482552937666,3353.0,109.0,901772.0,2124.0,63.35,8.3,4.7,1537228800.0
2018-09-17,268.4,268.4,262.0,265.0,264.53893192009787,2453.0,107.0,648914.0,1153.0,47.0,6.4,-3.4,1537142400.0
2018-09-14,274.0,274.0,266.9,268.4,269.4478494623656,1860.0,64.0,501173.0,971.0,52.2,7.1,-5.6,1536883200.0
2018-09-12,297.0,297.0,266.0,273.8,269.8076790038049,2891.0,135.0,780014.0,1107.0,38.29,31.0,-23.2,1536710400.0
2018-09-11,270.3,276.4,267.05,274.45,272.77614896988905,2524.0,121.0,688487.0,787.0,31.18,9.35,4.15,1536624000.0
2018-09-10,267.5,268.9,264.55,267.95,266.3553546592489,2876.0,115.0,766038.0,1165.0,40.51,4.35,0.45,1536537600.0
2018-09-07,265.0,270.85,264.4,268.45,268.645,1400.0,53.0,376103.0,924.0,66.0,6.45,3.45,1536278400.0
2018-09-06,270.95,271.95,268.0,269.25,269.9304008908685,1796.0,55.0,484795.0,965.0,53.73,3.95,-1.7,1536192000.0
2018-09-05,281.25,281.25,267.2,268.9,270.44376714416336,3281.0,143.0,887326.0,1396.0,42.55,14.05,-12.35,1536105600.0
2018-09-04,295.0,295.0,275.0,277.05,285.0698821594957,3649.0,182.0,1040220.0,1279.0,35.05,20.0,-17.95,1536019200.0
2018-09-03,287.2,300.0,287.2,291.5,291.9082207207207,7104.0,435.0,2073716.0,4048.0,56.98,12.8,4.3,1535932800.0
2018-08-31,269.8,292.0,267.25,288.05,275.58670042937354,9083.0,210.0,2503154.0,4360.0,48.0,24.75,18.25,1535673600.0
2018-08-30,271.8,271.8,267.25,269.8,269.61332462442846,1531.0,59.0,412778.0,888.0,58.0,4.55,-2.0,1535587200.0
2018-08-29,267.55,272.25,267.4,269.6,269.57570793353614,4273.0,136.0,1151897.0,1796.0,42.03,4.85,2.05,1535500800.0
2018-08-28,265.0,270.0,265.0,268.5,267.86960752513784,6166.0,137.0,1651684.0,3285.0,53.28,5.0,3.5,1535414400.0
2018-08-27,261.0,265.0,257.7,263.7,263.69326047358834,2745.0,74.0,723838.0,1132.0,41.24,7.3,2.7,1535328000.0
2018-08-24,268.7,268.7,259.15,260.55,262.19033047735616,8170.0,151.0,2142095.0,2020.0,24.72,9.55,-8.15,1535068800.0
2018-08-23,262.3,264.35,256.25,259.05,260.21899519109087,15804.0,266.0,4112501.0,9090.0,57.52,8.1,-3.25,1534982400.0
2018-08-21,261.8,268.9,261.8,264.85,263.92480359147027,891.0,43.0,235157.0,285.0,31.99,7.1,3.05,1534809600.0
2018-08-20,261.0,265.0,259.15,259.75,262.2219827586207,1392.0,46.0,365013.0,351.0,25.22,5.85,-1.25,1534723200.0
2018-08-17,263.05,265.0,261.95,262.6,262.7490987743331,2774.0,81.0,728866.0,1671.0,60.24,3.05,-0.45,1534464000.0
2018-08-16,259.75,262.95,259.0,260.65,259.7858823529412,425.0,18.0,110409.0,205.0,48.24,3.95,0.9,1534377600.0
2018-08-14,257.5,257.5,254.05,256.2,255.75362318840573,1104.0,37.0,282352.0,715.0,64.76,3.45,-1.3,1534204800.0
2018-08-13,256.0,262.55,253.8,255.15,254.6079584488554,652112.0,90.0,166032905.0,650907.0,99.82,8.75,-0.85,1534118400.0
2018-08-10,259.65,261.85,255.6,257.1,258.7928621413576,1429.0,64.0,369815.0,745.0,52.13,6.25,-2.55,1533859200.0
2018-08-09,257.45,263.05,254.15,258.6,257.48238482384824,1845.0,44.0,475055.0,1010.0,54.74,8.9,1.15,1533772800.0
2018-08-08,260.55,264.3,253.0,255.1,259.01750622157385,11653.0,360.0,3018331.0,6213.0,53.32,11.3,-5.45,1533686400.0
2018-08-07,262.5,263.5,260.5,260.6,262.4944670937682,3434.0,94.0,901406.0,2446.0,71.23,3.0,-1.9,1533600000.0
2018-08-06,261.25,263.85,261.05,262.7,262.02902902902906,999.0,42.0,261767.0,727.0,72.77,2.8,1.45,1533513600.0
2018-08-03,263.0,264.95,261.5,261.5,262.4931972789116,882.0,33.0,231519.0,758.0,85.94,3.45,-1.5,1533254400.0
2018-08-02,265.0,267.8,260.0,261.2,263.53981953707336,2549.0,132.0,671763.0,1319.0,51.75,7.8,-3.8,1533168000.0
2018-08-01,269.55,269.55,264.8,265.05,265.7885808853951,2417.0,59.0,642411.0,1780.0,73.65,4.75,-4.5,1533081600.0
2018-07-31,269.25,269.25,265.05,266.05,266.50747330960854,1405.0,90.0,374443.0,933.0,66.41,4.2,-3.2,1532995200.0
2018-07-30,270.05,270.95,268.75,269.1,269.86642599277974,277.0,20.0,74753.0,185.0,66.79,2.2,-0.95,1532908800.0
2018-07-27,271.6,275.6,266.4,268.25,270.49119410319406,203500.0,169.0,55044958.0,200937.0,98.74,9.2,-3.35,1532649600.0
2018-07-26,274.3,274.3,271.5,272.4,272.906001765225,2266.0,71.0,618405.0,1334.0,58.87,2.8,-1.9,1532563200.0
2018-07-25,278.65,280.3,273.0,275.05,277.7302075326672,1301.0,64.0,361327.0,854.0,65.64,7.3,-3.6,1532476800.0
2018-07-24,275.5,278.0,274.0,277.2,275.59033613445376,952.0,35.0,262362.0,547.0,57.46,4.0,1.7,1532390400.0
2018-07-23,276.55,279.4,276.0,276.8,277.1321917808219,1460.0,41.0,404613.0,269.0,18.42,3.4,0.25,1532304000.0
2018-07-20,272.6,278.55,271.2,277.9,276.91228462743345,4469.0,116.0,1237521.0,1971.0,44.1,7.35,5.3,1532044800.0
2018-07-19,275.35,275.35,270.0,270.45,270.8943894389439,1818.0,50.0,492486.0,1290.0,70.96,5.35,-4.9,1531958400.0
2018-07-18,277.2,277.2,270.1,272.95,272.5385223231924,2531.0,55.0,689795.0,917.0,36.23,7.1,-4.25,1531872000.0
2018-07-17,268.55,277.0,267.7,269.2,270.1252801992528,4015.0,94.0,1084553.0,1742.0,43.39,9.3,0.65,1531785600.0
2018-07-16,284.0,284.0,264.55,270.4,277.83707904086134,101049.0,806.0,28075159.0,91357.0,90.41,19.45,-13.6,1531699200.0
2018-07-13,275.0,284.55,274.2,280.95,280.3981863149217,1213.0,45.0,340123.0,785.0,64.72,10.35,5.95,1531440000.0
2018-07-12,274.15,277.0,271.0,276.4,274.971181556196,347.0,40.0,95415.0,279.0,80.4,6.0,2.25,1531353600.0
2018-07-11,273.05,276.0,270.4,270.9,272.97990815155,1742.0,56.0,475531.0,1095.0,62.86,5.6,-2.15,1531267200.0
2018-07-10,274.9,279.1,273.6,277.0,275.82520325203245,2460.0,121.0,678530.0,818.0,33.25,5.5,2.1,1531180800.0
2018-07-09,270.8,274.05,265.6,273.9,271.38283658787253,1946.0,130.0,528111.0,1444.0,74.2,8.45,3.1,1531094400.0
2018-07-06,267.05,267.05,263.8,264.75,265.295311214697,3647.0,78.0,967532.0,1874.0,51.38,3.25,-2.3,1530835200.0
2018-07-05,268.15,269.0,266.15,268.3,267.5937090432503,763.0,23.0,204174.0,584.0,76.54,2.85,0.15,1530748800.0
2018-07-04,268.0,270.9,265.15,269.05,267.6882770870337,1126.0,46.0,301417.0,532.0,47.25,5.75,1.05,1530662400.0
2018-07-03,267.8,273.5,265.1,267.95,269.0366927592955,2044.0,143.0,549911.0,1315.0,64.33,8.4,0.15,1530576000.0
2018-07-02,272.0,272.0,263.0,268.25,265.6328903654485,1204.0,58.0,319822.0,737.0,61.21,9.0,-3.75,1530489600.0
2018-06-29,262.45,275.9,262.45,271.3,270.386464826358,1123.0,57.0,303644.0,234.0,20.84,13.45,8.85,1530230400.0
2018-06-28,256.85,260.3,253.5,257.45,256.27188642718863,4649.0,76.0,1191408.0,2396.0,51.54,6.8,0.6,1530144000.0
2018-06-27,265.0,269.25,256.8,259.85,262.5277161862528,902.0,49.0,236800.0,537.0,59.53,12.45,-5.15,1530057600.0
2018-06-26,261.0,265.2,261.0,263.6,263.115468409586,459.0,14.0,120770.0,232.0,50.54,4.2,2.6,1529971200.0
2018-06-25,268.0,268.0,264.6,265.35,265.81632653061223,2254.0,50.0,599150.0,1794.0,79.59,3.4,-2.65,1529884800.0
2018-06-22,271.15,273.0,268.25,271.45,271.00491803278686,610.0,23.0,165313.0,438.0,71.8,4.75,0.3,1529625600.0
2018-06-21,273.0,280.15,271.0,272.3,274.35200489745944,3267.0,112.0,896308.0,1206.0,36.91,9.15,-0.7,1529539200.0
2018-06-20,268.0,272.55,266.25,268.7,268.09612372748626,5108.0,93.0,1369435.0,2984.0,58.42,6.3,0.7,1529452800.0
2018-06-19,277.6,277.6,266.0,267.35,269.89683590875643,6795.0,182.0,1833949.0,4611.0,67.86,11.6,-10.25,1529366400.0
2018-06-18,279.3,280.75,274.9,275.25,275.55185659411006,781.0,28.0,215206.0,715.0,91.55,5.85,-4.05,1529280000.0
2018-06-15,278.1,285.0,276.0,279.95,281.1773233238416,3863.0,58.0,1086188.0,2138.0,55.35,9.0,1.85,1529020800.0
2018-06-14,282.55,283.0,278.4,279.2,281.20146379044684,2596.0,60.0,729999.0,2101.0,80.93,4.6,-3.35,1528934400.0
2018-06-13,284.0,284.9,282.0,284.1,282.95022624434387,1989.0,37.0,562788.0,1021.0,51.33,2.9,0.1,1528848000.0
2018-06-12,285.0,288.0,282.05,284.2,284.91267942583727,2508.0,46.0,714561.0,2190.0,87.32,5.95,-0.8,1528761600.0
2018-06-11,287.35,287.45,284.0,284.65,285.0526476890113,3267.0,76.0,931267.0,1842.0,56.38,3.45,-2.7,1528675200.0
2018-06-08,282.0,285.65,279.3,283.95,283.66144668158086,1341.0,47.0,380390.0,511.0,38.11,6.35,1.95,1528416000.0
2018-06-07,286.0,289.0,284.3,285.95,286.839935327405,2474.0,95.0,709642.0,1140.0,46.08,4.7,-0.05,1528329600.0
2018-06-06,281.0,289.8,275.05,285.4,283.187587657784,2852.0,75.0,807651.0,1127.0,39.52,14.75,4.4,1528243200.0
2018-06-05,293.95,293.95,282.2,283.6,288.8707133058985,5832.0,151.0,1684694.0,3153.0,54.06,11.75,-10.35,1528156800.0
2018-06-04,295.9,296.0,292.85,293.95,294.1893039049236,1178.0,32.0,346555.0,999.0,84.8,3.15,-1.95,1528070400.0
2018-06-01,299.65,299.9,291.55,294.85,295.3568649249583,1799.0,43.0,531347.0,619.0,34.41,8.35,-4.8,1527811200.0
2018-05-31,309.3,309.3,290.0,301.45,300.38480914551445,5161.0,107.0,1550286.0,1954.0,37.86,19.3,-7.85,1527724800.0
2018-05-30,308.55,308.95,304.9,306.75,307.1130890052356,955.0,33.0,293293.0,520.0,54.45,4.05,-1.8,1527638400.0
2018-05-29,309.5,315.05,307.5,312.4,309.7671641791045,5695.0,63.0,1764124.0,3937.0,69.13,7.55,2.9,1527552000.0
2018-05-28,314.9,315.0,311.05,312.0,312.9942342342342,2775.0,72.0,868559.0,1553.0,55.96,3.95,-2.9,1527465600.0
2018-05-25,314.95,316.5,312.95,314.3,313.90729888119336,3754.0,79.0,1178408.0,805.0,21.44,3.55,-0.65,1527206400.0
2018-05-24,310.7,317.55,309.45,312.4,314.2804747320061,13060.0,253.0,4104503.0,5947.0,45.54,8.1,1.7,1527120000.0
2018-05-23,301.0,310.0,301.0,306.45,308.37520547945206,7300.0,170.0,2251139.0,3919.0,53.68,9.0,5.45,1527033600.0
2018-05-22,298.35,306.0,293.0,299.65,300.7058135349172,11112.0,252.0,3341443.0,5560.0,50.04,13.0,1.3,1526947200.0
2018-05-21,317.6,317.6,294.1,296.95,305.0001680954782,17847.0,518.0,5443338.0,5208.0,29.18,23.5,-20.65,1526860800.0
2018-05-18,318.15,318.5,314.0,314.25,316.24738760631834,4115.0,94.0,1301358.0,1632.0,39.66,4.5,-3.9,1526601600.0
2018-05-17,318.6,319.85,316.0,317.6,318.203137254902,5100.0,91.0,1622836.0,1760.0,34.51,3.85,-1.0,1526515200.0
2018-05-16,313.4,320.0,310.65,318.15,315.0959682749504,7565.0,272.0,2383701.0,3189.0,42.15,9.35,4.75,1526428800.0
2018-05-15,306.4,311.0,305.2,309.8,308.3755380200861,2788.0,62.0,859751.0,1557.0,55.85,5.8,3.4,1526342400.0
2018-05-14,301.55,304.7,296.0,298.3,301.0089219330855,1345.0,154.0,404857.0,748.0,55.61,8.7,-3.25,1526256000.0
2018-05-11,300.05,306.8,300.0,303.35,302.0104851852579,50929.0,183.0,15381092.0,47030.0,92.34,6.8,3.3,1525996800.0
2018-05-10,313.25,316.4,299.85,305.5,312.7424158316912,72058.0,396.0,22535593.0,59306.0,82.3,16.55,-7.75,1525910400.0
2018-05-09,309.85,312.0,309.25,310.1,310.3615221987315,2365.0,118.0,734005.0,906.0,38.31,2.75,0.25,1525824000.0
2018-05-08,310.45,310.5,304.55,309.6,308.68395888118573,4183.0,129.0,1291225.0,2481.0,59.31,5.95,-0.85,1525737600.0
2018-05-07,310.9,311.6,308.7,309.95,309.8477816966772,5387.0,169.0,1669150.0,2924.0,54.28,2.9,-0.95,1525651200.0
2018-05-04,309.0,310.9,305.05,309.5,308.1421143847487,3462.0,151.0,1066788.0,1796.0,51.88,5.85,0.5,1525392000.0
2018-05-03,311.0,311.0,306.3,309.8,308.5133111480865,2404.0,53.0,741666.0,1786.0,74.29,4.7,-1.2,1525305600.0
2018-05-02,315.0,316.05,308.7,310.45,310.9235372340425,7520.0,222.0,2338145.0,4351.0,57.86,7.35,-4.55,1525219200.0
2018-04-30,305.0,315.9,304.35,312.85,309.97966154323865,6441.0,213.0,1996579.0,3069.0,47.65,11.55,7.85,1525046400.0
2018-04-27,303.6,304.7,298.65,303.8,303.0157550008851,5649.0,200.0,1711736.0,3545.0,62.75,6.05,0.2,1524787200.0
2018-04-26,296.8,303.4,295.0,298.55,299.1854970760233,12825.0,223.0,3837054.0,7442.0,58.03,8.4,1.75,1524700800.0
2018-04-25,295.0,296.95,292.8,296.15,296.1981865284974,1544.0,33.0,457330.0,992.0,64.25,4.15,1.15,1524614400.0
2018-04-24,293.0,296.85,293.0,295.1,294.7581025338833,3394.0,75.0,1000409.0,947.0,27.9,3.85,2.1,1524528000.0
2018-04-23,291.1,294.0,288.7,293.05,291.8776223776224,1430.0,34.0,417385.0,684.0,47.83,5.3,1.95,1524441600.0
2018-04-20,288.4,291.5,288.3,289.1,289.8558476881233,1103.0,24.0,319711.0,811.0,73.53,3.2,0.7,1524182400.0
2018-04-19,291.5,292.75,289.2,290.7,290.95280898876405,890.0,10.0,258948.0,756.0,84.94,3.55,-0.8,1524096000.0
2018-04-18,290.0,292.0,288.1,290.0,290.3682092555332,497.0,26.0,144313.0,346.0,69.62,3.9,0.0,1524009600.0
2018-04-17,295.0,298.0,289.8,290.35,293.324942791762,874.0,53.0,256366.0,454.0,51.95,8.2,-4.65,1523923200.0
2018-04-16,292.0,295.3,291.35,293.4,292.41570247933885,1210.0,31.0,353823.0,886.0,73.22,3.95,1.4,1523836800.0
2018-04-13,289.35,293.0,286.15,291.55,289.65485921889194,1101.0,32.0,318910.0,446.0,40.51,6.85,2.2,1523577600.0
2018-04-12,292.0,292.5,286.35,289.5,289.6218020022247,1798.0,76.0,520740.0,1084.0,60.29,6.15,-2.5,1523491200.0
2018-04-11,290.0,297.5,287.0,288.5,292.8738487898908,4669.0,181.0,1367428.0,1990.0,42.62,10.5,-1.5,1523404800.0
2018-04-10,285.7,291.5,285.7,288.55,288.92675976061554,3509.0,94.0,1013844.0,1573.0,44.83,5.8,2.85,1523318400.0
2018-04-09,289.6,289.6,285.0,285.0,285.47748391708365,1399.0,32.0,399383.0,746.0,53.32,4.6,-4.6,1523232000.0
2018-04-06,291.05,291.5,288.0,288.75,289.3180327868852,915.0,31.0,264726.0,519.0,56.72,3.5,-2.3,1522972800.0
2018-04-05,286.1,292.0,284.0,288.7,287.8616486068112,5168.0,260.0,1487669.0,2645.0,51.18,8.0,2.6,1522886400.0
2018-04-04,285.5,287.7,281.9,284.0,284.8552108194113,2514.0,74.0,716126.0,1897.0,75.46,5.8,-1.5,1522800000.0
2018-04-03,293.0,293.0,278.5,282.7,281.9160640495868,3872.0,257.0,1091579.0,2295.0,59.27,14.5,-10.3,1522713600.0
2018-04-02,280.3,281.4,277.25,280.0,279.7982905982906,1755.0,58.0,491046.0,1029.0,58.63,4.15,-0.3,1522627200.0
2018-03-28,278.05,281.65,276.15,278.35,277.72662208142674,8523.0,120.0,2367064.0,4190.0,49.16,5.5,0.3,1522195200.0
2018-03-27,284.45,285.0,281.45,282.75,283.79183523354175,2719.0,61.0,771630.0,1295.0,47.63,3.55,-1.7,1522108800.0
2018-03-26,285.1,285.45,277.95,279.5,282.32996040475143,2273.0,57.0,641736.0,1464.0,64.41,7.5,-5.6,1522022400.0
2018-03-23,275.9,290.35,271.65,284.9,283.64076809453474,3385.0,126.0,960124.0,1752.0,51.76,18.7,9.0,1521763200.0
2018-03-22,291.15,292.9,273.3,275.9,280.3662528216704,5316.0,264.0,1490427.0,2088.0,39.28,19.6,-15.25,1521676800.0
2018-03-21,293.0,297.5,285.25,287.95,292.4139365574623,3846.0,148.0,1124624.0,1821.0,47.35,12.25,-5.05,1521590400.0
2018-03-20,285.0,294.9,284.25,287.8,289.68605500121686,4109.0,179.0,1190320.0,2449.0,59.6,10.65,2.8,1521504000.0
2018-03-19,294.2,295.2,279.4,284.25,286.79612075251566,6857.0,125.0,1966561.0,5564.0,81.14,15.8,-9.95,1521417600.0
2018-03-16,298.95,298.95,293.0,294.85,294.5174199623352,2124.0,64.0,625555.0,1089.0,51.27,5.95,-4.1,1521158400.0
2018-03-15,292.0,299.0,290.75,294.8,292.9706911636045,2286.0,99.0,669731.0,1436.0,62.82,8.25,2.8,1521072000.0
2018-03-14,290.2,293.0,289.0,289.45,289.7631184407796,667.0,41.0,193272.0,412.0,61.77,4.0,-0.75,1520985600.0
2018-03-13,294.0,294.0,288.0,292.0,292.8139888494678,1973.0,83.0,577722.0,1393.0,70.6,6.0,-2.0,1520899200.0
2018-03-12,293.7,293.7,284.35,287.6,290.1149766652524,2357.0,83.0,683801.0,1469.0,62.32,9.35,-6.1,1520812800.0
2018-03-09,294.0,295.7,288.5,289.15,293.4962820820341,4169.0,174.0,1223586.0,3629.0,87.05,7.2,-4.85,1520553600.0
2018-03-08,294.55,296.45,292.15,293.9,294.5422369042001,4238.0,95.0,1248270.0,3485.0,82.23,4.3,-0.65,1520467200.0
2018-03-07,298.3,298.3,292.1,294.45,295.02981998076126,7277.0,242.0,2146932.0,5920.0,81.35,6.2,-3.85,1520380800.0
2018-03-06,298.85,299.0,292.95,294.95,296.86925157799817,1109.0,46.0,329228.0,927.0,83.59,6.05,-3.9,1520294400.0
2018-03-05,300.0,300.5,296.75,297.5,298.5864458991144,7791.0,216.0,2326287.0,6548.0,84.05,3.75,-2.5,1520208000.0
2018-03-01,297.0,299.6,296.45,299.45,298.9959270752521,5156.0,151.0,1541623.0,4934.0,95.69,3.15,2.45,1519862400.0
2018-02-28,296.9,298.0,292.75,297.45,295.5944086021505,2325.0,87.0,687257.0,1618.0,69.59,5.25,0.55,1519776000.0
2018-02-27,295.85,300.0,295.85,298.65,298.47466583773706,6434.0,204.0,1920386.0,4663.0,72.47,4.15,2.8,1519689600.0
2018-02-26,294.0,296.3,289.5,294.0,293.4692602584126,7043.0,183.0,2066904.0,4490.0,63.75,6.8,0.0,1519603200.0
2018-02-23,281.0,291.25,279.35,287.7,285.7694617199228,4663.0,136.0,1332543.0,1997.0,42.83,11.9,6.7,1519344000.0
2018-02-22,280.85,280.9,277.0,278.45,278.49561053471666,1253.0,43.0,348955.0,1035.0,82.6,3.9,-2.4,1519257600.0
2018-02-21,283.0,283.8,279.05,281.25,281.62203166226914,3032.0,68.0,853878.0,2551.0,84.14,4.75,-1.75,1519171200.0
2018-02-20,285.3,287.0,281.15,281.8,285.3870040253019,1739.0,59.0,496288.0,1254.0,72.11,5.85,-3.5,1519084800.0
2018-02-19,294.0,294.0,280.0,286.6,284.77886272257325,1741.0,63.0,495800.0,668.0,38.37,14.0,-7.4,1518998400.0
2018-02-16,287.45,287.45,281.0,283.85,283.8977556109726,2005.0,87.0,569215.0,1227.0,61.2,6.45,-3.6,1518739200.0
2018-02-15,285.85,289.95,284.0,284.6,285.466361679225,3716.0,98.0,1060793.0,2585.0,69.56,5.95,-1.25,1518652800.0
2018-02-14,298.5,298.5,290.05,291.7,292.5216652506372,3531.0,133.0,1032894.0,1717.0,48.63,8.45,-6.8,1518566400.0
2018-02-12,291.0,297.95,291.0,293.3,294.924727520436,2936.0,78.0,865899.0,1395.0,47.51,6.95,2.3,1518393600.0
2018-02-09,283.65,304.45,283.65,294.1,294.93183000867305,5765.0,157.0,1700282.0,2760.0,47.88,20.8,10.45,1518134400.0
2018-02-08,298.25,302.4,296.1,298.55,299.345358490566,6625.0,215.0,1983163.0,2600.0,39.25,6.3,0.3,1518048000.0
2018-02-07,296.95,300.0,290.85,297.1,297.6129010098234,14557.0,680.0,4332351.0,5931.0,40.74,9.15,0.15,1517961600.0
2018-02-06,271.3,293.1,267.0,290.4,282.5208579299488,20328.0,411.0,5743084.0,13070.0,64.3,26.1,19.1,1517875200.0
2018-02-05,276.0,288.95,265.25,280.4,273.3692307692308,19370.0,599.0,5295162.0,8452.0,43.63,23.7,4.4,1517788800.0
2018-02-02,291.95,292.0,269.9,276.75,276.4885391198044,19632.0,436.0,5428023.0,8270.0,42.13,22.1,-15.2,1517529600.0
2018-02-01,295.0,299.35,289.55,294.6,295.7633277551996,8366.0,204.0,2474356.0,3569.0,42.66,9.8,-0.4,1517443200.0
2018-01-31,289.0,297.8,288.35,294.8,292.8777709736681,8165.0,196.0,2391347.0,4659.0,57.06,9.45,5.8,1517356800.0
2018-01-30,290.0,290.0,282.0,285.25,285.7057619332934,20028.0,288.0,5722115.0,11948.0,59.66,8.0,-4.75,1517270400.0
2018-01-29,293.45,295.45,290.05,290.75,292.7177700348432,1435.0,46.0,420050.0,697.0,48.57,5.4,-2.7,1517184000.0
2018-01-25,298.45,298.45,291.05,292.1,294.57586327171254,2867.0,76.0,844549.0,2012.0,70.18,7.4,-6.35,1516838400.0
2018-01-24,298.7,299.35,294.0,298.45,297.53366583541145,4812.0,120.0,1431732.0,2809.0,58.37,5.35,-0.25,1516752000.0
2018-01-23,296.5,301.8,295.05,296.5,298.53146187700725,8407.0,242.0,2509754.0,3314.0,39.42,6.75,0.0,1516665600.0
2018-01-22,298.05,298.5,290.0,295.05,294.2028388278388,4368.0,97.0,1285078.0,1697.0,38.85,8.5,-3.0,1516579200.0
2018-01-19,291.75,297.0,289.5,294.15,293.0363105175292,7188.0,303.0,2106345.0,3237.0,45.03,7.5,2.4,1516320000.0
2018-01-18,298.3,298.3,284.3,287.15,291.9102613621733,7767.0,276.0,2267267.0,2919.0,37.58,14.0,-11.15,1516233600.0
2018-01-17,298.0,299.95,291.0,293.35,292.7409117622366,11911.0,366.0,3486837.0,5655.0,47.48,8.95,-4.65,1516147200.0
2018-01-16,302.9,303.85,295.95,297.35,299.36681955476,8939.0,361.0,2676040.0,4835.0,54.09,7.9,-5.55,1516060800.0
2018-01-15,304.0,305.7,302.0,302.2,303.8013271939328,14768.0,235.0,4486538.0,9702.0,65.7,3.7,-1.8,1515974400.0
2018-01-12,301.85,307.7,301.05,302.8,303.3610430869018,15109.0,437.0,4583482.0,6155.0,40.74,6.65,0.95,1515715200.0
2018-01-11,305.7,307.3,301.0,302.85,303.1265603850203,13298.0,363.0,4030977.0,6021.0,45.28,6.3,-2.85,1515628800.0
2018-01-10,309.0,313.65,302.3,304.8,306.944452870251,26374.0,727.0,8095353.0,12139.0,46.03,11.35,-4.2,1515542400.0
2018-01-09,304.0,310.0,300.3,306.0,304.95092187292744,15078.0,448.0,4598050.0,6639.0,44.03,9.7,2.0,1515456000.0
2018-01-08,308.5,320.0,300.25,303.9,306.26098702301124,20729.0,560.0,6348484.0,8972.0,43.28,19.75,-4.6,1515369600.0
2018-01-05,301.0,309.0,300.1,302.75,304.88339714584055,8619.0,207.0,2627790.0,4162.0,48.29,8.9,1.75,1515110400.0
2018-01-04,302.0,308.35,299.0,299.8,304.26405347918563,6582.0,211.0,2002666.0,2408.0,36.58,9.35,-2.2,1515024000.0
2018-01-03,301.85,302.0,297.0,298.65,299.0344827586207,4176.0,87.0,1248768.0,2395.0,57.35,5.0,-3.2,1514937600.0
2018-01-02,304.5,304.5,298.4,298.85,299.4015748031496,1270.0,48.0,380240.0,565.0,44.49,6.1,-5.65,1514851200.0
2018-01-01,299.0,303.1,298.35,298.95,300.42059714409345,2311.0,74.0,694272.0,1243.0,53.79,4.75,-0.05,1514764800.0
2017-12-29,300.0,307.7,298.4,299.3,300.31160220994474,1810.0,79.0,543564.0,1288.0,71.16,9.3,-0.7,1514505600.0
2017-12-28,302.7,302.7,299.0,299.6,300.3055443140429,2471.0,69.0,742055.0,1506.0,60.95,3.7,-3.1,1514419200.0
2017-12-27,301.75,309.45,299.0,299.15,300.4533963720571,10364.0,194.0,3113899.0,7985.0,77.05,10.45,-2.6,1514332800.0
2017-12-26,303.0,304.5,300.0,303.6,302.9953567937439,4092.0,85.0,1239857.0,2861.0,69.92,4.5,0.6,1514246400.0
2017-12-22,303.0,308.5,300.75,302.6,303.2210623985154,4311.0,148.0,1307186.0,2616.0,60.68,7.75,-0.4,1513900800.0
2017-12-21,303.0,303.0,298.95,301.6,300.62659150549126,10289.0,98.0,3093147.0,8240.0,80.09,4.05,-1.4,1513814400.0
2017-12-20,301.25,302.35,299.35,299.95,300.06356661969625,6387.0,58.0,1916506.0,5625.0,88.07,3.0,-1.3,1513728000.0
2017-12-19,302.0,304.25,298.0,298.8,299.9857013163868,4406.0,174.0,1321737.0,2944.0,66.82,6.25,-3.2,1513641600.0
2017-12-18,310.0,310.0,299.5,301.2,302.99283289324785,2651.0,117.0,803234.0,1759.0,66.35,10.5,-8.8,1513555200.0
2017-12-15,311.7,311.7,308.0,308.45,308.83693516699407,1018.0,48.0,314396.0,610.0,59.92,3.7,-3.25,1513296000.0
2017-12-14,309.5,312.2,305.65,309.85,308.4667832167832,3432.0,154.0,1058658.0,1694.0,49.36,6.55,0.35,1513209600.0
2017-12-13,312.7,313.8,308.0,308.7,311.80082164612554,7059.0,72.0,2201002.0,5929.0,83.99,5.8,-4.0,1513123200.0
2017-12-12,310.3,312.9,308.0,310.0,311.0834597875569,1318.0,52.0,410008.0,453.0,34.37,4.9,-0.3,1513036800.0
2017-12-11,310.55,318.0,309.15,311.9,314.5469678953626,1682.0,89.0,529068.0,732.0,43.52,8.85,1.35,1512950400.0
2017-12-08,315.05,319.0,310.3,312.45,312.5007857517025,1909.0,118.0,596564.0,1032.0,54.06,8.7,-2.6,1512691200.0
2017-12-07,309.2,315.2,300.0,309.55,309.9621421975993,3249.0,139.0,1007067.0,1822.0,56.08,15.2,0.35,1512604800.0
2017-12-06,311.45,315.5,310.3,311.7,313.6010709504685,1494.0,57.0,468520.0,718.0,48.06,5.2,0.25,1512518400.0
2017-12-05,315.2,315.2,310.6,312.45,312.4597333333333,1875.0,93.0,585862.0,1023.0,54.56,4.6,-2.75,1512432000.0
2017-12-04,310.65,316.0,310.0,313.95,314.186873747495,1996.0,115.0,627117.0,1142.0,57.21,6.0,3.3,1512345600.0
2017-12-01,317.0,328.0,312.05,313.25,320.6567056890532,9738.0,380.0,3122555.0,4180.0,42.92,15.95,-3.75,1512086400.0
2017-11-30,314.2,321.0,313.4,317.05,318.8987341772152,7189.0,196.0,2292563.0,4314.0,60.01,7.6,2.85,1512000000.0
2017-11-29,319.9,322.35,314.85,317.0,318.3358596795149,4618.0,190.0,1470075.0,2085.0,45.15,7.5,-2.9,1511913600.0
2017-11-28,313.5,331.0,311.0,317.8,321.638473243723,23658.0,753.0,7609323.0,6715.0,28.38,20.0,4.3,1511827200.0
2017-11-27,307.8,312.95,305.0,312.0,310.20976796407183,5344.0,113.0,1657761.0,3974.0,74.36,7.95,4.2,1511740800.0
2017-11-24,306.3,307.8,303.9,305.3,305.733821046708,1777.0,63.0,543289.0,1086.0,61.11,3.9,-1.0,1511481600.0
2017-11-23,308.35,309.8,302.6,303.05,307.30425021460167,45433.0,217.0,13961754.0,42793.0,94.19,7.2,-5.3,1511395200.0
2017-11-22,318.05,318.05,302.1,305.6,307.9080494422671,6634.0,279.0,2042662.0,3402.0,51.28,15.95,-12.45,1511308800.0
2017-11-21,317.0,321.5,311.5,314.5,318.27327080890973,8530.0,283.0,2714871.0,3923.0,45.99,10.0,-2.5,1511222400.0
2017-11-20,307.2,317.85,307.2,316.5,315.3517875383044,4895.0,138.0,1543647.0,2778.0,56.75,10.65,9.3,1511136000.0
2017-11-17,305.7,311.35,301.5,306.8,307.2565656565656,3960.0,161.0,1216736.0,2268.0,57.27,9.85,1.1,1510876800.0
2017-11-16,307.5,311.0,304.25,306.6,307.4418367346939,4900.0,214.0,1506465.0,3417.0,69.73,6.75,-0.9,1510790400.0
2017-11-15,310.45,310.45,305.0,306.25,307.38661257606486,2465.0,71.0,757708.0,1837.0,74.52,5.45,-4.2,1510704000.0
2017-11-14,315.0,315.45,310.55,311.15,312.6256206554121,1007.0,47.0,314814.0,551.0,54.72,4.9,-3.85,1510617600.0
2017-11-13,316.4,328.25,312.0,312.6,318.2327922745017,4867.0,186.0,1548839.0,2389.0,49.09,16.25,-3.8,1510531200.0
2017-11-10,325.4,325.55,314.8,316.5,319.2507708119219,4865.0,217.0,1553155.0,2696.0,55.42,10.75,-8.9,1510272000.0
2017-11-09,320.0,322.0,311.65,319.65,317.9311981020166,5058.0,169.0,1608096.0,2670.0,52.79,10.35,-0.35,1510185600.0
2017-11-08,315.3,324.1,313.5,318.0,321.48588529569406,11194.0,371.0,3598713.0,6882.0,61.48,10.6,2.7,1510099200.0
2017-11-07,326.0,326.0,310.1,311.75,316.8170331058883,19785.0,609.0,6268225.0,9665.0,48.85,15.9,-14.25,1510012800.0
2017-11-06,335.0,338.0,322.0,323.3,326.28735632183907,31929.0,642.0,10418029.0,18432.0,57.73,16.0,-11.7,1509926400.0
2017-11-03,343.05,354.6,331.1,333.1,341.08082396414807,25438.0,689.0,8676414.0,10511.0,41.32,23.5,-9.95,1509667200.0
2017-11-02,330.0,350.0,317.1,337.55,335.398537722402,59633.0,1538.0,20000821.0,24575.0,41.21,32.9,7.55,1509580800.0
2017-11-01,320.7,322.0,318.0,320.5,320.53172007848264,1529.0,61.0,490093.0,717.0,46.89,4.0,-0.2,1509494400.0
2017-10-31,322.0,324.35,305.0,320.05,317.80188941372603,3599.0,150.0,1143769.0,1523.0,42.32,19.35,-1.95,1509408000.0
2017-10-30,310.0,325.6,310.0,321.55,320.1275565123789,1858.0,86.0,594797.0,1053.0,56.67,15.6,11.55,1509321600.0
2017-10-27,317.4,318.75,314.05,315.45,315.8267716535433,1397.0,46.0,441210.0,791.0,56.62,4.7,-1.95,1509062400.0
2017-10-26,317.5,318.1,310.0,315.05,314.3205502292621,2399.0,93.0,754055.0,1133.0,47.23,8.1,-2.45,1508976000.0
2017-10-25,330.0,330.0,315.1,316.8,317.3076009501188,1684.0,76.0,534346.0,819.0,48.63,14.9,-13.2,1508889600.0
2017-10-24,316.25,321.35,316.0,318.2,318.4286395044079,4197.0,136.0,1336445.0,1868.0,44.51,5.35,1.95,1508803200.0
2017-10-23,315.25,317.35,310.9,314.8,314.42844727694086,3452.0,98.0,1085407.0,2136.0,61.88,6.45,-0.45,1508716800.0
2017-10-19,317.95,317.95,309.2,310.1,311.32053742802304,521.0,17.0,162198.0,290.0,55.66,8.75,-7.85,1508371200.0
2017-10-18,311.85,314.9,308.05,311.95,310.99374217772214,2397.0,69.0,745452.0,1593.0,66.46,6.85,0.1,1508284800.0
2017-10-17,317.65,317.65,309.7,311.85,312.4943732007328,3821.0,133.0,1194041.0,2440.0,63.86,7.95,-5.8,1508198400.0
2017-10-16,317.1,323.0,312.0,316.0,316.2427379925223,3477.0,146.0,1099576.0,1470.0,42.28,11.0,-1.1,1508112000.0
2017-10-13,315.0,317.85,310.35,314.7,314.05192931842765,2773.0,99.0,870866.0,875.0,31.55,7.5,-0.3,1507852800.0
2017-10-12,312.5,320.0,309.5,316.05,314.3409514925373,2144.0,96.0,673947.0,811.0,37.83,10.5,3.55,1507766400.0
2017-10-11,313.85,316.0,307.75,309.8,311.9582608695652,1725.0,69.0,538128.0,897.0,52.0,8.25,-4.05,1507680000.0
2017-10-10,311.4,313.0,309.0,310.4,310.5292682926829,410.0,28.0,127317.0,218.0,53.17,4.0,-1.0,1507593600.0
2017-10-09,306.5,315.0,305.0,306.95,308.2740784780024,1682.0,61.0,518517.0,792.0,47.09,10.0,0.45,1507507200.0
2017-10-06,309.4,309.4,305.85,307.15,307.1038851351352,1184.0,35.0,363611.0,525.0,44.34,3.55,-2.25,1507248000.0
2017-10-05,307.5,311.95,305.0,306.15,307.083225388601,3088.0,113.0,948273.0,1635.0,52.95,6.95,-1.35,1507161600.0
2017-10-04,308.1,311.75,305.55,311.3,308.99400798934755,4506.0,86.0,1392327.0,3161.0,70.15,6.2,3.2,1507075200.0
2017-10-03,308.5,309.0,305.45,308.05,307.7563964449232,14852.0,105.0,4570798.0,13362.0,89.97,3.55,-0.45,1506988800.0
2017-09-29,304.5,310.05,303.65,306.85,306.2151117964533,3891.0,144.0,1191483.0,3172.0,81.52,6.4,2.35,1506643200.0
2017-09-28,301.0,302.45,299.0,300.55,300.01051248357425,2283.0,59.0,684924.0,1152.0,50.46,3.45,-0.45,1506556800.0
2017-09-27,303.15,303.75,299.45,300.35,301.7913669064748,1112.0,28.0,335592.0,822.0,73.92,4.3,-2.8,1506470400.0
2017-09-26,300.1,301.0,298.4,300.3,299.6277254991967,4357.0,101.0,1305478.0,821.0,18.84,2.6,0.2,1506384000.0
2017-09-25,304.85,305.1,292.6,295.6,296.3997983362742,3967.0,289.0,1175818.0,2318.0,58.43,12.5,-9.25,1506297600.0
2017-09-22,309.6,311.9,303.15,304.95,306.3017521090201,3082.0,91.0,944022.0,2153.0,69.86,8.75,-4.65,1506038400.0
2017-09-21,308.1,311.15,296.15,306.7,304.85292860196665,2339.0,139.0,713051.0,1472.0,62.93,15.0,-1.4,1505952000.0
2017-09-20,309.75,314.0,307.4,308.35,309.6508875739645,1014.0,45.0,313986.0,372.0,36.69,6.6,-1.4,1505865600.0
2017-09-19,305.45,322.0,305.45,311.65,315.47488789237667,6690.0,218.0,2110527.0,1775.0,26.53,16.55,6.2,1505779200.0
2017-09-18,313.6,319.35,302.25,306.0,313.6667323416412,10151.0,300.0,3184031.0,2064.0,20.33,17.1,-7.6,1505692800.0
2017-09-15,305.45,313.9,304.1,309.8,308.2854307264788,2519.0,132.0,776571.0,2027.0,80.47,9.8,4.35,1505433600.0
2017-09-14,305.95,311.4,305.95,308.55,308.8497880072684,1651.0,56.0,509911.0,1303.0,78.92,5.45,2.6,1505347200.0
2017-09-13,311.0,313.85,303.7,308.65,309.0283110966482,3073.0,208.0,949644.0,1482.0,48.23,10.15,-2.35,1505260800.0
2017-09-12,304.0,316.5,300.0,309.4,308.0732978940912,9782.0,430.0,3013573.0,6608.0,67.55,16.5,5.4,1505174400.0
2017-09-11,308.7,308.7,297.4,299.7,299.0662798194713,7755.0,333.0,2319259.0,4423.0,57.03,11.3,-9.0,1505088000.0
2017-09-08,295.5,323.0,295.5,302.65,309.3733615295886,57218.0,1593.0,17701725.0,14157.0,24.74,27.5,7.15,1504828800.0
2017-09-07,285.65,286.85,282.5,284.65,283.76514032496306,3385.0,74.0,960545.0,2425.0,71.64,4.35,-1.0,1504742400.0
2017-09-06,284.2,288.0,284.2,286.2,286.5241935483871,620.0,19.0,177645.0,310.0,50.0,3.8,2.0,1504656000.0
2017-09-05,283.8,284.85,282.05,283.8,283.81336473358846,3397.0,79.0,964114.0,2657.0,78.22,2.8,0.0,1504569600.0
2017-09-04,290.0,290.0,280.9,283.9,283.61583067555813,3449.0,70.0,978191.0,2216.0,64.25,9.1,-6.1,1504483200.0
2017-09-01,290.0,292.0,285.4,287.05,288.9368172423974,3387.0,96.0,978629.0,1669.0,49.28,6.6,-2.95,1504224000.0
2017-08-31,281.0,290.5,277.9,287.1,282.9044014578077,3567.0,121.0,1009120.0,2227.0,62.43,12.6,6.1,1504137600.0
2017-08-30,280.65,280.65,278.55,279.35,279.54441260744983,349.0,14.0,97561.0,266.0,76.22,2.1,-1.3,1504051200.0
2017-08-29,275.75,279.95,270.0,275.05,270.2924785502365,99768.0,210.0,26966540.0,95253.0,95.47,9.95,-0.7,1503964800.0
2017-08-28,273.95,288.0,273.95,281.4,278.24158452668775,5377.0,116.0,1496105.0,2772.0,51.55,14.05,7.45,1503878400.0
2017-08-24,278.0,278.0,276.6,277.0,277.3096446700508,197.0,8.0,54630.0,91.0,46.19,1.4,-1.0,1503532800.0
2017-08-23,276.35,278.55,274.5,276.2,276.36619718309856,568.0,20.0,156976.0,401.0,70.6,4.05,-0.15,1503446400.0
2017-08-22,279.7,279.7,274.2,274.8,276.03827751196167,418.0,20.0,115384.0,245.0,58.61,5.5,-4.9,1503360000.0
2017-08-21,277.85,280.15,275.05,275.8,276.4961832061069,393.0,21.0,108663.0,201.0,51.15,5.1,-2.05,1503273600.0
2017-08-18,274.6,279.6,274.6,276.15,276.8440954043048,1719.0,116.0,475895.0,650.0,37.81,5.0,1.55,1503014400.0
2017-08-17,278.5,285.5,278.5,280.2,280.18227848101264,2370.0,57.0,664032.0,1202.0,50.72,7.0,1.7,1502928000.0
2017-08-16,280.0,282.25,276.95,279.0,279.79770992366406,3144.0,97.0,879684.0,1405.0,44.69,5.3,-1.0,1502841600.0
2017-08-14,280.0,281.0,271.9,278.7,277.8334389857369,6310.0,221.0,1753129.0,4010.0,63.55,9.1,-1.3,1502668800.0
2017-08-11,270.0,281.0,253.45,279.85,272.7029723550197,14433.0,270.0,3935922.0,7596.0,52.63,27.55,9.85,1502409600.0
2017-08-10,280.1,281.35,271.5,274.2,276.2561377794064,2729.0,85.0,753903.0,1562.0,57.24,9.85,-5.9,1502323200.0
2017-08-09,281.5,289.5,278.0,283.2,281.9353583719886,13366.0,311.0,3768348.0,7118.0,53.25,11.5,1.7,1502236800.0
2017-08-08,280.9,286.0,278.5,280.55,281.2393650793651,14175.0,287.0,3986568.0,7067.0,49.86,7.5,-0.35,1502150400.0
2017-08-07,282.1,286.05,279.5,281.85,282.8171793383633,1723.0,56.0,487294.0,874.0,50.73,6.55,-0.25,1502064000.0
2017-08-04,284.5,287.7,278.0,279.05,280.2203762521378,4093.0,96.0,1146942.0,2965.0,72.44,9.7,-5.45,1501804800.0
2017-08-03,287.8,288.5,284.0,284.75,288.3717671186054,26331.0,46.0,7593117.0,25708.0,97.63,4.5,-3.05,1501718400.0
2017-08-02,286.95,292.0,285.05,289.15,287.8171503957784,3790.0,115.0,1090827.0,1656.0,43.69,6.95,2.2,1501632000.0
2017-08-01,283.15,284.4,281.0,282.85,282.7433313574392,1687.0,47.0,476988.0,1065.0,63.13,3.4,-0.3,1501545600.0
2017-07-31,283.75,285.85,282.1,283.0,284.1517996870109,1278.0,44.0,363146.0,625.0,48.9,3.75,-0.75,1501459200.0
2017-07-28,284.45,286.1,281.65,282.3,283.34561697375767,1791.0,92.0,507472.0,902.0,50.36,4.45,-2.15,1501200000.0
2017-07-27,286.45,289.8,283.35,284.8,286.5947921425308,4378.0,116.0,1254712.0,1133.0,25.88,6.45,-1.65,1501113600.0
2017-07-26,287.9,290.0,285.8,286.95,287.605191669182,3313.0,281.0,952836.0,1266.0,38.21,4.2,-0.95,1501027200.0
2017-07-25,286.25,286.25,283.0,284.1,283.6857253986776,7713.0,145.0,2188068.0,5558.0,72.06,3.25,-2.15,1500940800.0
2017-07-24,292.0,294.35,282.0,283.6,284.25565795247945,15951.0,410.0,4534162.0,8213.0,51.49,12.35,-8.4,1500854400.0
2017-07-21,286.0,292.5,284.0,291.0,287.027584894892,10513.0,301.0,3017521.0,4359.0,41.46,8.5,5.0,1500595200.0
2017-07-20,287.0,288.2,283.45,285.5,285.1469952442715,2313.0,127.0,659545.0,1130.0,48.85,4.75,-1.5,1500508800.0
2017-07-19,283.35,288.45,278.35,285.5,282.58929998858054,17514.0,559.0,4949269.0,6833.0,39.01,10.1,2.15,1500422400.0
2017-07-18,281.05,281.05,275.45,278.3,277.5831460674157,4450.0,127.0,1235245.0,2277.0,51.17,5.6,-2.75,1500336000.0
2017-07-17,277.5,281.5,274.9,281.1,277.56602515243907,10496.0,324.0,2913333.0,7093.0,67.58,6.6,3.6,1500249600.0
2017-07-14,275.0,277.8,273.45,276.35,275.88935419880977,4537.0,126.0,1251710.0,1730.0,38.13,4.35,1.35,1499990400.0
2017-07-13,281.65,283.1,272.0,273.25,276.6553964269895,13546.0,418.0,3747574.0,4315.0,31.85,11.1,-8.4,1499904000.0
2017-07-12,281.0,282.95,270.15,279.15,277.9586953373878,27624.0,1034.0,7678331.0,11765.0,42.59,12.8,-1.85,1499817600.0
2017-07-11,297.0,297.0,289.5,290.8,291.7317477876106,7232.0,264.0,2109804.0,2998.0,41.45,7.5,-6.2,1499731200.0
2017-07-10,298.0,302.95,292.0,293.75,297.302912200931,18474.0,225.0,5492374.0,15342.0,83.05,10.95,-4.25,1499644800.0
2017-07-07,304.6,304.6,294.1,296.5,297.0418132475626,9949.0,261.0,2955269.0,4720.0,47.44,10.5,-8.1,1499385600.0
2017-07-06,308.8,309.85,301.15,302.05,305.70238618064707,6831.0,212.0,2088253.0,3069.0,44.93,8.7,-6.75,1499299200.0
2017-07-05,300.0,309.9,298.95,307.8,304.53392296054926,8593.0,238.0,2616860.0,2483.0,28.9,10.95,7.8,1499212800.0
2017-07-04,302.0,302.0,295.25,298.8,299.0048630662913,3907.0,144.0,1168212.0,981.0,25.11,6.75,-3.2,1499126400.0
2017-07-03,292.75,305.0,292.75,302.6,301.3502384048548,6921.0,237.0,2085645.0,2255.0,32.58,12.25,9.85,1499040000.0
2017-06-30,284.65,298.3,284.65,292.75,289.5445464362851,7408.0,210.0,2144946.0,3449.0,46.56,13.65,8.1,1498780800.0
2017-06-29,289.0,290.0,284.0,286.15,286.1867618786048,3641.0,106.0,1042006.0,1390.0,38.18,6.0,-2.85,1498694400.0
2017-06-28,281.95,294.5,281.1,285.6,286.0327050997783,3608.0,135.0,1032006.0,1600.0,44.35,13.4,3.65,1498608000.0
2017-06-27,279.15,286.15,277.0,280.55,280.04586097490625,6934.0,248.0,1941838.0,3961.0,57.12,9.15,1.4,1498521600.0
2017-06-23,281.2,284.35,276.0,282.1,280.338641358005,31399.0,202.0,8802353.0,28036.0,89.29,8.35,0.9,1498176000.0
2017-06-22,287.1,287.1,279.25,281.1,282.60377809660446,4182.0,119.0,1181849.0,2416.0,57.77,7.85,-6.0,1498089600.0
2017-06-21,290.5,290.5,284.15,285.25,287.7661145690474,9479.0,184.0,2727735.0,2858.0,30.15,6.35,-5.25,1498003200.0
2017-06-20,295.4,297.0,287.1,289.65,292.7711009174312,4360.0,157.0,1276482.0,1496.0,34.31,9.9,-5.75,1497916800.0
2017-06-19,274.65,298.0,274.65,293.95,292.6777063766683,12138.0,327.0,3552522.0,3835.0,31.59,23.35,19.3,1497830400.0
2017-06-16,285.0,285.0,269.75,273.5,272.6702798084194,3967.0,108.0,1081683.0,2138.0,53.89,15.25,-11.5,1497571200.0
2017-06-15,275.35,278.2,272.0,272.95,273.9997978981406,4948.0,156.0,1355751.0,3002.0,60.67,6.2,-2.4,1497484800.0
2017-06-14,280.0,280.0,274.6,277.1,276.9008834302952,9282.0,277.0,2570194.0,4546.0,48.98,5.4,-2.9,1497398400.0
2017-06-13,281.0,285.75,275.5,276.8,279.0183423913044,2944.0,118.0,821430.0,1980.0,67.26,10.25,-4.2,1497312000.0
2017-06-12,293.8,293.8,281.0,281.95,285.3960332693538,4689.0,125.0,1338222.0,2892.0,61.68,12.8,-11.85,1497225600.0
2017-06-09,285.0,293.8,285.0,292.35,289.46333500753394,3982.0,108.0,1152643.0,2214.0,55.6,8.8,7.35,1496966400.0
2017-06-08,288.15,290.35,284.3,286.9,286.7141961112273,9566.0,94.0,2742708.0,6140.0,64.19,6.05,-1.25,1496880000.0
2017-06-07,286.8,293.5,281.0,289.85,286.10340595274624,3259.0,111.0,932411.0,1612.0,49.46,12.5,3.05,1496793600.0
2017-06-06,287.75,289.7,284.05,285.5,285.8318882466281,2076.0,66.0,593387.0,925.0,44.56,5.65,-2.25,1496707200.0
2017-06-05,281.0,294.95,278.15,289.0,284.3588834736376,6771.0,210.0,1925394.0,4753.0,70.2,16.8,8.0,1496620800.0
2017-06-02,291.3,303.7,281.0,282.35,291.713234035268,23364.0,650.0,6815588.0,11771.0,50.38,22.7,-8.95,1496361600.0
2017-06-01,296.0,296.0,286.0,290.3,290.6519555077144,5574.0,166.0,1620094.0,3948.0,70.83,10.0,-5.7,1496275200.0
2017-05-31,299.65,302.0,294.55,300.25,297.3345097050668,3967.0,122.0,1179526.0,940.0,23.7,7.45,0.6,1496188800.0
2017-05-30,296.05,303.45,289.45,300.55,293.7845814370432,7251.0,224.0,2130232.0,3209.0,44.26,14.0,4.5,1496102400.0
2017-05-29,310.95,311.0,286.0,294.05,290.5694915254237,3540.0,179.0,1028616.0,1165.0,32.91,25.0,-16.9,1496016000.0
2017-05-26,295.7,295.75,286.0,290.15,290.0696124031008,6450.0,321.0,1870949.0,2002.0,31.04,9.75,-5.55,1495756800.0
2017-05-25,290.45,298.25,287.0,292.55,292.8016776245265,111944.0,408.0,32777391.0,105071.0,93.86,11.25,2.1,1495670400.0
2017-05-24,307.55,307.55,285.95,290.0,295.462681674134,9151.0,304.0,2703779.0,4139.0,45.23,21.6,-17.55,1495584000.0
2017-05-23,330.0,330.0,304.2,310.85,311.34241745676303,20989.0,506.0,6534766.0,9415.0,44.86,25.8,-19.15,1495497600.0
2017-05-22,335.0,339.6,330.8,334.3,335.84,4350.0,235.0,1460904.0,2530.0,58.16,8.8,-0.7,1495411200.0
2017-05-19,340.8,340.8,335.0,335.65,336.03085667884693,2463.0,44.0,827644.0,1547.0,62.81,5.8,-5.15,1495152000.0
2017-05-18,336.5,338.8,335.0,336.15,336.256168359942,1378.0,39.0,463361.0,855.0,62.05,3.8,-0.35,1495065600.0
2017-05-17,341.0,341.35,339.0,339.1,339.2502744237102,2733.0,33.0,927171.0,2308.0,84.45,2.35,-1.9,1494979200.0
2017-05-16,335.0,342.3,334.05,338.9,338.83691220440335,3679.0,122.0,1246581.0,1213.0,32.97,8.25,3.9,1494892800.0
2017-05-15,335.0,343.35,335.0,335.95,338.0686337395766,1559.0,46.0,527049.0,975.0,62.54,8.35,0.95,1494806400.0
2017-05-12,332.6,339.95,332.6,336.7,335.7558797909408,9184.0,242.0,3083582.0,3452.0,37.59,7.35,4.1,1494547200.0
2017-05-11,338.9,341.7,337.6,339.05,339.1035071384233,6444.0,139.0,2185183.0,5431.0,84.28,4.1,0.15,1494460800.0
2017-05-10,341.5,342.4,335.7,339.1,339.24590163934425,2562.0,80.0,869148.0,490.0,19.13,6.7,-2.4,1494374400.0
2017-05-09,343.95,344.0,338.05,341.2,341.2329476248477,3284.0,100.0,1120609.0,1551.0,47.23,5.95,-2.75,1494288000.0
2017-05-08,340.35,342.1,338.65,339.15,339.48247978436655,1113.0,40.0,377844.0,421.0,37.83,3.45,-1.2,1494201600.0
2017-05-05,335.0,341.3,334.1,337.95,337.56633221850615,1794.0,56.0,605594.0,758.0,42.25,7.2,2.95,1493942400.0
2017-05-04,343.0,343.55,335.2,338.85,341.45378787878786,6600.0,143.0,2253595.0,944.0,14.3,8.35,-4.15,1493856000.0
2017-05-03,343.45,344.3,340.65,341.3,343.0399239543726,6838.0,171.0,2345707.0,527.0,7.71,3.65,-2.15,1493769600.0
2017-05-02,340.75,344.0,338.85,341.6,341.778994576554,9588.0,202.0,3276977.0,847.0,8.83,5.15,0.85,1493683200.0
2017-04-28,342.25,346.8,336.1,341.5,340.9889965677367,9906.0,232.0,3377837.0,1550.0,15.65,10.7,-0.75,1493337600.0
2017-04-27,340.35,341.95,339.55,340.7,340.2320881812615,1633.0,45.0,555599.0,990.0,60.62,2.4,0.35,1493251200.0
2017-04-26,344.75,347.0,340.1,341.7,344.0281803542673,3726.0,76.0,1281849.0,2537.0,68.09,6.9,-3.05,1493164800.0
2017-04-25,350.0,350.8,337.3,343.25,345.2516619183286,10530.0,231.0,3635500.0,2957.0,28.08,13.5,-6.75,1493078400.0
2017-04-24,349.75,351.0,340.0,348.1,347.79218407596784,8214.0,159.0,2856765.0,4789.0,58.3,11.0,-1.65,1492992000.0
2017-04-21,347.35,350.85,346.7,348.6,348.51719238420003,3519.0,90.0,1226432.0,1337.0,37.99,4.15,1.25,1492732800.0
2017-04-20,352.0,355.0,346.5,348.95,348.1456998773341,7337.0,206.0,2554345.0,4386.0,59.78,8.5,-3.05,1492646400.0
2017-04-19,340.0,351.85,331.95,351.6,349.03355614973265,22440.0,302.0,7832313.0,18421.0,82.09,19.9,11.6,1492560000.0
2017-04-18,355.0,355.0,336.15,344.5,344.8768946395564,5410.0,125.0,1865784.0,2971.0,54.92,18.85,-10.5,1492473600.0
2017-04-17,340.25,350.0,339.9,345.85,343.69194805194803,1925.0,81.0,661607.0,939.0,48.78,10.1,5.6,1492387200.0
2017-04-13,339.5,348.0,333.1,343.9,337.5099127676447,8827.0,263.0,2979200.0,2103.0,23.82,14.9,4.4,1492041600.0
2017-04-12,348.0,349.0,337.25,340.05,343.818523878437,3455.0,105.0,1187893.0,1943.0,56.24,11.75,-7.95,1491955200.0
2017-04-11,349.45,352.0,347.05,347.55,348.3471896955504,1708.0,52.0,594977.0,852.0,49.88,4.95,-1.9,1491868800.0
2017-04-10,354.05,354.05,344.0,347.3,347.4207753105006,7971.0,205.0,2769291.0,3920.0,49.18,10.05,-6.75,1491782400.0
2017-04-07,345.95,353.0,339.4,348.0,349.2784058790277,14152.0,353.0,4942988.0,6002.0,42.41,13.6,2.05,1491523200.0
2017-04-06,344.75,346.0,339.15,342.4,342.80689408396944,8384.0,230.0,2874093.0,4290.0,51.17,6.85,-2.35,1491436800.0
2017-04-05,349.45,349.45,329.45,338.55,336.9119108365785,7447.0,288.0,2508983.0,3022.0,40.58,20.0,-10.9,1491350400.0
2017-04-03,345.0,350.0,337.5,339.65,340.7417865578699,9314.0,481.0,3173669.0,4856.0,52.14,12.5,-5.35,1491177600.0
2017-03-31,337.9,344.95,326.0,342.3,338.760681015098,6226.0,214.0,2109124.0,3011.0,48.36,18.95,4.4,1490918400.0
2017-03-30,326.65,340.0,326.6,335.9,332.6647769287651,8114.0,261.0,2699242.0,4331.0,53.38,13.4,9.25,1490832000.0
2017-03-29,334.85,336.3,325.2,326.6,328.366964784796,3578.0,116.0,1174897.0,1790.0,50.03,11.1,-8.25,1490745600.0
2017-03-28,337.6,339.5,324.9,337.2,336.3037521407442,6423.0,180.0,2160079.0,4007.0,62.39,14.6,-0.4,1490659200.0
2017-03-27,327.35,334.5,325.0,332.9,328.9130272290443,18730.0,447.0,6160541.0,7236.0,38.63,9.5,5.55,1490572800.0
2017-03-24,327.0,329.7,324.2,325.1,327.884901390236,9279.0,256.0,3042444.0,5620.0,60.57,5.5,-1.9,1490313600.0
2017-03-23,342.35,347.0,323.0,327.8,332.6358078258125,25352.0,563.0,8432983.0,15760.0,62.16,24.0,-14.55,1490227200.0
2017-03-22,331.75,342.0,325.6,339.3,334.0557194931436,5761.0,313.0,1924495.0,2231.0,38.73,16.4,7.55,1490140800.0
2017-03-21,333.45,339.0,325.55,333.1,330.66912471946137,9357.0,354.0,3094071.0,3426.0,36.61,13.45,-0.35,1490054400.0
2017-03-20,336.95,345.0,332.65,335.55,336.4496433666191,3505.0,167.0,1179256.0,1779.0,50.76,12.35,-1.4,1489968000.0
2017-03-17,337.6,345.1,332.5,335.9,338.8626767383304,5163.0,266.0,1749548.0,2325.0,45.03,12.6,-1.7,1489708800.0
2017-03-16,336.7,345.25,335.2,338.95,340.28868308109327,4427.0,260.0,1506458.0,2329.0,52.61,10.05,2.25,1489622400.0
2017-03-15,335.0,344.5,335.0,335.5,337.4427114577084,3334.0,419.0,1125034.0,1454.0,43.61,9.5,0.5,1489536000.0
2017-03-14,355.0,360.0,329.6,334.8,336.4706681151548,18410.0,833.0,6194425.0,7545.0,40.98,30.4,-20.2,1489449600.0
2017-03-10,359.75,359.8,346.6,350.15,354.7158333333333,6000.0,794.0,2128295.0,3281.0,54.68,13.2,-9.6,1489104000.0
2017-03-09,352.05,358.75,343.0,357.1,349.16591203104787,6184.0,687.0,2159242.0,1752.0,28.33,15.75,5.05,1489017600.0
2017-03-08,355.0,360.35,350.15,352.35,354.2086824067022,3939.0,311.0,1395228.0,1896.0,48.13,10.2,-2.65,1488931200.0
2017-03-07,356.85,358.8,349.4,352.3,353.12404942965776,4208.0,195.0,1485946.0,2254.0,53.56,9.4,-4.55,1488844800.0
2017-03-06,355.0,361.55,355.0,357.35,357.99853648337864,9566.0,535.0,3424614.0,3410.0,35.65,6.55,2.35,1488758400.0
2017-03-03,361.1,362.5,350.15,353.65,353.9065182403433,7456.0,230.0,2638727.0,3476.0,46.62,12.35,-7.45,1488499200.0
2017-03-02,354.0,371.8,352.2,362.75,363.4357749469214,26376.0,1156.0,9585982.0,4401.0,16.69,19.6,8.75,1488412800.0
2017-03-01,341.4,356.95,341.4,354.3,349.38277863235913,28604.0,662.0,9993745.0,16091.0,56.25,15.55,12.9,1488326400.0
2017-02-28,340.0,345.0,337.4,341.8,341.5265208076349,15403.0,431.0,5260533.0,5535.0,35.93,7.6,1.8,1488240000.0
2017-02-27,332.0,341.7,330.5,339.4,335.56317292902656,18204.0,595.0,6108592.0,9347.0,51.35,11.2,7.4,1488153600.0
2017-02-23,325.75,334.0,325.65,329.3,330.04813334025647,19259.0,329.0,6356397.0,14684.0,76.24,8.35,3.55,1487808000.0
2017-02-22,323.0,328.95,323.0,326.7,326.5553383826044,4093.0,214.0,1336591.0,1596.0,38.99,5.95,3.7,1487721600.0
2017-02-21,317.4,325.15,316.5,323.75,321.21776729559747,6360.0,230.0,2042945.0,4278.0,67.26,8.65,6.35,1487635200.0
2017-02-20,318.8,320.25,316.7,317.5,318.5998890122086,5406.0,169.0,1722351.0,3148.0,58.23,3.55,-1.3,1487548800.0
2017-02-17,313.65,318.0,313.1,315.35,316.2210604929052,9373.0,230.0,2963940.0,5524.0,58.94,4.9,1.7,1487289600.0
2017-02-16,314.95,317.0,313.65,314.3,315.0205396697543,2483.0,101.0,782196.0,912.0,36.73,3.35,-0.65,1487203200.0
2017-02-15,313.5,317.0,311.0,313.45,313.0292844410492,3927.0,157.0,1229266.0,1939.0,49.38,6.0,-0.05,1487116800.0
2017-02-14,310.35,313.85,309.45,313.1,312.3426938369781,4024.0,103.0,1256867.0,2328.0,57.85,4.4,2.75,1487030400.0
2017-02-13,315.0,318.4,311.0,312.45,313.36956521739125,5198.0,158.0,1628895.0,2907.0,55.93,7.4,-2.55,1486944000.0
2017-02-10,313.25,313.8,310.0,311.55,310.80450397980974,5151.0,130.0,1600954.0,3046.0,59.13,3.8,-1.7,1486684800.0
2017-02-09,308.45,311.75,306.9,311.0,310.1227167054135,6022.0,188.0,1867559.0,3316.0,55.06,4.85,2.55,1486598400.0
2017-02-08,313.4,313.4,309.0,310.65,310.41340782122904,4475.0,120.0,1389100.0,1933.0,43.2,4.4,-2.75,1486512000.0
2017-02-07,312.0,313.35,306.45,310.8,310.6334505137912,7396.0,203.0,2297445.0,3676.0,49.7,6.9,-1.2,1486425600.0
2017-02-06,315.5,315.5,308.8,309.45,312.0595673876872,6010.0,139.0,1875478.0,3490.0,58.07,6.7,-6.05,1486339200.0
2017-02-03,314.4,314.4,304.7,311.35,311.4170883841356,8497.0,326.0,2646111.0,4878.0,57.41,9.7,-3.05,1486080000.0
2017-02-02,316.1,321.5,305.5,310.4,312.25401023597703,58226.0,1780.0,18181302.0,15185.0,26.08,16.0,-5.7,1485993600.0
2017-02-01,304.8,304.8,296.95,302.25,300.7076555023924,6270.0,212.0,1885437.0,2330.0,37.16,7.85,-2.55,1485907200.0
2017-01-31,298.7,300.7,296.05,297.8,299.1617181796057,8218.0,330.0,2458511.0,5008.0,60.94,4.65,-0.9,1485820800.0
2017-01-30,301.75,301.75,297.0,299.95,300.05372360133384,8097.0,435.0,2429535.0,6098.0,75.31,4.75,-1.8,1485734400.0
2017-01-27,299.4,306.0,298.0,298.85,302.5012494090633,14807.0,413.0,4479136.0,6454.0,43.59,8.0,-0.55,1485475200.0
2017-01-25,299.0,300.0,297.15,298.9,299.0290308173292,6717.0,222.0,2008578.0,3892.0,57.94,2.85,-0.1,1485302400.0
2017-01-24,299.0,299.9,297.0,297.45,298.14406277761327,6754.0,182.0,2013665.0,2891.0,42.8,2.9,-1.55,1485216000.0
2017-01-23,299.6,299.6,294.6,297.5,297.19723556514066,10201.0,314.0,3031709.0,5929.0,58.12,5.0,-2.1,1485129600.0
2017-01-20,295.0,299.9,292.35,293.25,295.36418598582054,22991.0,749.0,6790718.0,9888.0,43.01,7.55,-1.75,1484870400.0
2017-01-19,281.4,296.75,281.4,292.75,292.1890088390455,57246.0,1758.0,16726652.0,12847.0,22.44,15.35,11.35,1484784000.0
2017-01-18,277.95,281.2,277.95,279.95,279.4108387096774,3875.0,114.0,1082717.0,1287.0,33.21,3.25,2.0,1484697600.0
2017-01-17,278.95,278.95,272.9,275.4,274.8175446049278,9416.0,290.0,2587682.0,1006.0,10.68,6.05,-3.55,1484611200.0
2017-01-16,275.0,277.8,272.65,274.95,275.35978990370586,6854.0,181.0,1887316.0,2954.0,43.1,5.15,-0.05,1484524800.0
2017-01-13,267.25,275.6,267.25,272.95,272.78166800672466,13681.0,438.0,3731926.0,6040.0,44.15,8.35,5.7,1484265600.0
2017-01-12,267.0,269.95,266.3,268.0,268.0018886156008,22768.0,521.0,6101867.0,4923.0,21.62,3.65,1.0,1484179200.0
2017-01-11,267.7,270.0,266.1,267.5,268.04560810810807,8288.0,265.0,2221562.0,2312.0,27.9,3.9,-0.2,1484092800.0
2017-01-10,267.0,268.1,264.0,267.3,266.8016862170088,10912.0,260.0,2911340.0,3535.0,32.4,4.1,0.3,1484006400.0
2017-01-09,267.0,267.3,265.1,266.15,266.2446440912232,4341.0,88.0,1155768.0,1786.0,41.14,2.2,-0.85,1483920000.0
2017-01-06,266.45,268.0,250.0,265.45,251.16952943698328,321891.0,649.0,80849211.0,300161.0,93.25,18.0,-1.0,1483660800.0
2017-01-05,263.35,267.1,263.35,266.25,265.56253270538986,1911.0,65.0,507490.0,974.0,50.97,3.75,2.9,1483574400.0
2017-01-04,264.55,264.55,260.4,261.1,261.98743126472897,1273.0,46.0,333510.0,629.0,49.41,4.15,-3.45,1483488000.0
2017-01-03,266.0,267.25,265.55,266.3,266.5544174135724,781.0,29.0,208179.0,385.0,49.3,1.7,0.3,1483401600.0
2017-01-02,265.55,267.9,264.45,266.3,265.5128664130678,8938.0,339.0,2373154.0,763.0,8.54,3.45,0.75,1483315200.0
2016-12-30,263.65,266.9,262.2,266.55,265.68410476718407,14432.0,596.0,3834353.0,1471.0,10.19,4.7,2.9,1483056000.0
2016-12-29,262.0,267.55,261.5,265.75,265.34234317343174,10840.0,414.0,2876311.0,2394.0,22.08,6.05,3.75,1482969600.0
2016-12-28,253.0,269.0,252.65,261.95,255.7462893909484,13677.0,427.0,3497842.0,2528.0,18.48,16.35,8.95,1482883200.0
2016-12-27,251.6,254.5,250.7,252.9,253.06090215499933,7471.0,334.0,1890618.0,500.0,6.69,3.8,1.3,1482796800.0
2016-12-26,252.5,255.0,250.05,251.8,252.2156030089784,8242.0,365.0,2078761.0,1936.0,23.49,4.95,-0.7,1482710400.0
2016-12-23,254.0,256.5,252.25,254.05,253.46808359397207,14068.0,599.0,3565789.0,4055.0,28.82,4.25,0.05,1482451200.0
2016-12-22,257.65,257.65,250.0,250.25,251.22220035426096,5081.0,121.0,1276460.0,2361.0,46.47,7.65,-7.4,1482364800.0
2016-12-21,257.05,263.1,253.0,257.1,256.9210913619382,8833.0,583.0,2269384.0,2143.0,24.26,10.1,0.05,1482278400.0
2016-12-20,262.7,262.7,253.8,256.4,255.7651925820257,10515.0,396.0,2689371.0,2269.0,21.58,8.9,-6.3,1482192000.0
2016-12-19,259.7,265.0,256.95,259.75,259.6077249022164,6136.0,208.0,1592953.0,259.0,4.22,8.05,0.05,1482105600.0
2016-12-16,260.0,260.0,254.85,259.7,257.4467462283269,13323.0,446.0,3429963.0,1719.0,12.9,5.15,-0.3,1481846400.0
2016-12-15,260.0,260.2,256.5,257.85,257.9081433224756,12280.0,596.0,3167112.0,3351.0,27.29,3.7,-2.15,1481760000.0
2016-12-14,261.0,266.05,259.25,262.0,263.5780141843972,4512.0,143.0,1189264.0,2426.0,53.77,6.8,1.0,1481673600.0
2016-12-13,260.0,262.75,257.5,261.1,259.652628032345,5936.0,202.0,1541298.0,2259.0,38.06,5.25,1.1,1481587200.0
2016-12-12,266.55,267.5,258.0,262.8,264.42406036048624,14314.0,506.0,3784966.0,2290.0,16.0,9.5,-3.75,1481500800.0
2016-12-09,267.25,269.8,263.0,268.3,266.6418131542564,10126.0,418.0,2700015.0,1198.0,11.83,6.8,1.05,1481241600.0
2016-12-08,275.2,275.2,265.2,267.95,270.56326530612245,4165.0,174.0,1126896.0,1678.0,40.29,10.0,-7.25,1481155200.0
2016-12-07,275.2,276.6,271.1,275.2,274.4642282568665,103182.0,180.0,28319768.0,99729.0,96.65,5.5,0.0,1481068800.0
2016-12-06,274.45,278.35,272.0,276.8,274.7127332601537,9110.0,293.0,2502633.0,3581.0,39.31,6.35,2.35,1480982400.0
2016-12-05,281.0,282.0,272.6,275.65,275.15828409249525,21493.0,385.0,5913977.0,11133.0,51.8,9.4,-5.35,1480896000.0
2016-12-02,267.6,276.0,262.0,274.15,273.21150765396936,22472.0,864.0,6139609.0,5980.0,26.61,14.0,6.55,1480636800.0
2016-12-01,255.0,271.0,255.0,269.9,265.2203713343744,17289.0,1289.0,4585395.0,7502.0,43.39,16.0,14.9,1480550400.0
2016-11-30,252.0,256.75,250.0,255.55,253.262015503876,3870.0,123.0,980124.0,2481.0,64.11,6.75,3.55,1480464000.0
2016-11-29,253.0,253.0,249.05,251.2,251.18517253160232,8781.0,418.0,2205657.0,1865.0,21.24,3.95,-1.8,1480377600.0
2016-11-28,249.75,251.55,241.05,250.3,249.60596933187293,7304.0,276.0,1823122.0,2213.0,30.3,10.5,0.55,1480291200.0
2016-11-25,250.0,253.95,248.9,252.45,251.58874458874456,3234.0,164.0,813638.0,1924.0,59.49,5.05,2.45,1480032000.0
2016-11-24,242.6,250.0,242.6,248.25,247.30723443223445,2184.0,83.0,540119.0,1650.0,75.55,7.4,5.65,1479945600.0
2016-11-23,242.85,243.0,238.2,240.55,240.45774914740431,2639.0,79.0,634568.0,977.0,37.02,4.8,-2.3,1479859200.0
2016-11-22,240.35,243.65,238.15,239.1,239.4691755384996,4039.0,148.0,967216.0,1899.0,47.02,5.5,-1.25,1479772800.0
2016-11-21,247.0,250.0,237.1,237.7,242.10253227408143,8056.0,219.0,1950378.0,3249.0,40.33,12.9,-9.3,1479686400.0
2016-11-18,243.9,251.7,239.15,246.8,247.7389684251814,10198.0,286.0,2526442.0,4060.0,39.81,12.55,2.9,1479427200.0
2016-11-17,244.25,245.0,236.5,239.95,240.394656019656,3256.0,140.0,782725.0,1746.0,53.62,8.5,-4.3,1479340800.0
2016-11-16,235.0,248.15,233.0,246.75,242.73884061421256,8401.0,223.0,2039249.0,4456.0,53.04,15.15,11.75,1479254400.0
2016-11-15,240.0,240.0,229.2,231.3,231.3314089561554,6409.0,221.0,1482603.0,3648.0,56.92,10.8,-8.7,1479168000.0
2016-11-11,249.25,250.0,238.05,239.45,242.26415094339623,4293.0,161.0,1040040.0,2013.0,46.89,11.95,-9.8,1478822400.0
2016-11-10,251.75,253.9,250.0,252.9,252.11796536796533,2772.0,110.0,698871.0,1344.0,48.48,3.9,1.15,1478736000.0
2016-11-09,236.35,251.3,233.75,250.05,241.2806942968473,14115.0,581.0,3405677.0,5206.0,36.88,17.55,13.7,1478649600.0
2016-11-08,254.0,255.5,248.65,249.55,250.84232682740145,2613.0,184.0,655451.0,1187.0,45.43,6.85,-4.45,1478563200.0
2016-11-07,250.5,253.0,248.75,252.15,251.1899566821755,6233.0,200.0,1565667.0,3021.0,48.47,4.25,1.65,1478476800.0
2016-11-04,249.55,250.5,244.95,248.45,248.33169001902783,11562.0,449.0,2871211.0,5373.0,46.47,5.55,-1.1,1478217600.0
2016-11-03,248.3,251.5,248.0,249.3,249.5751829673985,9018.0,321.0,2250669.0,3832.0,42.49,3.5,1.0,1478131200.0
2016-11-02,250.0,251.5,229.0,249.15,249.43424009920173,12903.0,427.0,3218450.0,6677.0,51.75,22.5,-0.85,1478044800.0
2016-11-01,251.85,251.85,248.0,248.95,249.6190243902439,6150.0,156.0,1535157.0,3016.0,49.04,3.85,-2.9,1477958400.0
2016-10-30,252.9,254.5,251.55,252.35,253.0088397790055,1810.0,95.0,457946.0,1025.0,56.63,2.95,-0.55,1477785600.0
2016-10-28,249.8,252.0,249.15,250.0,249.9684316784436,10897.0,212.0,2723906.0,6546.0,60.07,2.85,0.2,1477612800.0
2016-10-27,252.35,253.1,249.3,250.0,250.16225936111687,4727.0,89.0,1182517.0,2997.0,63.4,3.8,-2.35,1477526400.0
2016-10-26,250.0,260.75,247.75,250.3,251.35830694146296,415532.0,2174.0,104447420.0,311439.0,74.95,13.0,0.3,1477440000.0
2016-10-25,248.15,250.0,247.0,248.6,248.85668697418043,3447.0,94.0,857809.0,1702.0,49.38,3.0,0.45,1477353600.0
2016-10-24,249.6,250.2,247.0,248.55,248.9289340101523,4334.0,119.0,1078858.0,1470.0,33.92,3.2,-1.05,1477267200.0
2016-10-21,248.25,252.0,247.0,249.8,250.3649059218592,18761.0,281.0,4697096.0,11022.0,58.75,5.0,1.55,1477008000.0
2016-10-20,250.0,257.4,245.5,248.2,250.20491572388664,653210.0,1047.0,163436353.0,609163.0,93.26,11.9,-1.8,1476921600.0
2016-10-19,247.7,251.15,245.0,248.65,248.742366284142,14901.0,304.0,3706510.0,5330.0,35.77,6.15,0.95,1476835200.0
2016-10-18,245.85,247.85,245.0,246.25,246.1166347992352,5753.0,110.0,1415909.0,2436.0,42.34,2.85,0.4,1476748800.0
2016-10-17,247.0,247.0,243.65,244.55,245.07078986587183,6710.0,127.0,1644425.0,3303.0,49.23,3.35,-2.45,1476662400.0
2016-10-14,245.8,248.0,244.4,245.9,246.6095346197503,6167.0,120.0,1520841.0,3652.0,59.22,3.6,0.1,1476403200.0
2016-10-13,250.0,250.0,243.8,245.75,245.97524238227143,5776.0,117.0,1420753.0,2989.0,51.75,6.2,-4.25,1476316800.0
2016-10-10,245.0,248.8,241.5,247.35,245.23318348318347,12012.0,313.0,2945741.0,4941.0,41.13,7.3,2.35,1476057600.0
2016-10-07,236.6,244.0,236.1,242.95,241.26260710773985,14238.0,336.0,3435097.0,4830.0,33.92,7.9,6.35,1475798400.0
2016-10-06,243.8,244.0,233.0,234.4,237.8058908514704,21457.0,661.0,5102601.0,12522.0,58.36,11.0,-9.4,1475712000.0
2016-10-05,245.1,250.7,235.0,241.3,242.40660915580293,36283.0,1273.0,8795239.0,14499.0,39.96,15.7,-3.8,1475625600.0
2016-10-04,257.0,259.7,242.0,246.7,255.53542331338744,584248.0,1432.0,149296060.0,551544.0,94.4,17.7,-10.3,1475539200.0
2016-10-03,260.35,267.45,254.5,260.45,260.15829670500955,96237.0,2165.0,25036854.0,30141.0,31.32,12.95,0.1,1475452800.0
2016-09-30,258.0,265.0,256.5,260.9,260.97328119908764,6138.0,231.0,1601854.0,2337.0,38.07,8.5,2.9,1475193600.0
2016-09-29,269.85,269.85,245.0,254.3,257.1700481866599,7886.0,380.0,2028043.0,2645.0,33.54,24.85,-15.55,1475107200.0
2016-09-28,269.55,269.6,267.0,267.45,267.9102079395085,2116.0,96.0,566898.0,1096.0,51.8,2.6,-2.1,1475020800.0
2016-09-27,260.25,269.9,259.0,265.85,264.0198863636364,5280.0,211.0,1394025.0,3057.0,57.9,10.9,5.6,1474934400.0
2016-09-26,267.5,269.3,254.55,256.8,260.1991659294831,7913.0,332.0,2058956.0,3968.0,50.15,14.75,-10.7,1474848000.0
2016-09-23,270.0,270.0,266.0,268.45,268.2263251935676,1679.0,85.0,450352.0,752.0,44.79,4.0,-1.55,1474588800.0
2016-09-22,269.8,270.0,265.0,269.15,268.1432325886991,3044.0,143.0,816228.0,1163.0,38.21,5.0,-0.65,1474502400.0
2016-09-21,266.95,270.1,263.45,268.9,268.627688172043,5208.0,237.0,1399013.0,2940.0,56.45,6.65,1.95,1474416000.0
2016-09-20,260.0,268.4,260.0,263.7,263.70643165635573,8567.0,320.0,2259173.0,2056.0,24.0,8.4,3.7,1474329600.0
2016-09-19,258.0,263.5,256.6,260.9,260.57429295061206,4738.0,219.0,1234601.0,2290.0,48.33,6.9,2.9,1474243200.0
2016-09-16,261.6,262.0,258.35,258.9,260.7933799692885,5861.0,119.0,1528510.0,4152.0,70.84,3.65,-2.7,1473984000.0
2016-09-15,252.95,264.9,251.85,260.3,260.0847119792705,5017.0,224.0,1304845.0,1782.0,35.52,13.05,7.35,1473897600.0
2016-09-14,258.0,258.0,247.0,250.3,250.29974811083125,8734.0,246.0,2186118.0,4875.0,55.82,11.0,-7.7,1473811200.0
2016-09-12,259.25,260.7,255.35,257.2,257.99391304347824,2300.0,134.0,593386.0,1128.0,49.04,5.35,-2.05,1473638400.0
2016-09-09,270.15,271.4,261.5,262.8,264.2165906699404,5702.0,156.0,1506563.0,3345.0,58.66,9.9,-7.35,1473379200.0
2016-09-08,267.95,272.0,266.6,268.25,268.3350604490501,2316.0,126.0,621464.0,799.0,34.5,5.4,0.3,1473292800.0
2016-09-07,270.0,272.55,262.55,265.8,265.4218930803055,8642.0,301.0,2293776.0,3953.0,45.74,10.0,-4.2,1473206400.0
2016-09-06,268.8,269.3,265.0,266.4,267.16744186046515,2150.0,92.0,574410.0,911.0,42.37,4.3,-2.4,1473120000.0
2016-09-02,271.95,273.95,268.5,269.15,271.56496834489,3317.0,172.0,900781.0,952.0,28.7,5.45,-2.8,1472774400.0
2016-09-01,273.4,276.0,269.4,270.6,272.04482279360667,2878.0,101.0,782945.0,1095.0,38.05,6.6,-2.8,1472688000.0
2016-08-31,275.0,275.25,271.4,273.7,273.1262503789027,6598.0,253.0,1802087.0,3029.0,45.91,3.85,-1.3,1472601600.0
2016-08-30,274.4,277.2,271.1,272.2,274.2042081226553,6131.0,239.0,1681146.0,2472.0,40.32,6.1,-2.2,1472515200.0
2016-08-29,277.0,277.0,273.0,274.35,274.6040656763096,6395.0,168.0,1756093.0,2068.0,32.34,4.0,-2.65,1472428800.0
2016-08-26,282.95,282.95,277.0,277.65,279.7357286769644,2978.0,116.0,833053.0,636.0,21.36,5.95,-5.3,1472169600.0
2016-08-25,279.3,285.75,278.4,281.25,282.7508566978193,12840.0,560.0,3630521.0,3703.0,28.84,7.35,1.95,1472083200.0
2016-08-24,281.0,281.0,276.85,279.8,279.4482208711253,10033.0,333.0,2803704.0,3072.0,30.62,4.15,-1.2,1471996800.0
2016-08-23,275.3,286.0,274.95,280.15,281.3807516986325,23254.0,732.0,6543228.0,4691.0,20.17,11.05,4.85,1471910400.0
2016-08-22,275.0,278.0,273.55,276.7,275.9253938832252,6474.0,361.0,1786341.0,2392.0,36.95,4.45,1.7,1471824000.0
2016-08-19,267.9,273.0,267.9,271.45,270.9340262582057,9140.0,244.0,2476337.0,3445.0,37.69,5.1,3.55,1471564800.0
2016-08-18,267.9,268.9,266.7,268.45,267.80026513477685,11315.0,533.0,3030160.0,7182.0,63.47,2.2,0.55,1471478400.0
2016-08-17,266.0,269.0,263.6,267.6,266.1843877586628,28657.0,754.0,7628046.0,16204.0,56.54,5.4,1.6,1471392000.0
2016-08-16,263.55,266.7,261.85,265.25,264.4092255227497,11143.0,481.0,2946312.0,5464.0,49.04,4.85,1.7,1471305600.0
2016-08-12,268.0,268.0,255.65,264.1,265.604662777689,50056.0,2125.0,13295107.0,27161.0,54.26,12.35,-3.9,1470960000.0
2016-08-11,264.0,267.95,260.95,264.8,263.8480837115481,15864.0,730.0,4185686.0,8398.0,52.94,7.0,0.8,1470873600.0
2016-08-10,261.0,265.4,258.55,262.25,262.6580796252928,20496.0,794.0,5383440.0,8142.0,39.72,6.85,1.25,1470787200.0
2016-08-09,260.65,265.0,257.4,259.25,260.69276980432306,51769.0,990.0,13495804.0,36458.0,70.42,7.6,-1.4,1470700800.0
2016-08-08,262.05,264.45,260.0,260.55,262.0068341173338,22534.0,806.0,5904062.0,9328.0,41.4,4.45,-1.5,1470614400.0
2016-08-05,260.15,264.35,258.45,262.1,261.56161081251975,25304.0,1223.0,6618555.0,10106.0,39.94,5.9,1.95,1470355200.0
2016-08-04,260.0,264.5,254.9,259.05,260.1815088961427,21751.0,845.0,5659208.0,9403.0,43.23,9.6,-0.95,1470268800.0
2016-08-03,254.0,258.8,245.1,256.7,251.7365370392666,58141.0,1487.0,14636214.0,33416.0,57.47,13.7,2.7,1470182400.0
2016-08-02,259.5,259.5,253.05,254.55,255.0912338145557,13438.0,309.0,3427916.0,6352.0,47.27,6.45,-4.95,1470096000.0
2016-08-01,265.0,265.5,257.25,258.95,262.3941711750928,48243.0,1005.0,12658682.0,15678.0,32.5,8.25,-6.05,1470009600.0
2016-07-29,261.25,261.95,258.0,259.45,259.94946830434424,24262.0,563.0,6306894.0,14241.0,58.7,3.95,-1.8,1469750400.0
2016-07-28,260.55,263.0,258.2,260.7,260.6688629685692,11231.0,415.0,2927572.0,3499.0,31.15,4.8,0.15,1469664000.0
2016-07-27,260.3,260.95,255.95,258.5,258.35584940072954,15352.0,478.0,3966279.0,10769.0,70.15,5.0,-1.8,1469577600.0
2016-07-26,260.4,263.95,257.0,258.25,260.8963217629028,24142.0,495.0,6298559.0,14052.0,58.21,6.95,-2.15,1469491200.0
2016-07-25,249.65,259.85,246.1,257.9,255.2327514067234,34655.0,816.0,8845091.0,14288.0,41.23,13.75,8.25,1469404800.0
2016-07-22,250.0,251.0,246.35,247.6,248.2889625056468,6641.0,199.0,1648887.0,2619.0,39.44,4.65,-2.4,1469145600.0
2016-07-21,239.5,249.75,239.4,247.4,247.51356812933025,10392.0,355.0,2572161.0,5430.0,52.25,10.35,7.9,1469059200.0
2016-07-20,242.55,242.55,234.8,238.2,237.62938464622167,4989.0,215.0,1185533.0,2242.0,44.94,7.75,-4.35,1468972800.0
2016-07-19,243.85,246.6,239.6,240.75,242.66523374529825,3722.0,152.0,903200.0,1134.0,30.47,7.0,-3.1,1468886400.0
2016-07-18,248.45,250.0,243.1,245.65,247.3701015965167,2756.0,101.0,681752.0,1474.0,53.48,6.9,-2.8,1468800000.0
2016-07-15,247.0,249.9,245.0,247.55,247.26435810810807,3552.0,182.0,878283.0,1621.0,45.64,4.9,0.55,1468540800.0
2016-07-14,249.3,249.5,245.55,248.05,247.2172653534184,6904.0,280.0,1706788.0,4261.0,61.72,3.95,-1.25,1468454400.0
2016-07-13,247.45,249.8,243.0,245.7,246.3889431081004,17419.0,1072.0,4291849.0,10774.0,61.85,6.8,-1.75,1468368000.0
2016-07-12,250.0,251.0,244.5,247.1,248.0548801080716,5922.0,216.0,1468981.0,1627.0,27.47,6.5,-2.9,1468281600.0
2016-07-11,251.4,251.4,242.4,247.5,247.73225225225224,11100.0,305.0,2749828.0,4675.0,42.12,9.0,-3.9,1468195200.0
2016-07-08,248.45,250.0,246.65,247.35,248.05470249520155,5210.0,166.0,1292365.0,1726.0,33.13,3.35,-1.1,1467936000.0
2016-07-07,249.45,252.4,246.95,248.1,249.50881765749776,18032.0,438.0,4499143.0,7283.0,40.39,5.45,-1.35,1467849600.0
2016-07-05,249.0,253.75,245.1,246.2,247.65631242508988,10012.0,235.0,2479535.0,6218.0,62.11,8.65,-2.8,1467676800.0
2016-07-04,254.2,255.0,247.1,248.6,250.94105763517527,8415.0,237.0,2111669.0,3085.0,36.66,7.9,-5.6,1467590400.0
2016-07-01,250.0,257.15,246.0,254.65,252.67863166385567,27274.0,797.0,6891557.0,4825.0,17.69,11.15,4.65,1467331200.0
2016-06-30,250.0,251.85,247.3,248.4,249.520527306968,5310.0,223.0,1324954.0,1575.0,29.66,4.55,-1.6,1467244800.0
2016-06-29,246.3,252.6,246.3,248.25,249.6155300047252,12698.0,322.0,3169618.0,4577.0,36.05,6.3,1.95,1467158400.0
2016-06-28,244.45,247.0,243.0,243.45,244.6680513595166,5296.0,143.0,1295762.0,2398.0,45.28,4.0,-1.0,1467072000.0
2016-06-27,241.05,248.0,239.0,242.1,244.3492993337928,8706.0,162.0,2127305.0,5667.0,65.09,9.0,1.05,1466985600.0
2016-06-24,235.55,243.8,232.0,241.8,238.13607340690936,23649.0,467.0,5631680.0,5874.0,24.84,11.8,6.25,1466726400.0
2016-06-23,254.3,255.0,246.0,248.4,249.3204003079292,6495.0,192.0,1619336.0,3359.0,51.72,9.0,-5.9,1466640000.0
2016-06-22,245.9,257.8,245.8,254.1,253.66456902831808,64517.0,1622.0,16365677.0,20174.0,31.27,12.0,8.2,1466553600.0
2016-06-21,246.9,249.85,244.3,247.55,247.14923189465983,13670.0,362.0,3378530.0,5000.0,36.58,5.55,0.65,1466467200.0
2016-06-20,246.95,247.0,243.6,244.9,245.11877089635408,6281.0,179.0,1539591.0,2042.0,32.51,3.4,-2.05,1466380800.0
2016-06-17,251.0,251.0,239.5,247.85,246.24864130434784,11776.0,379.0,2899824.0,5369.0,45.59,11.5,-3.15,1466121600.0
2016-06-16,242.8,249.25,242.65,247.1,244.75575959933224,5990.0,162.0,1466087.0,3248.0,54.22,6.6,4.3,1466035200.0
2016-06-15,250.6,250.6,243.7,245.0,245.8430622009569,6270.0,140.0,1541436.0,4528.0,72.22,6.9,-5.6,1465948800.0
2016-06-14,253.9,255.0,246.5,248.2,250.6683469859273,14283.0,325.0,3580296.0,6722.0,47.06,8.5,-5.7,1465862400.0
2016-06-13,249.05,261.8,246.35,253.8,256.4206642704085,57868.0,1420.0,14838551.0,16297.0,28.16,15.45,4.75,1465776000.0
2016-06-10,252.0,254.9,248.75,252.75,251.35669429791508,15924.0,362.0,4002604.0,9044.0,56.79,6.15,0.75,1465516800.0
2016-06-09,242.0,251.5,241.0,247.4,247.52185157497016,49493.0,966.0,12250599.0,18607.0,37.6,10.5,5.4,1465430400.0
2016-06-08,241.8,242.0,239.0,239.5,239.6129469581427,5901.0,102.0,1413956.0,3690.0,62.53,3.0,-2.3,1465344000.0
2016-06-07,238.1,243.0,238.1,239.15,239.54900428192755,29426.0,431.0,7048969.0,20448.0,69.49,4.9,1.05,1465257600.0
2016-06-06,234.0,238.9,233.25,236.25,235.9663341645885,3208.0,135.0,756980.0,1631.0,50.84,5.65,2.25,1465171200.0
2016-06-03,235.85,237.0,231.65,235.95,234.81393596986817,5310.0,297.0,1246862.0,2492.0,46.93,5.35,0.1,1464912000.0
2016-06-02,233.55,238.0,230.75,234.9,235.2563132904744,23799.0,631.0,5598865.0,9666.0,40.62,7.25,1.35,1464825600.0
2016-06-01,231.3,235.0,229.5,232.3,232.3589181286549,5472.0,353.0,1271468.0,2438.0,44.55,5.5,1.0,1464739200.0
2016-05-31,229.2,236.5,226.25,234.85,233.04289774605064,15129.0,365.0,3525706.0,9368.0,61.92,10.25,5.65,1464652800.0
2016-05-30,229.95,230.45,225.0,229.6,227.3679745493108,1886.0,112.0,428816.0,563.0,29.85,5.45,-0.35,1464566400.0
2016-05-27,232.0,234.0,226.15,227.5,229.4587734510484,6343.0,211.0,1455457.0,4468.0,70.44,7.85,-4.5,1464307200.0
2016-05-26,230.5,233.05,224.85,231.9,229.59286859730213,10601.0,372.0,2433914.0,8336.0,78.63,8.2,1.4,1464220800.0
2016-05-25,223.5,228.2,220.8,226.15,223.77469902541563,5233.0,192.0,1171013.0,2564.0,49.0,7.4,2.65,1464134400.0
2016-05-24,220.0,226.0,219.0,224.55,222.27806959947472,3046.0,171.0,677059.0,1823.0,59.85,7.0,4.55,1464048000.0
2016-05-23,230.7,230.9,217.65,219.25,221.10497176392423,9031.0,259.0,1996799.0,5512.0,61.03,13.25,-11.45,1463961600.0
2016-05-20,234.0,234.0,227.0,227.65,228.97711229946523,4675.0,203.0,1070468.0,3060.0,65.45,7.0,-6.35,1463702400.0
2016-05-19,231.7,234.0,225.0,227.4,229.6226445225168,6262.0,221.0,1437897.0,3240.0,51.74,9.0,-4.3,1463616000.0
2016-05-18,230.4,234.0,228.8,232.2,232.27576181759449,9287.0,231.0,2157145.0,2638.0,28.41,5.2,1.8,1463529600.0
2016-05-17,228.4,232.85,226.0,230.75,228.27602787832944,18509.0,482.0,4225161.0,8529.0,46.08,6.85,2.35,1463443200.0
2016-05-16,230.9,232.1,225.75,226.4,228.03294117647056,3400.0,134.0,775312.0,2047.0,60.21,6.35,-4.5,1463356800.0
2016-05-13,233.0,236.55,228.6,230.05,232.79176697159363,8308.0,215.0,1934034.0,2686.0,32.33,7.95,-2.95,1463097600.0
2016-05-12,230.95,233.75,230.95,232.3,232.30871212121207,7920.0,233.0,1839885.0,3616.0,45.66,2.8,1.35,1463011200.0
2016-05-11,228.0,230.35,226.0,229.1,228.1056687565308,7656.0,183.0,1746377.0,3462.0,45.22,4.35,1.1,1462924800.0
2016-05-10,231.0,234.15,229.0,233.25,232.1580639555092,11508.0,524.0,2671675.0,4110.0,35.71,5.15,2.25,1462838400.0
2016-05-09,229.05,233.6,226.9,230.95,229.80387548013528,34886.0,749.0,8016938.0,10836.0,31.06,6.7,1.9,1462752000.0
2016-05-06,214.6,228.8,212.8,224.85,221.90091751371767,44468.0,865.0,9867490.0,16088.0,36.18,16.0,10.25,1462492800.0
2016-05-05,216.95,217.5,213.3,215.65,215.7134932416595,12799.0,405.0,2760917.0,5031.0,39.31,4.2,-1.3,1462406400.0
2016-05-04,214.95,216.7,210.5,214.5,213.56422256890275,32691.0,1038.0,6981628.0,7240.0,22.15,6.2,-0.45,1462320000.0
2016-05-03,214.0,222.85,210.8,214.9,218.0694083694084,228690.0,4830.0,49870293.0,36400.0,15.92,12.05,0.9,1462233600.0
2016-05-02,195.0,195.75,193.0,193.95,194.52916532388008,6206.0,96.0,1207248.0,4145.0,66.79,2.75,-1.05,1462147200.0
2016-04-29,195.7,198.0,192.9,194.05,195.0234611503532,3964.0,81.0,773073.0,2166.0,54.64,5.1,-1.65,1461888000.0
2016-04-28,195.25,195.6,193.0,193.4,194.30780559646536,1358.0,49.0,263870.0,465.0,34.24,2.6,-1.85,1461801600.0
2016-04-27,194.45,196.8,193.55,196.0,195.6972166998012,5030.0,91.0,984357.0,2387.0,47.46,3.25,1.55,1461715200.0
2016-04-26,194.6,196.0,193.7,194.1,194.1968951154865,2641.0,83.0,512874.0,1315.0,49.79,2.3,-0.5,1461628800.0
2016-04-25,195.45,196.8,193.0,193.95,194.0471159337521,3502.0,102.0,679553.0,1837.0,52.46,3.8,-1.5,1461542400.0
2016-04-22,193.55,197.0,193.55,194.85,195.4054184808901,2067.0,49.0,403903.0,989.0,47.85,3.45,1.3,1461283200.0
2016-04-21,200.6,200.6,193.8,195.6,198.23285271526748,7421.0,224.0,1471086.0,3156.0,42.53,6.8,-5.0,1461196800.0
2016-04-20,198.05,201.0,197.1,198.25,199.14412779088764,5509.0,196.0,1097085.0,2463.0,44.71,3.9,0.2,1461110400.0
2016-04-18,194.8,203.3,194.0,197.95,198.78169160432248,9624.0,189.0,1913075.0,4575.0,47.54,9.3,3.15,1460937600.0
2016-04-13,196.9,198.9,193.0,194.4,196.6638795986622,2392.0,97.0,470420.0,820.0,34.28,5.9,-2.5,1460505600.0
2016-04-12,196.05,197.05,193.3,194.3,195.7344827586207,1450.0,57.0,283815.0,749.0,51.66,3.75,-1.75,1460419200.0
2016-04-11,198.0,198.9,195.0,196.15,196.89522280208752,4982.0,183.0,980932.0,1800.0,36.13,3.9,-1.85,1460332800.0
2016-04-08,197.75,198.55,194.6,195.5,196.62346368715083,895.0,57.0,175978.0,332.0,37.09,3.95,-2.25,1460073600.0
2016-04-07,197.0,198.65,195.85,197.75,197.12947011224225,3831.0,134.0,755203.0,458.0,11.96,2.8,0.75,1459987200.0
2016-04-06,197.05,200.25,193.0,197.15,196.8318493501177,9771.0,345.0,1923244.0,1307.0,13.38,7.25,0.1,1459900800.0
2016-04-05,198.55,199.2,192.05,193.8,196.2470824949698,4970.0,190.0,975348.0,1292.0,26.0,7.15,-4.75,1459814400.0
2016-04-04,200.7,202.6,197.15,198.25,200.15327102803727,1070.0,42.0,214164.0,372.0,34.77,5.45,-2.45,1459728000.0
2016-04-01,191.7,202.95,191.7,200.55,199.2539378644156,11491.0,343.0,2289627.0,2065.0,17.97,11.25,8.85,1459468800.0
2016-03-31,190.0,196.95,188.0,195.05,191.3660579064588,11225.0,429.0,2148084.0,4198.0,37.4,8.95,5.05,1459382400.0
2016-03-30,191.7,197.0,190.0,190.9,193.0775958867679,33842.0,369.0,6534132.0,2595.0,7.67,7.0,-0.8,1459296000.0
2016-03-29,190.35,194.8,186.1,187.6,192.09244260099936,61238.0,639.0,11763357.0,5989.0,9.78,8.7,-2.75,1459209600.0
2016-03-28,197.1,200.25,188.75,190.65,194.36513325411644,5891.0,287.0,1145005.0,2845.0,48.29,11.5,-6.45,1459123200.0
2016-03-23,202.3,202.3,198.2,198.45,199.27029608404968,1047.0,29.0,208636.0,772.0,73.73,4.1,-3.85,1458691200.0
2016-03-22,212.7,212.7,198.0,200.2,201.33426331871928,7527.0,281.0,1515443.0,2777.0,36.89,14.7,-12.5,1458604800.0
2016-03-21,193.2,202.0,193.0,200.2,197.7522713902869,15299.0,1428.0,3025412.0,4588.0,29.99,9.0,7.0,1458518400.0
2016-03-18,193.75,197.0,193.05,193.45,194.4356648364765,4189.0,110.0,814491.0,1062.0,25.35,3.95,-0.3,1458259200.0
2016-03-17,200.0,200.0,192.4,193.8,194.9492455418381,5832.0,413.0,1136944.0,1347.0,23.1,7.6,-6.2,1458172800.0
2016-03-16,182.3,200.0,180.45,195.15,190.13205925142177,15122.0,657.0,2875177.0,8666.0,57.31,19.55,12.85,1458086400.0
2016-03-15,185.0,185.6,181.0,181.8,183.02507374631267,4068.0,70.0,744546.0,1213.0,29.82,4.6,-3.2,1458000000.0
2016-03-14,187.0,189.9,186.25,186.65,187.21546310832025,22932.0,129.0,4293225.0,21017.0,91.65,3.65,-0.35,1457913600.0
2016-03-11,186.95,187.45,185.0,185.4,186.1337378000528,3791.0,198.0,705633.0,1026.0,27.06,2.45,-1.55,1457654400.0
2016-03-10,185.2,187.75,183.9,185.25,185.6634899769964,3043.0,248.0,564974.0,1357.0,44.59,3.85,0.05,1457568000.0
2016-03-09,181.75,185.0,172.0,183.6,180.83190199545336,7918.0,370.0,1431827.0,3935.0,49.7,13.0,1.85,1457481600.0
2016-03-08,184.85,185.25,181.2,181.9,183.38018433179724,2170.0,122.0,397935.0,990.0,45.62,4.05,-2.95,1457395200.0
2016-03-04,189.0,189.0,181.8,182.6,183.37416943521595,9632.0,202.0,1766260.0,3372.0,35.01,7.2,-6.4,1457049600.0
2016-03-03,182.05,190.3,179.55,185.45,182.10185302831664,692596.0,966.0,126123015.0,670857.0,96.86,10.75,3.4,1456963200.0
2016-03-02,175.0,182.7,175.0,181.6,178.0216147351601,602043.0,556.0,107176667.0,591232.0,98.2,7.7,6.6,1456876800.0
2016-03-01,169.5,174.9,169.5,172.8,172.9367469879518,3984.0,157.0,688980.0,1327.0,33.31,5.4,3.3,1456790400.0
2016-02-29,160.0,169.4,159.5,168.25,165.38428005284015,7570.0,289.0,1251959.0,2426.0,32.05,9.9,8.25,1456704000.0
2016-02-26,161.5,161.5,154.0,157.75,157.91343085106382,7520.0,236.0,1187509.0,4086.0,54.34,7.5,-3.75,1456444800.0
2016-02-25,163.0,164.0,159.05,160.2,162.4689615792479,12259.0,369.0,1991707.0,4889.0,39.88,4.95,-2.8,1456358400.0
2016-02-24,163.4,163.4,157.95,159.6,159.50712380481815,259061.0,273.0,41322075.0,254569.0,98.27,5.45,-3.8,1456272000.0
2016-02-23,167.1,167.1,163.25,163.85,164.96999952342372,629490.0,161.0,103846965.0,626436.0,99.51,3.85,-3.25,1456185600.0
2016-02-22,170.0,170.0,164.05,166.2,167.4880195599022,4090.0,133.0,685026.0,1771.0,43.3,5.95,-3.8,1456099200.0
2016-02-19,168.3,168.3,165.65,166.5,166.60953860027053,19961.0,395.0,3325693.0,9427.0,47.23,2.65,-1.8,1455840000.0
2016-02-18,171.0,172.5,167.5,169.15,168.8332068215171,19761.0,318.0,3336313.0,14705.0,74.41,5.0,-1.85,1455753600.0
2016-02-17,165.15,170.5,163.7,169.75,168.3319536423841,28992.0,415.0,4880280.0,22571.0,77.85,6.8,4.6,1455667200.0
2016-02-16,170.0,172.95,164.85,166.75,167.05618915159943,10785.0,372.0,1801701.0,5068.0,46.99,8.1,-3.25,1455580800.0
2016-02-15,163.0,169.8,162.5,168.4,165.95131628080657,21424.0,608.0,3555341.0,8947.0,41.76,7.3,5.4,1455494400.0
2016-02-12,160.25,164.0,154.7,161.25,159.94794998546087,37829.0,945.0,6050671.0,16639.0,43.98,9.3,1.0,1455235200.0
2016-02-11,166.0,166.9,158.0,161.4,162.5050100200401,6986.0,264.0,1135260.0,2972.0,42.54,8.9,-4.6,1455148800.0
2016-02-10,167.3,169.0,164.7,167.0,167.04271534916697,5642.0,184.0,942455.0,2424.0,42.96,4.3,-0.3,1455062400.0
2016-02-09,165.55,169.9,165.55,167.95,166.982502632295,253581.0,301.0,42343590.0,248316.0,97.92,4.35,2.4,1454976000.0
2016-02-08,163.0,168.4,163.0,166.75,166.5596477939784,10562.0,318.0,1759203.0,5223.0,49.45,5.4,3.75,1454889600.0
2016-02-05,167.2,167.2,159.0,164.5,165.77254825618832,66779.0,540.0,11070125.0,55817.0,83.58,8.2,-2.7,1454630400.0
2016-02-04,180.0,180.0,161.75,163.7,167.76088001479016,54090.0,1141.0,9074186.0,25452.0,47.05,18.25,-16.3,1454544000.0
2016-02-03,180.0,187.4,177.2,179.1,181.48040549734657,29396.0,1021.0,5334798.0,8881.0,30.21,10.2,-0.9,1454457600.0
2016-02-02,174.0,189.0,173.0,182.45,183.1397741986779,44021.0,1307.0,8061996.0,14419.0,32.75,16.0,8.45,1454371200.0
2016-02-01,170.0,176.8,167.95,173.9,173.2663759598066,10549.0,354.0,1827787.0,4126.0,39.11,8.85,3.9,1454284800.0
2016-01-29,169.0,179.4,164.0,168.95,169.31319136287394,47099.0,1115.0,7974482.0,20749.0,44.05,15.4,-0.05,1454025600.0
2016-01-28,176.0,176.0,170.4,171.1,172.66260766260766,13468.0,427.0,2325420.0,7170.0,53.24,5.6,-4.9,1453939200.0
2016-01-27,182.5,184.2,174.65,177.7,179.93469895210467,16891.0,392.0,3039277.0,10885.0,64.44,9.55,-4.8,1453852800.0
2016-01-25,183.0,185.9,179.9,182.4,183.04914881933004,7284.0,258.0,1333330.0,2925.0,40.16,6.0,-0.6,1453680000.0
2016-01-22,178.5,184.0,171.45,181.15,177.85968069666183,17225.0,437.0,3063633.0,5254.0,30.5,12.55,2.65,1453420800.0
2016-01-21,177.0,182.2,170.05,172.2,174.62130409242215,10214.0,311.0,1783582.0,4375.0,42.83,12.15,-4.8,1453334400.0
2016-01-20,182.0,182.65,174.1,176.0,177.35414143296376,21466.0,644.0,3807084.0,6456.0,30.08,8.55,-6.0,1453248000.0
2016-01-19,187.1,189.0,180.1,182.75,184.9512072434608,11928.0,302.0,2206098.0,5480.0,45.94,8.9,-4.35,1453161600.0
2016-01-18,187.65,189.4,182.5,184.25,184.88852159677623,31764.0,540.0,5872799.0,9437.0,29.71,6.9,-3.4,1453075200.0
2016-01-15,195.05,204.0,186.0,189.5,198.07258954740968,26271.0,737.0,5203565.0,4953.0,18.85,18.0,-5.55,1452816000.0
2016-01-14,198.2,199.75,193.15,198.1,197.70209196246,19073.0,470.0,3770772.0,11002.0,57.68,6.6,-0.1,1452729600.0
2016-01-13,207.55,211.0,195.4,204.0,204.0740163210146,38478.0,994.0,7852360.0,17652.0,45.88,15.6,-3.55,1452643200.0
2016-01-12,212.05,212.05,206.15,206.8,209.4996388028896,19380.0,288.0,4060103.0,14121.0,72.86,5.9,-5.25,1452556800.0
2016-01-11,211.85,212.5,208.4,210.35,210.53813687066625,9951.0,303.0,2095065.0,4207.0,42.28,4.1,-1.5,1452470400.0
2016-01-08,212.1,218.6,209.55,213.65,213.779622021364,24340.0,444.0,5203396.0,9186.0,37.74,9.05,1.55,1452211200.0
2016-01-07,214.45,215.1,208.25,211.0,211.3756741968264,12793.0,346.0,2704129.0,4819.0,37.67,6.85,-3.45,1452124800.0
2016-01-06,213.5,216.1,212.0,214.45,214.41714487063325,19866.0,405.0,4259611.0,7673.0,38.62,4.1,0.95,1452038400.0
2016-01-05,215.7,215.7,211.1,212.2,213.21112308859344,25047.0,410.0,5340299.0,11926.0,47.61,4.6,-3.5,1451952000.0
2016-01-04,217.7,221.8,213.7,215.05,218.25663692058075,35747.0,660.0,7802020.0,24428.0,68.34,8.1,-2.65,1451865600.0
2016-01-01,217.85,220.0,216.9,218.3,218.18500350385423,19978.0,194.0,4358900.0,15252.0,76.34,3.1,0.45,1451606400.0
2015-12-31,217.25,219.25,215.7,218.0,218.01475439882697,32736.0,350.0,7136931.0,25927.0,79.2,3.55,0.75,1451520000.0
2015-12-30,219.05,223.65,216.5,218.55,220.83687630796345,54474.0,1178.0,12029868.0,25031.0,45.95,7.15,-0.5,1451433600.0
2015-12-29,215.0,223.8,214.05,217.65,217.55545043873133,42281.0,947.0,9198462.0,19285.0,45.61,9.75,2.65,1451347200.0
2015-12-28,211.9,214.8,209.85,213.95,211.58551558753,20850.0,349.0,4411558.0,12577.0,60.32,4.95,2.05,1451260800.0
2015-12-24,212.0,213.05,209.55,209.85,210.6928136183384,10339.0,174.0,2178353.0,7144.0,69.1,3.5,-2.15,1450915200.0
2015-12-23,212.8,213.7,210.0,211.2,211.9804752729608,7785.0,208.0,1650268.0,2696.0,34.63,3.7,-1.6,1450828800.0
2015-12-22,216.95,217.3,210.0,211.35,213.70921592547407,9017.0,217.0,1927016.0,5249.0,58.21,7.3,-5.6,1450742400.0
2015-12-21,214.95,217.25,213.05,215.0,215.0652022044555,12883.0,408.0,2770685.0,3173.0,24.63,4.2,0.05,1450656000.0
2015-12-18,212.7,217.5,212.0,214.5,215.3198908788993,8431.0,248.0,1815362.0,2913.0,34.55,5.5,1.8,1450396800.0
2015-12-17,217.95,219.0,211.8,213.15,214.1728791773779,15560.0,473.0,3332530.0,3377.0,21.7,7.2,-4.8,1450310400.0
2015-12-16,210.75,218.0,210.75,213.4,213.8701848647664,21962.0,616.0,4697017.0,8276.0,37.68,7.25,2.65,1450224000.0
2015-12-15,209.95,213.0,207.9,212.05,210.4416846652268,9260.0,261.0,1948690.0,2475.0,26.73,5.1,2.1,1450137600.0
2015-12-14,208.95,211.75,208.45,209.55,210.38143582306017,12411.0,321.0,2611044.0,3655.0,29.45,3.3,0.6,1450051200.0
2015-12-11,209.75,212.95,208.0,208.55,209.98215951492537,8576.0,294.0,1800807.0,3073.0,35.83,4.95,-1.2,1449792000.0
2015-12-10,210.9,212.2,206.9,209.8,209.52229666450543,13881.0,368.0,2908379.0,3282.0,23.64,5.3,-1.1,1449705600.0
2015-12-09,210.0,211.3,207.0,208.5,208.7589418536964,15461.0,494.0,3227622.0,,,4.3,-1.5,1449619200.0
2015-12-08,212.0,213.8,206.75,208.85,211.48005115089515,11730.0,309.0,2480661.0,3396.0,28.95,7.05,-3.15,1449532800.0
2015-12-07,210.0,211.0,206.0,209.45,209.7358545243788,13803.0,237.0,2894984.0,8378.0,60.7,5.0,-0.55,1449446400.0
2015-12-04,213.0,214.85,210.0,210.8,212.31310298407,8914.0,222.0,1892559.0,3930.0,44.09,4.85,-2.2,1449187200.0
2015-12-03,216.6,217.1,212.8,213.4,214.97678074736967,8269.0,196.0,1777643.0,1987.0,24.03,4.3,-3.2,1449100800.0
2015-12-02,216.0,219.85,215.15,216.95,217.1446866308777,15461.0,458.0,3357274.0,4360.0,28.2,4.7,0.95,1449014400.0
2015-12-01,217.65,218.0,214.1,215.9,215.64417245969528,27044.0,587.0,5831881.0,2947.0,10.9,3.9,-1.75,1448928000.0
2015-11-30,219.0,222.0,214.0,217.5,218.58017017374024,19627.0,462.0,4290073.0,2058.0,10.49,8.0,-1.5,1448841600.0
2015-11-27,222.25,222.75,217.45,218.65,220.27600840509248,24271.0,477.0,5346319.0,1693.0,6.98,5.3,-3.6,1448582400.0
2015-11-26,223.3,224.45,220.5,222.6,222.7747108005956,8731.0,270.0,1945046.0,2479.0,28.39,3.95,-0.7,1448496000.0
2015-11-24,220.0,222.0,217.5,220.35,220.1743024812108,19426.0,602.0,4277106.0,10758.0,55.38,4.5,0.35,1448323200.0
2015-11-23,216.05,220.95,216.0,219.8,219.67115938236063,22926.0,557.0,5036181.0,16325.0,71.21,4.95,3.75,1448236800.0
2015-11-20,214.15,221.9,213.7,216.5,217.63940832724617,27380.0,910.0,5958967.0,6829.0,24.94,8.2,2.35,1447977600.0
2015-11-19,211.9,214.85,209.0,214.15,213.2948136857728,24931.0,701.0,5317653.0,9312.0,37.35,5.85,2.25,1447891200.0
2015-11-18,211.65,213.9,208.2,210.0,211.1643061075968,17863.0,485.0,3772028.0,7830.0,43.83,5.7,-1.65,1447804800.0
2015-11-17,209.0,214.95,206.1,211.8,210.30767796662835,32183.0,755.0,6768332.0,12149.0,37.75,8.85,2.8,1447718400.0
2015-11-16,206.2,213.45,204.5,209.2,209.2670371080028,15657.0,458.0,3276494.0,5443.0,34.76,8.95,3.0,1447632000.0
2015-11-13,209.95,209.95,205.1,206.8,206.96800901154603,17755.0,1040.0,3674717.0,8645.0,48.69,4.85,-3.15,1447372800.0
2015-11-11,214.65,216.15,207.95,210.65,210.0270302957005,16537.0,384.0,3473217.0,7864.0,47.55,8.2,-4.0,1447200000.0
2015-11-10,212.0,214.95,211.4,213.0,213.2292784734645,6708.0,247.0,1430342.0,3495.0,52.1,3.55,1.0,1447113600.0
2015-11-09,209.0,216.0,202.3,211.2,211.32888214466365,19770.0,525.0,4177972.0,7583.0,38.36,13.7,2.2,1447027200.0
2015-11-06,207.9,210.9,205.0,208.9,207.91470961599487,12604.0,360.0,2620557.0,4914.0,38.99,5.9,1.0,1446768000.0
2015-11-05,211.0,211.0,204.9,205.95,207.6739080300724,21681.0,510.0,4502578.0,8862.0,40.87,6.1,-5.05,1446681600.0
2015-11-04,215.9,216.05,210.0,210.9,212.6161529924016,11713.0,243.0,2490373.0,7096.0,60.58,6.05,-5.0,1446595200.0
2015-11-03,215.3,218.0,212.0,214.25,215.3674168678452,12841.0,369.0,2765533.0,7520.0,58.56,6.0,-1.05,1446508800.0
2015-11-02,219.0,219.0,212.5,213.5,214.9269718363319,13173.0,377.0,2831233.0,9172.0,69.63,6.5,-5.5,1446422400.0
2015-10-30,220.5,221.95,215.0,217.45,217.88275862068963,8990.0,254.0,1958766.0,2846.0,31.66,6.95,-3.05,1446163200.0
2015-10-29,226.5,226.55,218.1,220.25,222.47343557442147,14606.0,299.0,3249447.0,9110.0,62.37,8.45,-6.25,1446076800.0
2015-10-28,226.7,234.0,222.3,226.15,228.40387875780505,24183.0,507.0,5523491.0,12240.0,50.61,11.7,-0.55,1445990400.0
2015-10-27,225.0,230.9,224.0,228.35,228.0132678132678,6105.0,238.0,1392021.0,1472.0,24.11,6.9,3.35,1445904000.0
2015-10-26,227.0,229.7,224.3,225.5,227.648996438977,12356.0,187.0,2812831.0,7489.0,60.61,5.4,-1.5,1445817600.0
2015-10-23,231.45,231.5,223.5,225.95,228.21442786069647,12060.0,380.0,2752266.0,3358.0,27.84,8.0,-5.5,1445558400.0
2015-10-21,234.7,235.1,229.25,230.3,232.1568133831412,12314.0,359.0,2858779.0,5785.0,46.98,5.85,-4.4,1445385600.0
2015-10-20,226.6,233.0,226.6,231.8,229.97519229994765,24831.0,536.0,5710514.0,10664.0,42.95,6.4,5.2,1445299200.0
2015-10-19,221.0,231.95,220.0,224.9,225.5081773083693,31245.0,588.0,7046003.0,19353.0,61.94,11.95,3.9,1445212800.0
2015-10-16,224.0,226.2,217.1,218.65,220.97144191393056,55676.0,1229.0,12302806.0,20144.0,36.18,9.1,-5.35,1444953600.0
2015-10-15,243.0,243.0,221.2,224.6,226.9073144191424,264669.0,5894.0,60055332.0,68443.0,25.86,21.8,-18.4,1444867200.0
2015-10-14,247.4,247.4,240.0,241.8,242.37863391358133,22634.0,600.0,5485998.0,10965.0,48.44,7.4,-5.6,1444780800.0
2015-10-13,244.25,248.7,242.1,244.1,245.4396602804661,15189.0,373.0,3727983.0,4706.0,30.98,6.6,-0.15,1444694400.0
2015-10-12,243.0,247.0,241.0,243.25,243.5622314844501,15595.0,343.0,3798353.0,7260.0,46.55,6.0,0.25,1444608000.0
2015-10-09,242.5,245.7,238.75,241.05,240.91628695912465,30067.0,538.0,7243630.0,19363.0,64.4,6.95,-1.45,1444348800.0
2015-10-08,238.5,242.0,237.5,239.7,239.64908539086207,12191.0,317.0,2921562.0,7115.0,58.36,4.5,1.2,1444262400.0
2015-10-07,236.55,239.9,233.7,238.0,237.69206193167847,16276.0,393.0,3868676.0,7281.0,44.73,6.2,1.45,1444176000.0
2015-10-06,239.7,240.0,232.5,235.3,235.0090164454886,15749.0,388.0,3701157.0,8076.0,51.28,7.5,-4.4,1444089600.0
2015-10-05,243.75,244.4,237.6,239.3,240.74804398971384,18277.0,477.0,4400152.0,8350.0,45.69,6.8,-4.45,1444003200.0
2015-10-01,237.25,242.2,233.6,240.35,238.28851753386505,15798.0,642.0,3764482.0,8164.0,51.68,8.6,3.1,1443657600.0
2015-09-30,239.15,240.5,232.0,234.85,236.56667530256487,27019.0,612.0,6391795.0,13454.0,49.79,8.5,-4.3,1443571200.0
2015-09-29,231.5,238.3,214.0,236.65,232.7852607431076,24411.0,667.0,5682521.0,11106.0,45.5,24.3,5.15,1443484800.0
2015-09-28,225.0,235.55,225.0,233.15,232.36434226940605,39279.0,1318.0,9127039.0,15142.0,38.55,10.55,8.15,1443398400.0
2015-09-24,217.5,229.5,217.5,224.45,224.006880531624,34009.0,958.0,7618250.0,14897.0,43.8,12.0,6.95,1443052800.0
2015-09-23,209.35,224.0,209.3,216.9,216.1455354606572,10561.0,287.0,2282713.0,3188.0,30.19,14.7,7.55,1442966400.0
2015-09-22,212.75,213.8,208.5,209.8,210.49084419615144,6444.0,105.0,1356403.0,3801.0,58.99,5.3,-2.95,1442880000.0
2015-09-21,211.55,213.0,210.5,212.0,211.8926293136577,13011.0,329.0,2756935.0,6654.0,51.14,2.5,0.45,1442793600.0
2015-09-18,213.6,215.3,209.05,210.5,210.72349460826413,20958.0,286.0,4416343.0,15040.0,71.76,6.25,-3.1,1442534400.0
2015-09-16,213.6,214.6,208.55,210.05,210.4163258047305,11246.0,254.0,2366342.0,7885.0,70.11,6.05,-3.55,1442361600.0
2015-09-15,213.0,214.15,211.0,212.55,212.11863330369616,15746.0,344.0,3340020.0,3993.0,25.36,3.15,-0.45,1442275200.0
2015-09-14,216.05,216.05,208.5,212.15,210.75030216850337,42195.0,711.0,8892609.0,23114.0,54.78,7.55,-3.9,1442188800.0
2015-09-11,216.55,218.0,212.15,213.25,215.0493488208377,14205.0,380.0,3054776.0,6953.0,48.95,5.85,-3.3,1441929600.0
2015-09-10,213.4,217.7,212.1,216.55,214.9581789306512,5667.0,150.0,1218168.0,1785.0,31.5,5.6,3.15,1441843200.0
2015-09-09,211.3,216.25,211.3,214.5,214.24210627647284,20776.0,541.0,4451094.0,10098.0,48.6,4.95,3.2,1441756800.0
2015-09-08,209.85,214.0,208.95,210.25,209.8766576951309,40870.0,610.0,8577659.0,27292.0,66.78,5.05,0.4,1441670400.0
2015-09-07,211.5,213.0,208.0,209.1,210.13328129573617,10249.0,209.0,2153656.0,6693.0,65.3,5.0,-2.4,1441584000.0
2015-09-04,217.0,217.0,210.05,211.85,211.9025627453576,22671.0,422.0,4804043.0,11225.0,49.51,6.95,-5.15,1441324800.0
2015-09-03,221.05,221.05,218.4,218.9,219.41331135703635,12741.0,317.0,2795545.0,5585.0,43.83,2.65,-2.15,1441238400.0
2015-09-02,228.0,228.0,215.2,217.3,218.70172872340424,7520.0,285.0,1644637.0,4083.0,54.3,12.8,-10.7,1441152000.0
2015-09-01,210.05,228.0,210.05,217.5,220.41900843734743,14341.0,469.0,3161029.0,5466.0,38.11,17.95,7.45,1441065600.0
2015-08-31,218.0,223.85,216.0,221.7,221.39199604743084,10120.0,236.0,2240487.0,5212.0,51.5,7.85,3.7,1440979200.0
2015-08-28,226.0,227.55,219.95,221.15,224.75767529159404,14918.0,485.0,3352935.0,7025.0,47.09,7.6,-4.85,1440720000.0
2015-08-27,215.0,224.0,215.0,222.05,219.28267681289168,13404.0,421.0,2939265.0,5464.0,40.76,9.0,7.05,1440633600.0
2015-08-26,205.0,215.15,205.0,211.8,211.8107192167692,7967.0,210.0,1687496.0,2968.0,37.25,10.15,6.8,1440547200.0
2015-08-25,220.0,224.45,195.3,212.1,207.94459265339623,53603.0,1209.0,11146454.0,19455.0,36.29,29.15,-7.9,1440460800.0
2015-08-24,226.0,226.0,213.15,215.35,218.8538320098604,49491.0,1013.0,10831295.0,21592.0,43.63,12.85,-10.65,1440374400.0
2015-08-21,228.65,238.0,226.0,231.5,231.92964249318888,48083.0,1235.0,11151873.0,12647.0,26.3,12.0,2.85,1440115200.0
2015-08-20,239.1,239.1,232.0,233.5,234.91730981256887,16326.0,351.0,3835260.0,6754.0,41.37,7.1,-5.6,1440028800.0
2015-08-19,240.0,244.9,236.4,238.7,240.8861607655064,43579.0,1120.0,10497578.0,8530.0,19.57,8.5,-1.3,1439942400.0
2015-08-18,245.0,253.9,239.1,239.6,244.5818962112635,113943.0,2611.0,27868395.0,23742.0,20.84,14.8,-5.4,1439856000.0
2015-08-17,231.55,233.0,225.95,231.45,229.9000996381561,19069.0,587.0,4383965.0,3395.0,17.8,7.05,-0.1,1439769600.0
2015-08-14,228.0,234.6,226.8,233.2,232.80345060893097,23648.0,689.0,5505336.0,9597.0,40.58,7.8,5.2,1439510400.0
2015-08-13,226.0,232.85,225.5,226.5,228.935679789258,27332.0,801.0,6257270.0,9598.0,35.12,7.35,0.5,1439424000.0
2015-08-12,225.0,230.0,220.0,224.1,225.18363492985804,48188.0,1408.0,10851149.0,14155.0,29.37,10.0,-0.9,1439337600.0
2015-08-11,238.1,238.65,228.0,230.3,233.08999134698584,20802.0,665.0,4848738.0,8981.0,43.17,10.65,-7.8,1439251200.0
2015-08-10,237.25,241.75,235.0,237.05,237.92177209192133,21105.0,561.0,5021339.0,9800.0,46.43,6.75,-0.2,1439164800.0
2015-08-07,237.1,241.6,233.1,237.25,237.3920845733576,22513.0,608.0,5344408.0,8288.0,36.81,8.5,0.15,1438905600.0
2015-08-06,240.1,243.0,233.2,236.35,237.8157360738365,30554.0,598.0,7266222.0,16301.0,53.35,9.8,-3.75,1438819200.0
2015-08-05,242.0,244.8,237.6,241.35,241.99995965247328,74354.0,1852.0,17993665.0,31748.0,42.7,7.2,-0.65,1438732800.0
2015-08-04,236.65,242.7,234.0,238.4,238.13609632289217,32308.0,872.0,7693701.0,13747.0,42.55,8.7,1.75,1438646400.0
2015-08-03,246.0,246.0,232.05,235.1,237.17296666666664,30000.0,585.0,7115189.0,18249.0,60.83,13.95,-10.9,1438560000.0
2015-07-31,245.15,252.5,240.1,243.3,246.56007445323408,53725.0,1494.0,13246440.0,19158.0,35.66,12.4,-1.85,1438300800.0
2015-07-30,248.95,250.0,240.1,244.85,244.94100863114343,56076.0,1467.0,13735312.0,15867.0,28.3,9.9,-4.1,1438214400.0
2015-07-29,227.25,248.4,227.25,241.65,243.0114499699496,129782.0,2575.0,31538512.0,42657.0,32.87,21.15,14.4,1438128000.0
2015-07-28,237.3,238.2,230.6,231.7,233.8098563535912,22625.0,535.0,5289948.0,7788.0,34.42,7.6,-5.6,1438041600.0
2015-07-27,237.45,239.1,231.9,234.7,235.8485349441948,335721.0,1109.0,79179306.0,299953.0,89.35,7.2,-2.75,1437955200.0
2015-07-24,239.8,245.9,233.5,235.25,240.0348144552796,113315.0,2885.0,27199545.0,29105.0,25.69,12.4,-4.55,1437696000.0
2015-07-23,217.15,247.65,216.0,238.7,232.7749813248635,882189.0,12286.0,205351528.0,430754.0,48.83,31.65,21.55,1437609600.0
2015-07-22,207.0,215.8,205.0,214.35,211.51492201911788,149075.0,3194.0,31531587.0,60388.0,40.51,10.8,7.35,1437523200.0
2015-07-21,203.1,218.65,203.0,206.0,211.69503456241168,749803.0,12323.0,158729572.0,241840.0,32.25,15.65,2.9,1437436800.0
2015-07-20,197.0,198.5,193.75,195.05,196.010849743924,578539.0,1343.0,113399921.0,528763.0,91.4,4.75,-1.95,1437350400.0
2015-07-17,192.0,195.0,190.0,192.0,192.4827249386024,35832.0,454.0,6897041.0,25780.0,71.95,5.0,0.0,1437091200.0
2015-07-16,194.85,196.75,188.6,191.7,193.0948836154776,26464.0,545.0,5110063.0,13676.0,51.68,8.15,-3.15,1437004800.0
2015-07-15,197.5,197.95,192.5,193.55,195.07405290513867,55987.0,743.0,10921611.0,30005.0,53.59,5.45,-3.95,1436918400.0
2015-07-14,191.85,197.45,189.2,195.5,195.016350513556,108070.0,1767.0,21075417.0,31327.0,28.99,8.25,3.65,1436832000.0
2015-07-13,186.25,193.9,184.5,189.8,190.95616398044183,88352.0,1202.0,16871359.0,42716.0,48.35,9.4,3.55,1436745600.0
2015-07-10,184.05,187.15,184.0,185.4,185.52651757188497,15650.0,286.0,2903490.0,8174.0,52.23,3.15,1.35,1436486400.0
2015-07-09,186.0,193.3,183.3,184.65,186.6113494539781,20512.0,505.0,3827772.0,15106.0,73.64,10.0,-1.35,1436400000.0
2015-07-08,182.5,195.3,182.5,188.7,190.16424135910955,42675.0,989.0,8115259.0,14742.0,34.54,12.8,6.2,1436313600.0
2015-07-07,177.05,198.35,177.05,191.5,192.1392999093508,143410.0,3114.0,27554697.0,48517.0,33.83,21.3,14.45,1436227200.0
2015-07-06,180.0,183.4,179.2,182.45,181.60173802458667,14154.0,297.0,2570391.0,8644.0,61.07,4.2,2.45,1436140800.0
2015-07-03,180.7,184.0,179.5,181.45,182.36235536716688,26187.0,328.0,4775523.0,18071.0,69.01,4.5,0.75,1435881600.0
2015-07-02,183.05,185.6,180.1,180.85,182.75314337403887,22110.0,477.0,4040672.0,12623.0,57.09,5.5,-2.2,1435795200.0
2015-07-01,181.5,184.25,181.5,183.15,183.41340328062657,27068.0,611.0,4964634.0,13511.0,49.92,2.75,1.65,1435708800.0
2015-06-30,176.25,184.25,176.25,181.05,181.6678196467812,24574.0,701.0,4464305.0,12592.0,51.24,8.0,4.8,1435622400.0
2015-06-29,178.0,181.45,176.0,180.35,179.03214937526323,21369.0,635.0,3825738.0,10982.0,51.39,5.45,2.35,1435536000.0
2015-06-26,181.9,185.0,181.0,181.75,182.3767846717265,18841.0,282.0,3436161.0,11774.0,62.49,4.0,-0.15,1435276800.0
2015-06-25,184.3,184.9,177.0,182.1,181.65661157024795,21780.0,445.0,3956481.0,8414.0,38.63,7.9,-2.2,1435190400.0
2015-06-24,189.0,189.85,183.05,183.9,186.4643362668472,16249.0,664.0,3029859.0,9696.0,59.67,6.8,-5.1,1435104000.0
2015-06-23,185.0,193.95,185.0,190.45,191.54434023586217,10769.0,525.0,2062741.0,7321.0,67.98,8.95,5.45,1435017600.0
2015-06-22,193.0,198.05,191.75,194.25,194.52800204231417,31337.0,822.0,6095924.0,14249.0,45.47,6.3,1.25,1434931200.0
2015-06-19,185.1,196.3,185.1,193.8,193.63165416850464,56675.0,1169.0,10974074.0,18695.0,32.99,11.2,8.7,1434672000.0
2015-06-18,183.0,192.0,183.0,188.35,190.0633500618227,54996.0,1339.0,10452724.0,19789.0,35.98,9.0,5.35,1434585600.0
2015-06-17,182.0,188.65,181.15,185.4,184.99790171923647,29548.0,628.0,5466318.0,12693.0,42.96,7.5,3.4,1434499200.0
2015-06-16,180.0,183.05,180.0,181.0,181.77409578498225,25077.0,353.0,4558349.0,17110.0,68.23,3.05,1.0,1434412800.0
2015-06-15,177.0,184.6,177.0,183.1,183.31938223938224,19425.0,297.0,3560979.0,10119.0,52.09,7.6,6.1,1434326400.0
2015-06-12,182.3,184.9,180.55,184.3,182.951545148276,48086.0,494.0,8797408.0,35245.0,73.3,4.35,2.0,1434067200.0
2015-06-11,185.0,186.0,181.5,183.05,183.55573478579657,47735.0,455.0,8762033.0,15471.0,32.41,4.5,-1.95,1433980800.0
2015-06-10,181.5,185.4,179.8,183.45,180.2774514427818,373168.0,604.0,67273776.0,346899.0,92.96,5.6,1.95,1433894400.0
2015-06-09,178.15,182.45,177.0,179.9,180.0463835040234,43744.0,387.0,7875949.0,30969.0,70.8,5.45,1.75,1433808000.0
2015-06-08,180.0,183.9,178.7,181.1,180.97294028132745,51257.0,544.0,9276130.0,32597.0,63.6,5.2,1.1,1433721600.0
2015-06-05,175.5,185.9,174.1,182.3,181.70960870284577,48352.0,1006.0,8786023.0,17792.0,36.8,11.8,6.8,1433462400.0
2015-06-04,179.0,182.05,175.9,178.1,179.0719750084311,56339.0,604.0,10088736.0,5963.0,10.58,6.15,-0.9,1433376000.0
2015-06-03,179.0,180.7,175.0,178.15,177.99131437610183,634727.0,713.0,112975893.0,619417.0,97.59,5.7,-0.85,1433289600.0
2015-06-02,182.5,182.5,177.0,179.05,179.29782727301904,31159.0,831.0,5586741.0,17280.0,55.46,5.5,-3.45,1433203200.0
2015-06-01,180.1,187.7,178.75,180.2,183.2908730798461,43421.0,990.0,7958673.0,16436.0,37.85,8.95,0.1,1433116800.0
2015-05-29,182.5,186.0,179.8,180.0,180.15643661947405,691916.0,791.0,124653121.0,662714.0,95.78,6.2,-2.5,1432857600.0
2015-05-28,186.15,187.7,180.1,182.15,184.5381310794056,57263.0,1404.0,10567207.0,9027.0,15.76,7.6,-4.0,1432771200.0
2015-05-27,183.05,187.0,171.0,184.2,179.613761396129,115061.0,2821.0,20666539.0,31295.0,27.2,16.0,1.15,1432684800.0
2015-05-26,189.9,192.95,182.0,186.85,187.83799281259908,37844.0,1460.0,7108541.0,7674.0,20.28,10.95,-3.05,1432598400.0
2015-05-25,186.15,191.0,185.55,188.0,188.602533427164,28420.0,462.0,5360084.0,12169.0,42.82,5.45,1.85,1432512000.0
2015-05-22,190.0,190.0,183.0,184.55,185.8614783094396,16113.0,262.0,2994786.0,10351.0,64.24,7.0,-5.45,1432252800.0
2015-05-21,190.45,193.2,188.2,189.45,190.67706399306843,16158.0,607.0,3080960.0,6847.0,42.38,5.0,-1.0,1432166400.0
2015-05-20,195.5,197.95,189.65,191.9,194.4706337687469,20670.0,458.0,4019708.0,9165.0,44.34,8.3,-3.6,1432080000.0
2015-05-19,188.5,195.95,188.5,193.55,192.67101941910948,29713.0,653.0,5724834.0,10007.0,33.68,7.45,5.05,1431993600.0
2015-05-18,184.35,189.5,183.7,188.75,187.55124273355608,21847.0,396.0,4097432.0,8038.0,36.79,5.8,4.4,1431907200.0
2015-05-15,178.45,183.5,178.0,182.7,180.9343310540576,15502.0,315.0,2804844.0,6728.0,43.4,5.5,4.25,1431648000.0
2015-05-14,174.9,177.5,174.1,175.65,175.0572690731086,25127.0,491.0,4398664.0,18682.0,74.35,3.4,0.75,1431561600.0
2015-05-13,175.7,177.0,171.4,172.9,173.79916455974495,18194.0,429.0,3162102.0,8897.0,48.9,5.6,-2.8,1431475200.0
2015-05-12,177.85,178.5,172.5,174.0,174.50700735578783,12915.0,296.0,2253758.0,5384.0,41.69,6.0,-3.85,1431388800.0
2015-05-11,176.0,181.45,174.85,178.8,179.2466086055622,30887.0,672.0,5536390.0,12548.0,40.63,6.6,2.8,1431302400.0
2015-05-08,174.55,176.45,172.1,173.15,173.45508937530195,26909.0,1231.0,4667503.0,13073.0,48.58,4.35,-1.4,1431043200.0
2015-05-07,177.5,181.0,167.4,170.5,172.8289564616448,43410.0,2035.0,7502505.0,20482.0,47.18,13.6,-7.0,1430956800.0
2015-05-06,191.5,192.5,181.0,182.15,185.3497629950992,24894.0,983.0,4614097.0,10764.0,43.24,11.5,-9.35,1430870400.0
2015-05-05,196.5,198.75,190.05,192.0,194.8944500760264,7892.0,494.0,1538107.0,2959.0,37.49,8.7,-4.5,1430784000.0
2015-05-04,191.7,199.35,191.7,195.4,194.9066774979692,30775.0,1390.0,5998253.0,12516.0,40.67,7.65,3.7,1430697600.0
2015-04-30,191.35,193.9,188.6,189.85,191.2699178510888,23007.0,963.0,4400547.0,13371.0,58.12,5.3,-1.5,1430352000.0
2015-04-29,188.5,195.35,187.55,194.1,192.51785276975068,20417.0,1011.0,3930637.0,7784.0,38.13,7.8,5.6,1430265600.0
2015-04-28,182.85,191.25,180.0,189.35,186.7867941411953,42466.0,2054.0,7932088.0,15318.0,36.07,11.25,6.5,1430179200.0
2015-04-27,192.5,192.5,178.85,184.6,183.6706821683709,42834.0,2131.0,7867350.0,17704.0,41.33,13.65,-7.9,1430092800.0
2015-04-24,205.2,205.2,190.0,190.7,193.78304874787088,71039.0,2630.0,13766154.0,39697.0,55.88,15.2,-14.5,1429833600.0
2015-04-23,197.0,206.0,196.85,204.15,202.3183571858372,84757.0,3545.0,17147897.0,26634.0,31.42,9.15,7.15,1429747200.0
2015-04-22,193.85,198.4,189.4,194.45,194.5535833217168,64563.0,2642.0,12560963.0,26293.0,40.72,9.0,0.6,1429660800.0
2015-04-21,182.05,195.2,181.8,191.5,190.21161422109816,61683.0,3563.0,11732823.0,19784.0,32.07,13.4,9.45,1429574400.0
2015-04-20,199.05,199.5,184.95,187.75,190.8812603888126,41511.0,1796.0,7923672.0,17344.0,41.78,14.55,-11.3,1429488000.0
2015-04-17,203.0,207.5,196.15,198.35,201.96997288425857,35035.0,1553.0,7076018.0,15670.0,44.73,11.35,-4.65,1429228800.0
2015-04-16,212.0,212.0,201.6,203.7,205.41965653029968,36568.0,1538.0,7511786.0,12946.0,35.4,10.4,-8.3,1429142400.0
2015-04-15,217.25,217.7,208.6,210.55,212.848587065788,44765.0,1578.0,9528167.0,20700.0,46.24,9.1,-6.7,1429056000.0
2015-04-13,215.0,222.7,212.3,214.85,216.61510551532723,128986.0,3754.0,27940316.0,58695.0,45.5,10.4,-0.15,1428883200.0
2015-04-10,204.7,215.6,204.0,214.1,211.3311319115128,120831.0,4168.0,25535352.0,44022.0,36.43,11.6,9.4,1428624000.0
2015-04-09,204.7,211.45,198.2,203.65,205.7308905386764,144261.0,6258.0,29678944.0,34582.0,23.97,13.25,-1.05,1428537600.0
2015-04-08,185.3,206.7,185.3,201.5,199.625408859204,269347.0,7663.0,53768505.0,105102.0,39.02,21.4,16.2,1428451200.0
2015-04-07,183.0,183.5,178.6,181.8,181.44325509980257,22795.0,733.0,4135999.0,16160.0,70.89,4.9,-1.2,1428364800.0
2015-04-06,184.1,186.25,178.95,179.85,181.0986633249792,23940.0,960.0,4335502.0,15808.0,66.03,7.3,-4.25,1428278400.0
2015-04-01,175.0,184.5,175.0,183.5,181.70217458427064,22671.0,1164.0,4119370.0,9504.0,41.92,9.5,8.5,1427846400.0
2015-03-31,174.35,179.5,173.15,178.6,176.74768376800947,24501.0,1349.0,4330495.0,10600.0,43.26,6.35,4.25,1427760000.0
2015-03-30,167.0,173.75,167.0,171.05,170.23898445405206,10871.0,516.0,1850668.0,6608.0,60.79,6.75,4.05,1427673600.0
2015-03-27,168.0,168.0,163.0,166.75,165.64506468615235,16696.0,1047.0,2765610.0,8717.0,52.21,5.0,-1.25,1427414400.0
2015-03-26,162.05,166.0,160.95,164.85,164.31579311777332,14443.0,547.0,2373213.0,9463.0,65.52,5.05,2.8,1427328000.0
2015-03-25,164.2,166.75,163.95,165.2,165.20368358680625,20252.0,769.0,3345705.0,10891.0,53.78,2.8,1.0,1427241600.0
2015-03-24,163.0,165.5,158.0,163.95,162.01000360954984,19393.0,805.0,3141860.0,5805.0,29.93,7.5,0.95,1427155200.0
2015-03-23,168.65,169.6,160.2,163.25,162.8613276848889,22189.0,900.0,3613730.0,16668.0,75.12,9.4,-5.4,1427068800.0
2015-03-20,174.05,174.05,166.6,168.1,170.18363205951977,35484.0,1541.0,6038796.0,16734.0,47.16,7.45,-5.95,1426809600.0
2015-03-19,175.95,177.65,175.0,176.2,176.1669596885596,15926.0,300.0,2805635.0,11451.0,71.9,2.65,0.25,1426723200.0
2015-03-18,170.0,175.95,170.0,174.3,174.2771746072295,15658.0,780.0,2728832.0,7099.0,45.34,5.95,4.3,1426636800.0
2015-03-17,175.7,179.05,174.35,176.6,176.43715596330276,23980.0,995.0,4230963.0,11143.0,46.47,4.7,0.9,1426550400.0
2015-03-16,180.7,182.7,171.9,173.5,177.07000040392617,24757.0,1202.0,4383722.0,12199.0,49.27,10.8,-7.2,1426464000.0
2015-03-13,178.25,182.0,177.5,180.6,180.1964159503887,43861.0,2773.0,7903595.0,21751.0,49.59,4.5,2.35,1426204800.0
2015-03-12,170.05,179.95,170.05,178.2,177.70717872755517,27679.0,1875.0,4918757.0,14274.0,51.57,9.9,8.15,1426118400.0
2015-03-11,174.9,177.0,173.8,175.0,174.83796607768846,28241.0,2210.0,4937599.0,15470.0,54.78,3.2,0.1,1426032000.0
2015-03-10,176.0,181.0,173.15,174.45,176.7676917488952,33038.0,2051.0,5840051.0,16765.0,50.74,7.85,-1.55,1425945600.0
2015-03-09,173.5,177.0,171.55,174.05,174.76679743960355,24215.0,1743.0,4231978.0,12256.0,50.61,5.45,0.55,1425859200.0
2015-03-05,179.0,181.6,173.9,174.75,175.87547875656898,22454.0,955.0,3949108.0,8594.0,38.27,7.7,-4.25,1425513600.0
2015-03-04,183.0,187.65,178.45,180.2,182.7389845507172,54242.0,3350.0,9912128.0,23761.0,43.81,9.2,-2.8,1425427200.0
2015-03-03,175.0,186.7,174.1,184.0,180.64370320902603,56902.0,2161.0,10278988.0,25556.0,44.91,12.6,9.0,1425340800.0
2015-03-02,170.85,175.75,168.5,174.45,172.37256018217306,36888.0,1737.0,6358479.0,16290.0,44.16,7.25,3.6,1425254400.0
2015-02-28,170.2,173.75,165.5,167.25,168.66312948310286,27046.0,970.0,4561663.0,9620.0,35.57,8.25,-2.95,1425081600.0
2015-02-27,166.9,174.6,164.2,169.6,169.16951115329852,52675.0,2112.0,8911004.0,16444.0,31.22,10.4,2.7,1424995200.0
2015-02-26,163.0,166.5,162.3,165.2,164.50010796804145,32417.0,1144.0,5332600.0,14617.0,45.09,4.2,2.2,1424908800.0
2015-02-25,166.25,167.0,162.0,162.4,164.6545917368318,20428.0,920.0,3363564.0,9970.0,48.81,5.0,-3.85,1424822400.0
2015-02-24,166.65,167.25,161.2,166.25,165.0088661105084,26731.0,1173.0,4410852.0,10496.0,39.27,6.05,-0.4,1424736000.0
2015-02-23,162.05,168.15,135.05,161.25,164.9858829048802,93787.0,3661.0,15473531.0,30265.0,32.27,33.1,-0.8,1424649600.0
2015-02-20,158.6,163.85,155.2,162.15,161.26608427047637,82876.0,3030.0,13365088.0,30119.0,36.34,8.65,3.55,1424390400.0
2015-02-19,166.25,166.85,156.95,157.55,159.70764966418236,103181.0,2900.0,16478795.0,49021.0,47.51,9.9,-8.7,1424304000.0
2015-02-18,167.4,169.4,165.9,166.9,167.29140454588563,31633.0,1261.0,5291929.0,13279.0,41.98,3.5,-0.5,1424217600.0
2015-02-16,169.8,171.1,165.0,167.0,166.69595166845463,35422.0,1303.0,5904704.0,14922.0,42.13,6.1,-2.8,1424044800.0
2015-02-13,172.0,173.95,167.9,168.85,169.9226419761812,56594.0,2392.0,9616602.0,26556.0,46.92,6.05,-3.15,1423785600.0
2015-02-12,171.6,174.05,170.2,171.2,171.7105069566608,31265.0,1206.0,5368529.0,13702.0,43.83,3.85,-0.4,1423699200.0
2015-02-11,175.1,177.0,170.0,170.6,172.96510292616537,47024.0,2294.0,8133511.0,10293.0,21.89,7.0,-4.5,1423612800.0
2015-02-10,179.9,179.9,172.25,174.45,175.71859872967906,35739.0,1334.0,6280007.0,11913.0,33.33,7.65,-5.45,1423526400.0
2015-02-09,166.0,179.5,160.0,174.95,172.45997681699507,92309.0,3672.0,15919608.0,18070.0,19.58,19.5,8.95,1423440000.0
2015-02-06,180.0,180.3,166.0,169.75,172.72755457538273,62574.0,2131.0,10808254.0,25865.0,41.34,14.3,-10.25,1423180800.0
2015-02-05,184.0,186.6,178.15,180.2,183.1261733416771,25568.0,1044.0,4682170.0,9382.0,36.69,8.45,-3.8,1423094400.0
2015-02-04,189.0,189.45,184.0,184.85,185.95152221612727,29168.0,1190.0,5423834.0,10991.0,37.68,5.45,-4.15,1423008000.0
2015-02-03,189.65,192.5,186.6,187.4,188.9080037140204,26925.0,966.0,5086348.0,11825.0,43.92,5.9,-2.25,1422921600.0
2015-02-02,191.15,192.0,187.0,187.7,189.57349831129068,31681.0,1341.0,6005878.0,10979.0,34.65,5.0,-3.45,1422835200.0
2015-01-30,193.0,196.0,187.85,191.15,191.7311216351564,80873.0,2745.0,15505871.0,29790.0,36.84,8.15,-1.85,1422576000.0
2015-01-29,187.45,196.15,186.4,192.3,191.69012980383576,109704.0,3596.0,21029174.0,20430.0,18.62,9.75,4.85,1422489600.0
2015-01-28,185.75,189.7,185.75,186.5,187.097603989297,32888.0,1395.0,6153266.0,12204.0,37.11,3.95,0.75,1422403200.0
2015-01-27,188.45,190.4,186.0,186.4,187.53214424372527,43787.0,1409.0,8211470.0,19827.0,45.28,4.4,-2.05,1422316800.0
2015-01-23,186.0,190.85,183.65,188.45,188.0489073768356,92072.0,3597.0,17314039.0,27206.0,29.55,7.2,2.45,1421971200.0
2015-01-22,182.0,186.6,180.7,184.2,183.57722320777512,91883.0,3284.0,16867626.0,29575.0,32.19,5.9,2.2,1421884800.0
2015-01-21,185.95,186.0,179.75,180.35,182.1370170193192,69568.0,2201.0,12670908.0,26053.0,37.45,6.25,-5.6,1421798400.0
2015-01-20,177.05,188.65,177.05,182.8,183.5283666728984,320940.0,8964.0,58901594.0,71553.0,22.29,11.6,5.75,1421712000.0
2015-01-19,175.0,176.2,173.15,174.45,174.7818382209928,46273.0,1635.0,8087680.0,24823.0,53.64,3.05,-0.55,1421625600.0
2015-01-16,174.25,174.55,172.35,173.55,173.6637080113245,26138.0,737.0,4539222.0,15750.0,60.26,2.2,-0.7,1421366400.0
2015-01-15,173.7,176.8,173.4,174.8,175.0152667341333,34585.0,926.0,6052903.0,20371.0,58.9,3.4,1.1,1421280000.0
2015-01-14,174.1,175.15,171.4,171.85,172.77028767711465,23290.0,719.0,4023820.0,9634.0,41.37,3.75,-2.25,1421193600.0
2015-01-13,174.5,177.55,172.75,173.75,175.5547556891596,37923.0,1310.0,6657563.0,16506.0,43.53,4.8,-0.75,1421107200.0
2015-01-12,173.9,175.75,172.55,173.3,173.7739724901809,60851.0,1948.0,10574320.0,21550.0,35.41,3.2,-0.6,1421020800.0
2015-01-09,174.7,178.6,173.85,175.05,175.71357809996482,102356.0,2920.0,17985339.0,30604.0,29.9,4.75,0.35,1420761600.0
2015-01-08,172.0,175.8,171.0,172.5,172.4026534117905,27361.0,954.0,4717109.0,11740.0,42.91,4.8,0.5,1420675200.0
2015-01-07,169.0,171.0,166.1,169.75,168.90442197457898,56174.0,2008.0,9488037.0,15574.0,27.72,4.9,0.75,1420588800.0
2015-01-06,174.0,174.25,168.05,169.25,170.950928049005,59749.0,3366.0,10214147.0,23870.0,39.95,6.2,-4.75,1420502400.0
2015-01-05,175.0,177.7,173.4,174.65,175.47582728921125,88240.0,3338.0,15483987.0,38481.0,43.61,4.3,-0.35,1420416000.0
2015-01-02,171.05,176.0,171.05,174.45,173.58846073667837,124722.0,3443.0,21650300.0,71604.0,57.41,4.95,3.4,1420156800.0
2015-01-01,166.0,172.8,165.3,170.95,170.28299166978528,144294.0,4113.0,24570814.0,30681.0,21.26,7.5,4.95,1420070400.0
2014-12-31,165.8,168.7,165.0,166.0,166.48950809130855,46655.0,1594.0,7767568.0,17942.0,38.46,3.7,0.2,1419984000.0
2014-12-30,166.5,166.5,164.2,164.85,165.3607825798607,27141.0,1022.0,4488057.0,6083.0,22.41,2.3,-1.65,1419897600.0
2014-12-29,166.95,167.5,163.75,165.65,165.58841010401187,49802.0,1732.0,8246634.0,15834.0,31.79,3.75,-1.3,1419811200.0
2014-12-26,164.65,168.25,164.0,164.55,165.8093812760698,51784.0,1720.0,8586273.0,9017.0,17.41,4.25,-0.1,1419552000.0
2014-12-24,166.3,168.0,162.5,163.5,165.27885700605356,58478.0,1843.0,9665177.0,21769.0,37.23,5.5,-2.8,1419379200.0
2014-12-23,165.2,167.4,163.0,164.3,164.75401815862534,66635.0,2644.0,10978384.0,23277.0,34.93,4.4,-0.9,1419292800.0
2014-12-22,159.5,168.0,158.0,165.2,164.51907578736984,124084.0,3306.0,20414185.0,33797.0,27.24,10.0,5.7,1419206400.0
2014-12-19,158.0,162.6,157.45,158.15,159.86446913077617,68774.0,1971.0,10994519.0,21163.0,30.77,5.15,0.15,1418947200.0
2014-12-18,155.0,158.75,155.0,157.0,157.08077868505072,35393.0,2099.0,5559560.0,13607.0,38.45,3.75,2.0,1418860800.0
2014-12-17,153.0,160.4,142.15,153.25,151.719693224161,165854.0,4148.0,25163318.0,32117.0,19.36,18.25,0.25,1418774400.0
2014-12-16,159.05,162.0,152.65,156.35,156.6732237884389,98468.0,2799.0,15427299.0,28705.0,29.15,9.35,-2.7,1418688000.0
2014-12-15,159.0,162.5,156.0,159.2,159.61805690971545,66667.0,1955.0,10641257.0,18827.0,28.24,6.5,0.2,1418601600.0
2014-12-12,160.4,162.0,156.6,157.7,158.8418192742757,76558.0,1813.0,12160612.0,31196.0,40.75,5.4,-2.7,1418342400.0
2014-12-11,155.95,163.1,154.55,159.4,159.9507002542177,216350.0,5377.0,34605334.0,36647.0,16.94,8.55,3.45,1418256000.0
2014-12-10,157.95,159.45,155.0,156.35,156.95079068853747,162896.0,3727.0,25566656.0,33104.0,20.32,4.45,-1.6,1418169600.0
2014-12-09,151.85,157.9,149.0,156.55,154.53329504911784,245532.0,7342.0,37942869.0,72315.0,29.45,8.9,4.7,1418083200.0
2014-12-08,146.8,152.0,144.4,149.6,148.83856497916344,103664.0,2817.0,15429201.0,36182.0,34.9,7.6,2.8,1417996800.0
2014-12-05,148.1,150.0,145.15,146.3,148.13950734249173,42220.0,1571.0,6254450.0,12709.0,30.1,4.85,-1.8,1417737600.0
2014-12-04,151.5,152.9,146.0,147.05,149.16238815726757,73429.0,1705.0,10952845.0,33989.0,46.29,6.9,-4.45,1417651200.0
2014-12-03,148.5,154.35,148.2,150.35,151.16148487787672,113410.0,2702.0,17143224.0,32185.0,28.38,6.15,1.85,1417564800.0
2014-12-02,141.65,149.9,141.65,148.5,147.09937288953208,89139.0,2399.0,13112291.0,31537.0,35.38,8.25,6.85,1417478400.0
2014-12-01,146.0,146.4,142.3,142.95,143.78339122992497,39726.0,677.0,5711939.0,22097.0,55.62,4.1,-3.05,1417392000.0
2014-11-28,148.6,149.0,145.55,145.95,146.4576423199169,63554.0,1416.0,9307969.0,22835.0,35.93,3.45,-2.65,1417132800.0
2014-11-27,143.4,149.0,142.0,147.7,146.0046738247767,110830.0,3426.0,16181698.0,32246.0,29.1,7.0,4.3,1417046400.0
2014-11-26,144.1,145.2,140.7,141.5,142.92257247396566,71060.0,1755.0,10156078.0,36124.0,50.84,4.5,-2.6,1416960000.0
2014-11-25,147.5,148.85,137.2,143.8,143.10197582382307,118381.0,3204.0,16940555.0,40555.0,34.26,11.65,-3.7,1416873600.0
2014-11-24,148.4,151.2,147.05,147.6,149.2034874743131,84187.0,1995.0,12560994.0,30780.0,36.56,4.15,-0.8,1416787200.0
2014-11-21,150.0,154.0,145.5,148.75,150.52902730713848,231954.0,4629.0,34915810.0,34803.0,15.0,8.5,-1.25,1416528000.0
2014-11-20,150.85,150.85,146.55,147.85,148.3008590578684,84744.0,2205.0,12567608.0,23250.0,27.44,4.3,-3.0,1416441600.0
2014-11-19,144.45,158.0,143.5,149.3,150.7895204734394,809903.0,17175.0,122124885.0,214210.0,26.45,14.5,4.85,1416355200.0
2014-11-18,135.05,143.95,134.7,143.1,140.2390093723537,418038.0,7966.0,58625235.0,107518.0,25.72,9.25,8.05,1416268800.0
2014-11-17,133.95,136.8,131.25,134.05,134.4273428161127,124647.0,2718.0,16755965.0,48264.0,38.72,5.55,0.1,1416182400.0
2014-11-14,134.5,135.7,133.1,133.7,134.40319131731684,55651.0,1080.0,7479672.0,26039.0,46.79,2.6,-0.8,1415923200.0
2014-11-13,137.35,137.35,133.9,134.8,135.46936423043996,117983.0,3007.0,15983082.0,52735.0,44.7,3.45,-2.55,1415836800.0
2014-11-12,135.55,138.7,135.5,135.9,136.56117628134476,167851.0,3468.0,22921930.0,66012.0,39.33,3.2,0.35,1415750400.0
2014-11-11,135.3,137.6,134.7,135.55,136.05318216090927,179045.0,3325.0,24359642.0,71296.0,39.82,2.9,0.25,1415664000.0
2014-11-10,134.0,136.45,133.2,134.2,135.07600053040755,203617.0,4666.0,27503770.0,89227.0,43.82,3.25,0.2,1415577600.0
2014-11-07,134.75,136.85,131.5,133.9,134.6906909047704,252495.0,4863.0,34008726.0,90084.0,35.68,5.35,-0.85,1415318400.0
2014-11-05,134.65,134.65,131.05,132.1,132.59598363852746,99991.0,1994.0,13258405.0,43554.0,43.56,3.6,-2.55,1415145600.0
2014-11-03,132.95,134.85,131.2,132.5,132.82387007427923,87373.0,2044.0,11605220.0,30808.0,35.26,3.65,-0.45,1414972800.0
2014-10-31,131.9,133.75,129.1,130.45,131.56865090318027,163035.0,3759.0,21450295.0,54581.0,33.48,4.65,-1.45,1414713600.0
2014-10-30,134.65,136.5,129.25,131.1,133.38671864045543,285272.0,5553.0,38051496.0,102416.0,35.9,7.25,-3.55,1414627200.0
2014-10-29,132.95,140.5,132.95,134.05,135.5906303644458,1203526.0,13089.0,163186849.0,613236.0,50.95,7.55,1.1,1414540800.0
2014-10-28,127.8,129.85,125.0,126.2,126.86898129782622,347874.0,3915.0,44134420.0,223416.0,64.22,4.85,-1.6,1414454400.0
2014-10-27,124.0,127.6,121.2,126.3,124.94212911105168,691885.0,4017.0,86445585.0,556883.0,80.49,6.4,2.3,1414368000.0
2014-10-23,124.4,125.0,123.05,123.75,124.09668369291758,65585.0,1027.0,8138881.0,44629.0,68.05,1.95,-0.65,1414022400.0
2014-10-22,121.5,124.2,119.35,123.5,120.97942208581068,591022.0,2908.0,71501500.0,457142.0,77.35,4.85,2.0,1413936000.0
2014-10-21,120.55,122.9,118.0,119.8,120.85048746586752,101443.0,2023.0,12259436.0,31285.0,30.84,4.9,-0.75,1413849600.0
2014-10-20,115.75,121.2,115.35,119.0,118.84855662589516,126232.0,3129.0,15002491.0,45117.0,35.74,5.85,3.25,1413763200.0
2014-10-17,116.0,116.0,110.75,112.75,112.26588463146774,90874.0,2022.0,10202050.0,23390.0,25.74,5.25,-3.25,1413504000.0
2014-10-16,121.1,121.95,114.7,115.5,118.1714977902696,105669.0,2556.0,12487064.0,45336.0,42.9,7.25,-5.6,1413417600.0
2014-10-14,122.0,126.45,120.0,120.5,123.24791721036677,199252.0,4692.0,24557394.0,66271.0,33.26,6.45,-1.5,1413244800.0
2014-10-13,122.95,122.95,119.1,121.45,121.39212438682272,126187.0,2769.0,15318108.0,64547.0,51.15,3.85,-1.5,1413158400.0
2014-10-10,121.7,124.0,118.3,119.55,121.68191069145612,174429.0,3563.0,21224854.0,60169.0,34.49,5.7,-2.15,1412899200.0
2014-10-09,123.9,127.35,121.3,123.6,124.67117830984708,280164.0,6134.0,34928376.0,64297.0,22.95,6.05,-0.3,1412812800.0
2014-10-08,116.0,130.95,113.5,123.05,124.1206240872218,622413.0,14912.0,77254290.0,164862.0,26.49,17.45,7.05,1412726400.0
2014-10-07,114.5,117.7,112.0,116.35,116.00549166477516,158604.0,4034.0,18398935.0,48955.0,30.87,5.7,1.85,1412640000.0
2014-10-01,114.15,115.4,111.65,112.8,113.4573610569151,89695.0,1770.0,10176558.0,29307.0,32.67,3.75,-1.35,1412121600.0
2014-09-30,113.95,116.8,112.0,114.15,114.56774707493156,100425.0,2482.0,11505466.0,36264.0,36.11,4.8,0.2,1412035200.0
2014-09-29,113.05,116.7,111.9,113.6,114.49974651556394,128213.0,2526.0,14680356.0,50352.0,39.27,4.8,0.55,1411948800.0
2014-09-26,112.0,112.0,104.25,110.8,108.43487695129232,187568.0,4189.0,20338913.0,54533.0,29.07,7.75,-1.2,1411689600.0
2014-09-25,114.0,114.9,107.4,108.75,110.66912239097456,114698.0,2782.0,12693527.0,30164.0,26.3,7.5,-5.25,1411603200.0
2014-09-24,117.25,117.8,111.95,113.35,114.12242555337332,150712.0,3418.0,17199619.0,51282.0,34.03,5.85,-3.9,1411516800.0
2014-09-23,123.8,124.6,114.25,116.55,119.3697535320202,310304.0,5816.0,37040912.0,119135.0,38.39,10.35,-7.25,1411430400.0
2014-09-22,117.95,124.8,115.1,123.15,122.0062934811724,406929.0,9418.0,49647899.0,91702.0,22.54,9.7,5.2,1411344000.0
2014-09-19,117.95,121.45,112.55,117.4,118.22218686576662,257693.0,5560.0,30465030.0,67454.0,26.18,8.9,-0.55,1411084800.0
2014-09-18,114.35,118.0,112.75,116.65,116.50848625148213,177110.0,3989.0,20634818.0,47957.0,27.08,5.25,2.3,1410998400.0
2014-09-17,112.0,114.5,104.0,113.15,110.92120781660329,321009.0,6624.0,35606706.0,70481.0,21.96,10.5,1.15,1410912000.0
2014-09-16,121.0,121.5,107.0,110.65,114.03538393568851,427793.0,7138.0,48783539.0,149767.0,35.01,14.5,-10.35,1410825600.0
2014-09-15,118.2,123.5,117.4,120.2,120.84819003656656,912035.0,15321.0,110217779.0,341639.0,37.46,6.1,2.0,1410739200.0
2014-09-12,111.0,119.95,106.5,116.2,114.34381627820292,995331.0,16294.0,113809945.0,256949.0,25.82,13.45,5.2,1410480000.0
2014-09-11,108.9,110.8,107.55,109.3,108.87486225718824,312176.0,5388.0,33988119.0,133361.0,42.72,3.25,0.4,1410393600.0
2014-09-10,105.9,110.0,103.9,106.4,107.35137121042594,299407.0,6480.0,32141752.0,94876.0,31.69,6.1,0.5,1410307200.0
2014-09-09,105.7,109.95,103.7,104.95,106.5377270222786,577146.0,9509.0,61487823.0,202675.0,35.12,6.25,-0.75,1410220800.0
2014-09-08,98.0,108.5,97.5,105.85,103.47883992112268,1112614.0,15172.0,115132006.0,364805.0,32.79,11.0,7.85,1410134400.0
2014-09-05,94.0,98.45,91.5,97.7,94.90217161946744,1127914.0,6978.0,107041488.0,755300.0,66.96,6.95,3.7,1409875200.0
2014-09-04,93.7,94.8,88.5,93.6,92.29286583950388,211083.0,3338.0,19481455.0,78523.0,37.2,6.3,-0.1,1409788800.0
2014-09-03,94.9,94.9,91.4,92.9,93.80227431060786,226794.0,2390.0,21273793.0,124403.0,54.85,3.5,-2.0,1409702400.0
2014-09-02,93.95,96.2,92.55,93.1,94.4646533919608,379117.0,4108.0,35813156.0,161098.0,42.49,3.65,-0.85,1409616000.0
2014-09-01,90.5,94.5,89.7,93.55,93.08168667655671,181327.0,3136.0,16878223.0,58845.0,32.45,4.8,3.05,1409529600.0
2014-08-28,94.95,94.95,90.1,90.9,92.4320177718441,182761.0,3062.0,16892968.0,57252.0,31.33,4.85,-4.05,1409184000.0
2014-08-27,86.1,95.5,85.8,94.25,92.72339611554212,653476.0,8617.0,60592514.0,266099.0,40.72,9.7,8.15,1409097600.0
2014-08-26,86.6,87.3,84.9,85.5,85.93674959089488,54387.0,918.0,4673842.0,25960.0,47.73,2.4,-1.1,1409011200.0
2014-08-25,88.45,89.75,85.6,86.25,87.3883119595639,119695.0,1992.0,10459944.0,54938.0,45.9,4.15,-2.2,1408924800.0
2014-08-22,90.0,90.55,87.2,88.3,88.88950235415832,94726.0,1625.0,8420147.0,43502.0,45.92,3.35,-1.7,1408665600.0
2014-08-21,90.0,92.3,88.9,89.3,90.50035336013364,217908.0,3622.0,19720751.0,85977.0,39.46,3.4,-0.7,1408579200.0
2014-08-20,88.5,90.9,87.25,89.5,89.56580806843662,265355.0,4498.0,23766735.0,80226.0,30.23,3.65,1.0,1408492800.0
2014-08-19,85.35,88.6,84.8,88.2,87.00784694997647,318850.0,4769.0,27742452.0,91077.0,28.56,3.8,2.85,1408406400.0
2014-08-18,82.95,86.4,80.8,84.85,85.22412338112902,533242.0,3795.0,45445082.0,378118.0,70.91,5.6,1.9,1408320000.0
2014-08-14,77.95,83.9,77.0,82.95,81.40105545207986,183618.0,3297.0,14946699.0,59727.0,32.53,6.9,5.0,1407974400.0
2014-08-13,79.15,80.4,76.5,77.65,78.29955718535945,57812.0,1089.0,4526654.0,26330.0,45.54,3.9,-1.5,1407888000.0
2014-08-12,81.8,82.25,79.15,79.55,80.60934614276758,59019.0,804.0,4757483.0,26877.0,45.54,3.1,-2.25,1407801600.0
2014-08-11,81.45,83.4,80.5,80.95,81.61422410897806,74437.0,1446.0,6075118.0,32818.0,44.09,2.9,-0.5,1407715200.0
2014-08-08,79.65,81.9,76.55,81.05,79.3878703680733,241854.0,4639.0,19200274.0,58467.0,24.17,5.35,1.4,1407456000.0
2014-08-07,76.35,84.75,76.1,80.95,81.23193412709729,680219.0,13021.0,55255505.0,175878.0,25.86,8.65,4.6,1407369600.0
2014-08-06,73.4,78.8,73.35,76.15,76.58085885351349,197752.0,5280.0,15144018.0,69214.0,35.0,5.45,2.75,1407283200.0
2014-08-05,73.5,73.85,71.45,73.6,73.02443590172153,59830.0,759.0,4369052.0,36128.0,60.38,2.4,0.1,1407196800.0
2014-08-04,71.2,74.0,71.2,73.65,72.97517423292257,77339.0,1022.0,5643827.0,38961.0,50.38,2.8,2.45,1407110400.0
2014-08-01,68.6,71.55,67.65,71.0,70.55824325640276,102690.0,1156.0,7245626.0,67465.0,65.7,3.9,2.4,1406851200.0
2014-07-31,70.6,70.65,66.0,68.95,69.48845569184584,104597.0,1406.0,7268284.0,55778.0,53.33,4.65,-1.65,1406764800.0
2014-07-30,69.75,71.45,68.55,70.0,69.79336019621584,68496.0,1188.0,4780566.0,26618.0,38.86,2.9,0.25,1406678400.0
2014-07-28,70.0,70.9,69.0,69.5,69.83657498593135,56864.0,825.0,3971187.0,27087.0,47.63,1.9,-0.5,1406505600.0
2014-07-25,71.0,73.25,69.3,69.55,71.32774194444252,144031.0,1824.0,10273406.0,58069.0,40.32,3.95,-1.45,1406246400.0
2014-07-24,71.55,71.9,70.25,70.55,70.98510067114094,29800.0,403.0,2115356.0,17125.0,57.47,1.65,-1.0,1406160000.0
2014-07-23,71.9,71.9,69.35,71.25,70.68310392358617,51509.0,839.0,3640816.0,24219.0,47.02,2.55,-0.65,1406073600.0
2014-07-22,70.85,72.3,70.0,70.55,70.95841874980877,65366.0,904.0,4638268.0,31136.0,47.63,2.3,-0.3,1405987200.0
2014-07-21,73.2,74.85,69.6,69.95,71.28614357533279,123127.0,1835.0,8777249.0,64116.0,52.07,5.25,-3.25,1405900800.0
2014-07-18,71.9,75.55,71.35,73.55,74.0816053989031,196188.0,2608.0,14533922.0,83635.0,42.63,4.2,1.65,1405641600.0
2014-07-17,69.9,73.45,69.9,72.55,71.97632555936237,90773.0,1464.0,6533507.0,40004.0,44.07,3.55,2.65,1405555200.0
2014-07-16,70.5,71.0,69.2,69.9,70.19996479493047,62491.0,694.0,4386866.0,30811.0,49.3,1.8,-0.6,1405468800.0
2014-07-15,68.4,69.5,67.4,68.75,68.29319574199589,49131.0,749.0,3355313.0,25859.0,52.63,2.1,0.35,1405382400.0
2014-07-14,67.1,67.1,65.05,66.75,66.12653120277787,62206.0,1001.0,4113467.0,28183.0,45.31,2.05,-0.35,1405296000.0
2014-07-11,71.75,71.75,66.1,67.15,68.30163639125811,92154.0,1448.0,6294269.0,50288.0,54.57,5.65,-4.6,1405036800.0
2014-07-10,67.7,72.45,66.0,70.9,69.55575137551581,139584.0,1597.0,9708870.0,69649.0,49.9,6.45,3.2,1404950400.0
2014-07-09,68.95,70.0,67.0,67.9,68.85559866078546,94085.0,1451.0,6478279.0,42105.0,44.75,3.0,-1.05,1404864000.0
2014-07-08,73.8,73.85,68.1,69.2,70.92261945997218,187657.0,2251.0,13309126.0,112756.0,60.09,5.75,-4.6,1404777600.0
2014-07-07,74.7,74.75,73.2,73.45,73.99333770436327,94562.0,1225.0,6996958.0,46269.0,48.93,1.55,-1.25,1404691200.0
2014-07-04,73.5,75.75,72.0,74.1,74.09811908060813,263435.0,3515.0,19520038.0,114505.0,43.47,3.75,0.6,1404432000.0
2014-07-03,70.0,74.4,70.0,72.85,72.93276995986265,165432.0,1975.0,12065414.0,89861.0,54.32,4.4,2.85,1404345600.0
2014-07-02,69.45,71.9,69.0,70.35,70.59747648543244,261540.0,2899.0,18464064.0,104246.0,39.86,2.9,0.9,1404259200.0
2014-07-01,69.7,70.4,68.4,68.6,69.34450100027856,118467.0,1424.0,8215035.0,58788.0,49.62,2.0,-1.1,1404172800.0
2014-06-30,71.45,71.45,68.7,69.1,69.74371851426483,191555.0,2397.0,13359758.0,102037.0,53.27,2.75,-2.35,1404086400.0
2014-06-27,68.4,71.2,67.9,70.8,70.01471796023586,596618.0,6804.0,41772041.0,188862.0,31.66,3.3,2.4,1403827200.0
2014-06-26,67.0,68.55,66.35,67.7,67.4534499801077,487626.0,4535.0,32892056.0,206537.0,42.36,2.2,0.7,1403740800.0
2014-06-25,65.45,66.2,64.5,65.65,65.48063934003609,77580.0,1236.0,5079988.0,34853.0,44.93,1.7,0.2,1403654400.0
2014-06-24,65.0,66.7,64.6,64.95,65.61180848829883,171436.0,2304.0,11248226.0,73636.0,42.95,2.1,-0.05,1403568000.0
2014-06-23,62.5,65.4,62.25,64.25,64.05657676835456,302527.0,3295.0,19378844.0,160408.0,53.02,3.15,1.75,1403481600.0
2014-06-20,62.7,63.8,61.95,62.1,62.75440811481601,92670.0,1058.0,5815451.0,26793.0,28.91,1.85,-0.6,1403222400.0
2014-06-19,62.5,63.9,61.7,62.15,62.82721777157137,108848.0,1535.0,6838617.0,44879.0,41.23,2.2,-0.35,1403136000.0
2014-06-18,63.3,64.0,61.5,62.2,62.79845157800429,118314.0,1399.0,7429936.0,47762.0,40.37,2.5,-1.1,1403049600.0
2014-06-17,63.0,63.7,62.35,63.1,62.80799291753539,190894.0,1269.0,11989669.0,133757.0,70.07,1.35,0.1,1402963200.0
2014-06-16,62.45,63.5,60.95,62.85,62.77148327616559,110202.0,1425.0,6917543.0,40194.0,36.47,2.55,0.4,1402876800.0
2014-06-13,64.65,65.3,61.0,61.45,62.45234768354085,128105.0,1586.0,8000458.0,71614.0,55.9,4.3,-3.2,1402617600.0
2014-06-12,64.55,65.9,63.15,64.0,64.33546191150336,132796.0,1752.0,8543492.0,50990.0,38.4,2.75,-0.55,1402531200.0
2014-06-11,66.0,68.5,64.0,64.5,66.02374565886439,212502.0,2269.0,14030178.0,92458.0,43.51,4.5,-1.5,1402444800.0
2014-06-10,66.0,67.85,63.0,65.55,65.81361090968917,328222.0,3585.0,21601475.0,100988.0,30.77,4.85,-0.45,1402358400.0
2014-06-09,63.8,67.75,62.75,65.65,65.31913188835784,390641.0,3692.0,25516331.0,170165.0,43.56,5.0,1.85,1402272000.0
2014-06-06,62.8,64.0,62.5,63.4,63.11815061939451,156766.0,1730.0,9894780.0,67848.0,43.28,1.5,0.6,1402012800.0
2014-06-05,61.75,63.7,60.5,62.8,62.87524901117303,311733.0,3106.0,19600290.0,137876.0,44.23,3.2,1.05,1401926400.0
2014-06-04,61.65,62.0,60.55,60.75,61.03551300332722,73635.0,880.0,4494350.0,39801.0,54.05,1.45,-0.9,1401840000.0
2014-06-03,63.5,63.65,60.0,60.85,61.06595438024815,223412.0,1456.0,13642867.0,149832.0,67.07,3.65,-2.65,1401753600.0
2014-06-02,61.3,63.8,61.05,62.55,62.54762199704349,121089.0,1558.0,7573829.0,75107.0,62.03,2.75,1.25,1401667200.0
2014-05-30,61.9,61.9,60.35,60.95,61.16305564886351,35724.0,407.0,2184989.0,27632.0,77.35,1.55,-0.95,1401408000.0
2014-05-29,62.15,63.5,60.3,60.8,61.76666864660984,67342.0,1104.0,4159491.0,26467.0,39.3,3.2,-1.35,1401321600.0
2014-05-28,59.95,62.5,59.0,61.45,60.923540863457646,104788.0,1316.0,6384056.0,46625.0,44.49,3.5,1.5,1401235200.0
2014-05-27,60.5,60.75,57.0,59.05,59.04567361399253,93993.0,1308.0,5549880.0,43330.0,46.1,3.75,-1.45,1401148800.0
2014-05-26,62.75,65.65,55.4,58.6,61.9869550107305,279111.0,3365.0,17301241.0,136555.0,48.92,10.25,-4.15,1401062400.0
2014-05-23,64.8,65.0,61.0,61.85,62.44176839326954,175798.0,2160.0,10977138.0,79999.0,45.51,4.0,-2.95,1400803200.0
2014-05-22,64.7,66.6,63.5,64.1,65.04913511314376,356405.0,2491.0,23183837.0,199437.0,55.96,3.1,-0.6,1400716800.0
2014-05-21,63.1,64.4,60.8,62.8,62.48518726637512,204655.0,1662.0,12787906.0,106427.0,52.0,3.6,-0.3,1400630400.0
2014-05-20,59.9,63.35,59.9,62.65,62.09967868250459,426992.0,3847.0,26516066.0,154224.0,36.12,3.45,2.75,1400544000.0
2014-05-19,56.5,59.45,56.0,58.75,58.10718065003779,218295.0,1681.0,12684507.0,116761.0,53.49,3.45,2.25,1400457600.0
2014-05-16,55.6,56.15,54.1,55.1,55.043085254648986,75339.0,896.0,4146891.0,46292.0,61.44,2.05,-0.5,1400198400.0
2014-05-15,57.45,57.45,54.55,54.8,56.0878155298548,152957.0,2022.0,8579024.0,48223.0,31.53,2.9,-2.65,1400112000.0
2014-05-14,54.6,58.65,53.9,56.7,55.3149537442872,939992.0,4493.0,51995614.0,134263.0,14.28,4.75,2.1,1400025600.0
2014-05-13,54.35,54.55,53.5,54.05,54.074345970611525,84591.0,828.0,4574203.0,50234.0,59.38,1.05,-0.3,1399939200.0
2014-05-12,53.5,55.8,53.35,53.6,53.69261768662759,492813.0,1079.0,26460420.0,431624.0,87.58,2.45,0.1,1399852800.0
2014-05-09,53.9,54.35,52.9,53.15,53.668832149871584,46333.0,529.0,2486638.0,25765.0,55.61,1.45,-0.75,1399593600.0
2014-05-08,54.6,54.9,53.4,53.7,54.14718990697781,43753.0,492.0,2369102.0,20934.0,47.85,1.5,-0.9,1399507200.0
2014-05-07,55.5,55.75,53.6,54.0,54.4824598056136,55045.0,689.0,2998987.0,32294.0,58.67,2.15,-1.5,1399420800.0
2014-05-06,53.7,56.35,53.45,55.05,55.135201740971645,170020.0,1924.0,9374087.0,75181.0,44.22,2.9,1.35,1399334400.0
2014-05-05,53.35,53.85,52.9,53.55,53.49829351535836,49224.0,380.0,2633400.0,31775.0,64.55,0.95,0.2,1399248000.0
2014-05-02,54.0,55.0,52.25,52.65,53.54980826942314,71976.0,696.0,3854301.0,49318.0,68.52,2.75,-1.35,1398988800.0
2014-04-30,54.45,55.9,52.25,53.6,54.4929653929677,86572.0,1037.0,4717565.0,34939.0,40.36,3.65,-0.85,1398816000.0
2014-04-29,55.95,55.95,54.0,54.25,54.71471779757371,90591.0,906.0,4956661.0,47294.0,52.21,1.95,-1.7,1398729600.0
2014-04-28,55.0,56.45,54.5,55.6,55.67278701992196,97380.0,1260.0,5421416.0,36552.0,37.54,1.95,0.6,1398643200.0
2014-04-25,56.3,56.3,54.5,54.8,55.2983596789457,114124.0,690.0,6310870.0,89568.0,78.48,1.8,-1.5,1398384000.0
2014-04-23,56.0,57.25,55.1,55.6,56.39988104678826,80704.0,951.0,4551696.0,38236.0,47.38,2.15,-0.4,1398211200.0
2014-04-22,57.9,57.9,55.5,55.65,56.86379185327362,117225.0,1069.0,6665858.0,71133.0,60.68,2.4,-2.25,1398124800.0
2014-04-21,55.35,58.05,54.9,56.9,57.16567198996899,205762.0,2258.0,11762523.0,95065.0,46.2,3.15,1.55,1398038400.0
2014-04-17,53.5,56.6,53.5,54.8,55.2138166566335,254157.0,2590.0,14032978.0,123077.0,48.43,3.1,1.3,1397692800.0
2014-04-16,54.5,54.7,52.65,53.05,53.8636202258006,126749.0,1189.0,6827160.0,91381.0,72.1,2.05,-1.45,1397606400.0
2014-04-15,57.1,57.1,53.25,54.15,55.18557271727858,128257.0,1304.0,7077936.0,81978.0,63.92,3.85,-2.95,1397520000.0
2014-04-11,56.1,58.55,56.1,57.3,57.439348949027,153905.0,1258.0,8840203.0,77347.0,50.26,2.45,1.2,1397174400.0
2014-04-10,59.1,59.7,55.55,56.95,57.168030141551206,199857.0,2218.0,11425431.0,89571.0,44.82,4.15,-2.15,1397088000.0
2014-04-09,57.55,61.25,55.5,58.65,58.55371739024032,449482.0,4603.0,26318842.0,131663.0,14.65,5.75,1.1,1397001600.0
2014-04-07,56.5,58.0,54.6,57.2,57.04655879153633,162719.0,1480.0,9282559.0,74503.0,22.89,3.4,0.7,1396828800.0
2014-04-04,54.5,56.65,53.5,56.05,55.57479709417245,157339.0,1306.0,8744083.0,94262.0,59.91,3.15,1.55,1396569600.0
2014-04-03,54.75,55.85,53.7,54.3,54.89310983827493,178080.0,1580.0,9775365.0,88543.0,49.72,2.15,-0.45,1396483200.0
2014-04-02,54.15,57.6,54.0,55.55,55.82139919704657,532534.0,4851.0,29726793.0,184975.0,34.73,3.6,1.4,1396396800.0
2014-04-01,51.5,54.8,50.0,53.95,53.49947362675557,796963.0,4976.0,42637101.0,288688.0,36.22,4.8,2.45,1396310400.0
2014-03-31,51.0,52.3,50.15,50.85,51.322392784387375,132047.0,1295.0,6776968.0,60161.0,45.56,2.15,-0.15,1396224000.0
2014-03-28,50.9,51.8,50.15,51.1,51.06135342518383,281109.0,2871.0,14353806.0,116014.0,41.27,1.65,0.2,1395964800.0
2014-03-27,47.95,50.9,47.05,50.2,49.47020796286596,425701.0,3601.0,21059517.0,214696.0,50.43,3.85,2.25,1395878400.0
2014-03-26,48.5,48.6,47.0,47.45,47.67388507330156,110366.0,850.0,5261576.0,57157.0,51.79,1.6,-1.05,1395792000.0
2014-03-25,48.9,49.45,46.5,48.3,48.01073317959848,471808.0,4035.0,22651848.0,159758.0,33.86,2.95,-0.6,1395705600.0
2014-03-24,43.1,49.3,42.4,48.15,43.94500004287576,3731712.0,11205.0,163990084.0,2466393.0,66.09,6.9,5.05,1395619200.0
2014-03-22,42.5,42.95,42.5,42.8,42.649421296296296,8640.0,59.0,368491.0,7636.0,88.38,0.45,0.3,1395446400.0
2014-03-21,43.0,43.35,42.35,42.85,42.94529972893,96654.0,853.0,4150835.0,65153.0,67.41,1.0,-0.15,1395360000.0
2014-03-20,42.0,43.0,42.0,42.35,42.530847663978086,32855.0,384.0,1397351.0,22121.0,67.33,1.0,0.35,1395273600.0
2014-03-19,42.5,43.55,42.0,42.1,42.44507410636442,55056.0,617.0,2336856.0,42949.0,78.01,1.55,-0.4,1395187200.0
2014-03-18,43.9,44.0,42.5,42.65,43.23017382310746,89919.0,827.0,3887214.0,71063.0,79.03,1.5,-1.25,1395100800.0
2014-03-14,43.6,44.05,43.1,43.6,43.55197545603465,144068.0,650.0,6274446.0,113110.0,78.51,0.95,0.0,1394755200.0
2014-03-13,46.5,46.5,44.45,44.6,45.38226900297665,97761.0,813.0,4436616.0,59770.0,61.14,2.05,-1.9,1394668800.0
2014-03-12,45.4,47.3,45.05,45.5,46.33034423499037,245559.0,2385.0,11376833.0,106597.0,43.41,2.25,0.1,1394582400.0
2014-03-11,46.0,46.9,44.5,45.45,45.91198398330554,224266.0,2455.0,10296497.0,85887.0,38.3,2.4,-0.55,1394496000.0
2014-03-10,43.85,47.0,43.55,45.4,45.92226635324633,283751.0,3994.0,13030489.0,98805.0,34.82,3.45,1.55,1394409600.0
2014-03-07,43.05,44.25,43.0,43.45,43.675477698704405,38361.0,446.0,1675435.0,28536.0,74.39,1.25,0.4,1394150400.0
2014-03-06,42.9,43.75,42.85,43.55,43.44797502066306,32667.0,251.0,1419315.0,22225.0,68.04,0.9,0.65,1394064000.0
2014-03-05,44.4,44.5,42.4,42.9,43.22634024974181,42604.0,460.0,1841615.0,28769.0,67.53,2.1,-1.5,1393977600.0
2014-03-04,45.8,45.8,43.1,43.55,44.1580716672044,96083.0,1042.0,4242840.0,43177.0,44.94,2.7,-2.25,1393891200.0
2014-03-03,45.0,45.35,43.1,44.2,44.268168627328606,64094.0,630.0,2837324.0,35324.0,55.11,2.25,-0.8,1393804800.0
2014-02-28,46.0,46.25,44.85,45.0,45.5498853803102,96842.0,750.0,4411142.0,63534.0,65.61,1.4,-1.0,1393545600.0
2014-02-26,44.7,46.9,44.6,46.0,45.65972189508756,233509.0,2438.0,10661956.0,90272.0,38.66,2.3,1.3,1393372800.0
2014-02-25,44.0,44.2,42.85,43.1,43.72581446839276,22131.0,340.0,967696.0,12926.0,58.41,1.35,-0.9,1393286400.0
2014-02-24,44.1,44.3,42.9,43.6,43.67775702558311,23023.0,439.0,1005593.0,11674.0,50.71,1.4,-0.5,1393200000.0
2014-02-21,44.45,44.8,43.45,43.8,44.04969056288085,105191.0,2406.0,4633631.0,50000.0,47.53,1.35,-0.65,1392940800.0
2014-02-20,41.4,43.95,41.4,42.6,43.1414215269512,58810.0,949.0,2537147.0,26245.0,44.63,2.55,1.2,1392854400.0
2014-02-19,40.0,42.4,39.6,42.1,41.39887157442235,74440.0,787.0,3081732.0,28109.0,37.76,2.8,2.1,1392768000.0
2014-02-18,39.0,40.5,38.5,39.65,39.64994052928933,13452.0,235.0,533371.0,7272.0,54.06,2.0,0.65,1392681600.0
2014-02-17,38.55,39.5,38.5,38.75,38.81837655016911,8870.0,114.0,344319.0,6128.0,69.09,1.0,0.2,1392595200.0
2014-02-14,39.8,40.25,38.3,38.75,39.0673954172798,47570.0,446.0,1858436.0,29473.0,61.96,1.95,-1.05,1392336000.0
2014-02-13,40.7,40.7,39.8,39.85,40.03117775695095,16005.0,134.0,640699.0,9514.0,59.44,0.9,-0.85,1392249600.0
2014-02-12,41.85,41.9,40.5,40.6,41.12308306709265,12520.0,216.0,514861.0,8111.0,64.78,1.4,-1.25,1392163200.0
2014-02-11,41.5,41.75,41.0,41.4,41.38494809688581,9248.0,212.0,382728.0,5045.0,54.55,0.75,-0.1,1392076800.0
2014-02-10,43.25,43.55,40.75,41.45,42.41433306114608,20819.0,285.0,883024.0,11954.0,57.42,2.8,-1.8,1391990400.0
2014-02-07,43.45,44.1,43.05,43.2,43.48126331290925,38027.0,525.0,1653462.0,19969.0,52.51,1.05,-0.25,1391731200.0
2014-02-06,41.0,43.45,41.0,42.9,42.26610073151444,161856.0,1079.0,6841022.0,108495.0,67.03,2.45,1.9,1391644800.0
2014-02-05,39.5,41.25,39.5,40.6,40.697650095312,59279.0,855.0,2412516.0,27278.0,46.02,1.75,1.1,1391558400.0
2014-02-04,39.05,39.9,39.0,39.55,39.4791993474305,31874.0,310.0,1258360.0,22826.0,71.61,0.9,0.5,1391472000.0
2014-02-03,39.85,39.95,39.0,39.45,39.6077016920384,18853.0,212.0,746724.0,10999.0,58.34,0.95,-0.4,1391385600.0
2014-01-31,40.35,41.15,40.0,40.2,40.494373865698726,33060.0,443.0,1338744.0,16968.0,51.32,1.15,-0.15,1391126400.0
2014-01-30,40.15,41.0,38.85,40.2,39.79232814280289,65825.0,615.0,2619330.0,28895.0,43.9,2.15,0.05,1391040000.0
2014-01-29,40.65,41.6,40.0,40.15,40.69589153867921,38871.0,558.0,1581890.0,19284.0,49.61,1.6,-0.5,1390953600.0
2014-01-28,41.5,41.5,38.75,40.15,40.0909550219895,87087.0,905.0,3491401.0,37791.0,43.39,2.75,-1.35,1390867200.0
2014-01-27,44.0,44.0,41.4,42.0,42.624204681294096,155598.0,556.0,6632241.0,132402.0,85.09,2.6,-2.0,1390780800.0
2014-01-24,46.0,46.4,43.5,43.75,44.49824144703786,109465.0,864.0,4871000.0,60365.0,55.15,2.9,-2.25,1390521600.0
2014-01-23,47.1,47.75,45.5,45.8,46.17784074536548,104110.0,1003.0,4807575.0,56102.0,53.89,2.25,-1.3,1390435200.0
2014-01-22,45.3,49.7,45.3,47.15,47.86872411729971,255721.0,2358.0,12241038.0,126444.0,49.45,4.4,1.85,1390348800.0
2014-01-21,46.8,46.8,45.25,45.45,45.74099282686664,24536.0,366.0,1122301.0,13731.0,55.96,1.55,-1.35,1390262400.0
2014-01-20,44.6,46.2,44.6,45.5,45.45608315615402,21165.0,302.0,962078.0,10051.0,47.49,1.6,0.9,1390176000.0
2014-01-17,46.3,46.7,44.4,45.15,45.67232367023831,72889.0,816.0,3329010.0,44953.0,61.67,2.3,-1.15,1389916800.0
2014-01-16,46.6,47.25,46.05,46.25,46.54155016217425,44705.0,564.0,2080640.0,20851.0,46.64,1.2,-0.35,1389830400.0
2014-01-15,46.85,47.0,45.8,45.95,46.35180629289136,30892.0,390.0,1431900.0,17648.0,57.13,1.2,-0.9,1389744000.0
2014-01-14,47.2,47.25,46.0,46.45,46.46837536171972,60475.0,555.0,2810175.0,30949.0,51.18,1.25,-0.75,1389657600.0
2014-01-13,46.0,47.4,46.0,46.9,46.85713934543095,203401.0,2045.0,9530789.0,88045.0,43.29,1.4,0.9,1389571200.0
2014-01-10,44.15,47.8,44.0,45.4,47.01400366181591,610626.0,2636.0,28707973.0,463707.0,75.94,3.8,1.25,1389312000.0
2014-01-09,46.0,46.7,44.0,44.35,45.326641724369,107448.0,1063.0,4870257.0,55456.0,51.61,2.7,-1.65,1389225600.0
2014-01-08,44.0,46.5,43.4,45.9,45.0311575174832,257819.0,2590.0,11609888.0,110840.0,42.99,3.1,1.9,1389139200.0
2014-01-07,41.9,43.45,41.9,42.95,42.393218222790665,197028.0,1199.0,8352651.0,143685.0,72.93,1.55,1.05,1389052800.0
2014-01-06,42.5,42.65,41.75,41.9,42.14876628617549,34692.0,312.0,1462225.0,16066.0,46.31,0.9,-0.6,1388966400.0
2014-01-03,41.3,42.35,40.3,41.75,41.08332058711896,176523.0,440.0,7252151.0,156513.0,88.66,2.05,0.45,1388707200.0
2014-01-02,43.0,43.95,40.55,40.8,42.38883703088037,78205.0,947.0,3315019.0,39776.0,50.86,3.4,-2.2,1388620800.0
2014-01-01,42.45,42.85,41.8,42.55,42.35034586573958,55802.0,841.0,2363234.0,41567.0,74.49,1.05,0.1,1388534400.0
2013-12-31,42.35,42.6,41.55,41.75,42.00264146976109,76094.0,771.0,3196149.0,54782.0,71.99,1.05,-0.6,1388448000.0
2013-12-30,40.95,42.3,39.8,42.0,41.204762436937216,125272.0,1114.0,5161803.0,63000.0,50.29,2.5,1.05,1388361600.0
2013-12-27,39.8,40.85,39.5,40.3,40.05408332430834,120037.0,720.0,4807972.0,71148.0,59.27,1.35,0.5,1388102400.0
2013-12-26,38.5,39.9,38.4,39.35,39.33407743540951,27326.0,238.0,1074843.0,17375.0,63.58,1.5,0.85,1388016000.0
2013-12-24,36.5,39.0,36.5,38.75,38.06131933279743,39808.0,421.0,1515145.0,23537.0,59.13,2.5,2.25,1387843200.0
2013-12-23,38.1,38.1,37.0,37.15,37.216787202263966,50884.0,390.0,1893739.0,41187.0,80.94,1.1,-0.95,1387756800.0
2013-12-20,37.5,38.4,37.35,37.95,37.98316083016034,18647.0,310.0,708272.0,10778.0,57.8,1.05,0.45,1387497600.0
2013-12-19,37.25,38.1,37.0,37.5,37.73638534568117,17169.0,188.0,647896.0,12953.0,75.44,1.1,0.25,1387411200.0
2013-12-18,35.9,38.4,35.9,38.15,38.00041177116504,36428.0,255.0,1384279.0,25993.0,71.35,2.5,2.25,1387324800.0
2013-12-17,37.6,38.7,37.0,37.35,37.56895829593729,50139.0,1307.0,1883670.0,25668.0,51.19,1.7,-0.25,1387238400.0
2013-12-16,35.0,38.6,35.0,37.8,37.900051037767945,11756.0,227.0,445553.0,6020.0,51.21,3.6,2.8,1387152000.0
2013-12-13,38.4,39.6,37.9,38.0,38.67259115536682,54632.0,725.0,2112761.0,27252.0,49.88,1.7,-0.4,1386892800.0
2013-12-12,37.9,39.0,36.55,38.4,38.0924110620618,92424.0,2588.0,3520653.0,52865.0,57.2,2.45,0.5,1386806400.0
2013-12-11,36.5,37.95,36.5,37.45,37.38428806407781,55932.0,477.0,2090978.0,38187.0,68.27,1.45,0.95,1386720000.0
2013-12-10,35.7,37.95,35.3,37.1,37.32616199630846,83434.0,974.0,3114271.0,55909.0,67.01,2.65,1.4,1386633600.0
2013-12-09,36.5,36.5,35.3,35.9,35.95719216911487,39689.0,533.0,1427105.0,20647.0,52.02,1.2,-0.6,1386547200.0
2013-12-06,34.3,35.8,34.3,35.35,35.275133582481395,32377.0,427.0,1142103.0,18812.0,58.1,1.5,1.05,1386288000.0
2013-12-05,34.9,36.05,34.45,34.6,35.23423908169671,44604.0,654.0,1571588.0,26784.0,60.05,1.6,-0.3,1386201600.0
2013-12-04,34.9,39.15,34.4,35.05,36.81533911550214,356383.0,3575.0,13120361.0,142182.0,39.9,4.75,0.15,1386115200.0
2013-12-03,33.35,35.4,33.35,34.6,34.854480248510136,75007.0,814.0,2614330.0,43705.0,58.27,2.05,1.25,1386028800.0
2013-12-02,32.4,34.25,32.4,33.95,33.893248647377085,63765.0,562.0,2161203.0,42574.0,66.77,1.85,1.55,1385942400.0
2013-11-29,32.25,33.5,31.6,32.65,32.696483760776445,73772.0,405.0,2412085.0,57392.0,77.8,1.9,0.4,1385683200.0
2013-11-28,32.35,32.35,31.65,31.75,32.035454300350494,14836.0,205.0,475278.0,10115.0,68.18,0.7,-0.6,1385596800.0
2013-11-27,32.0,33.0,31.5,32.4,32.2583435241801,44975.0,466.0,1450819.0,27430.0,60.99,1.5,0.4,1385510400.0
2013-11-26,32.75,32.75,31.0,32.35,32.10060582510553,56617.0,709.0,1817440.0,22014.0,38.88,1.75,-0.4,1385424000.0
2013-11-25,32.5,32.7,31.4,32.2,31.990740158223367,254324.0,1988.0,8136013.0,107168.0,42.14,1.3,-0.3,1385337600.0
2013-11-22,29.1,31.6,28.7,31.1,30.2029167776364,202758.0,1929.0,6123883.0,96543.0,47.61,2.9,2.0,1385078400.0
2013-11-21,27.05,29.1,27.0,28.65,28.26921542022508,37587.0,501.0,1062555.0,23382.0,62.21,2.1,1.6,1384992000.0
2013-11-20,27.7,27.7,26.95,27.05,27.31528973289556,11269.0,91.0,307816.0,8381.0,74.37,0.75,-0.65,1384905600.0
2013-11-19,27.5,27.5,27.3,27.3,27.30701346957733,2153.0,30.0,58792.0,2130.0,98.93,0.2,-0.2,1384819200.0
2013-11-18,28.0,28.0,27.0,27.4,27.344809647670843,21145.0,213.0,578206.0,14795.0,69.97,1.0,-0.6,1384732800.0
2013-11-14,26.95,27.45,26.35,27.1,26.6499461013295,13915.0,148.0,370834.0,9424.0,67.73,1.1,0.15,1384387200.0
2013-11-13,27.0,27.0,26.3,26.35,26.54201446855871,5391.0,36.0,143088.0,4075.0,75.59,0.7,-0.65,1384300800.0
2013-11-12,27.75,27.75,26.6,26.75,26.995481927710845,15272.0,96.0,412275.0,13170.0,86.24,1.15,-1.0,1384214400.0
2013-11-11,27.85,27.85,27.25,27.35,27.41604616530156,5372.0,60.0,147279.0,3435.0,63.94,0.6,-0.5,1384128000.0
2013-11-08,27.55,27.95,27.55,27.85,27.788521522145977,3206.0,64.0,89090.0,2588.0,80.72,0.4,0.3,1383868800.0
2013-11-07,28.1,28.5,27.5,27.6,27.99517329910141,58425.0,295.0,1635618.0,40130.0,68.69,1.0,-0.5,1383782400.0
2013-11-06,28.45,28.7,28.0,28.1,28.369772891131937,11096.0,135.0,314791.0,8656.0,78.01,0.7,-0.35,1383696000.0
2013-11-05,28.0,28.2,27.7,28.1,28.054463515198005,10429.0,112.0,292580.0,9329.0,89.45,0.5,0.1,1383609600.0
2013-11-03,27.45,28.3,27.4,28.05,27.866724792925204,16057.0,124.0,447456.0,10358.0,64.51,0.9,0.6,1383436800.0
2013-11-01,28.0,28.0,27.5,27.6,27.83567480423768,8684.0,85.0,241725.0,6641.0,76.47,0.5,-0.4,1383264000.0
2013-10-31,28.2,28.2,27.35,27.4,27.58906970046083,13888.0,130.0,383157.0,8806.0,63.41,0.85,-0.8,1383177600.0
2013-10-30,28.0,28.35,27.3,27.65,27.93400561654327,23502.0,164.0,656505.0,13649.0,58.08,1.05,-0.35,1383091200.0
2013-10-29,29.7,29.7,27.6,28.0,28.509332711152588,51432.0,533.0,1466292.0,23380.0,45.46,2.1,-1.7,1383004800.0
2013-10-28,29.85,30.3,28.15,28.75,29.1781320815798,49424.0,479.0,1442100.0,27973.0,56.6,2.15,-1.1,1382918400.0
2013-10-25,27.7,28.9,27.5,28.6,28.33893524503467,25527.0,285.0,723408.0,14864.0,58.23,1.4,0.9,1382659200.0
2013-10-24,27.2,28.0,27.2,27.75,27.754877084979825,24041.0,226.0,667255.0,17035.0,70.86,0.8,0.55,1382572800.0
2013-10-23,28.0,28.3,27.1,27.7,27.92826414883513,17899.0,197.0,499888.0,12895.0,72.04,1.2,-0.3,1382486400.0
2013-10-22,28.25,28.45,28.05,28.2,28.196803568110017,5381.0,87.0,151727.0,2806.0,52.15,0.4,-0.05,1382400000.0
2013-10-21,28.35,28.55,27.75,28.2,28.214858917939424,19315.0,198.0,544970.0,10763.0,55.72,0.8,-0.15,1382313600.0
2013-10-18,27.7,28.0,27.5,27.55,27.717972146953176,31738.0,301.0,879713.0,18841.0,59.36,0.5,-0.15,1382054400.0
2013-10-17,28.0,28.25,27.25,27.35,27.496353724157466,28248.0,208.0,776717.0,16554.0,58.6,1.0,-0.65,1381968000.0
2013-10-15,29.4,29.4,27.8,28.0,28.14727148184793,26278.0,213.0,739654.0,18211.0,69.3,1.6,-1.4,1381795200.0
2013-10-14,28.2,29.1,28.0,28.8,28.61814488828707,23632.0,344.0,676304.0,14803.0,62.64,1.1,0.6,1381708800.0
2013-10-11,29.75,30.0,28.55,28.85,29.187985347985347,47775.0,543.0,1394456.0,26298.0,55.05,1.45,-0.9,1381449600.0
2013-10-10,29.7,31.0,29.5,29.75,30.13338443613172,326140.0,2647.0,9827702.0,129711.0,39.77,1.5,0.05,1381363200.0
2013-10-09,26.6,29.5,26.45,28.9,28.19740269653916,104801.0,1266.0,2955116.0,50205.0,47.91,3.05,2.3,1381276800.0
2013-10-08,26.0,28.4,25.75,27.7,27.283572659391155,69640.0,787.0,1900028.0,29909.0,42.95,2.65,1.7,1381190400.0
2013-10-07,25.9,26.1,24.55,26.0,25.56025758969641,15218.0,139.0,388976.0,8393.0,55.15,1.55,0.1,1381104000.0
2013-10-04,26.0,26.0,25.25,25.5,25.71284003342308,10771.0,53.0,276953.0,9120.0,84.67,0.75,-0.5,1380844800.0
2013-10-03,24.5,26.0,24.5,25.5,25.60234817813765,12350.0,47.0,316189.0,11650.0,94.33,1.5,1.0,1380758400.0
2013-10-01,25.35,26.0,25.25,25.75,25.63457267939852,31522.0,160.0,808053.0,21631.0,68.62,0.75,0.4,1380585600.0
2013-09-30,25.1,26.4,25.1,25.55,25.726936130823816,3241.0,32.0,83381.0,2240.0,69.11,1.3,0.45,1380499200.0
2013-09-27,26.4,26.55,25.75,25.85,26.18732768806617,20312.0,88.0,531917.0,18710.0,92.11,0.8,-0.55,1380240000.0
2013-09-26,26.15,27.0,25.6,25.75,26.483972524327417,17470.0,123.0,462675.0,13975.0,79.99,1.4,-0.4,1380153600.0
2013-09-25,28.0,28.0,26.5,26.55,26.971996170416467,12534.0,82.0,338067.0,11027.0,87.98,1.5,-1.45,1380067200.0
2013-09-24,26.15,27.0,26.15,26.8,26.692921236291127,2006.0,47.0,53546.0,1620.0,80.76,0.85,0.65,1379980800.0
2013-09-23,27.0,27.3,25.5,26.55,26.53775291988813,6079.0,85.0,161323.0,4450.0,73.2,1.8,-0.45,1379894400.0
2013-09-20,28.25,28.25,27.15,27.15,27.39527097719188,4779.0,55.0,130922.0,3359.0,70.29,1.1,-1.1,1379635200.0
2013-09-19,29.9,29.9,27.35,27.7,28.318733802295448,27010.0,349.0,764889.0,11975.0,44.34,2.55,-2.2,1379548800.0
2013-09-18,26.0,28.0,25.6,27.15,26.813941875561767,10013.0,132.0,268488.0,7357.0,73.47,2.4,1.15,1379462400.0
2013-09-17,26.25,27.2,26.25,26.5,26.54396186440677,3776.0,45.0,100230.0,3216.0,85.17,0.95,0.25,1379376000.0
2013-09-16,27.5,27.5,26.5,26.55,26.75,4132.0,38.0,110531.0,2186.0,52.9,1.0,-0.95,1379289600.0
2013-09-13,27.0,27.6,27.0,27.15,27.15477966101695,14750.0,151.0,400533.0,12100.0,82.03,0.6,0.15,1379030400.0
2013-09-12,26.9,28.5,26.85,26.95,27.460656474820144,26688.0,442.0,732870.0,21283.0,79.75,1.65,0.05,1378944000.0
2013-09-11,24.35,27.75,24.35,27.5,26.54593656608503,10373.0,92.0,275361.0,3488.0,33.63,3.4,3.15,1378857600.0
2013-09-10,26.85,26.85,26.0,26.65,26.495025380710658,9850.0,80.0,260976.0,8330.0,84.57,0.85,-0.2,1378771200.0
2013-09-06,25.55,26.1,25.4,26.0,25.72494536372152,3203.0,44.0,82397.0,2602.0,81.24,0.7,0.45,1378425600.0
2013-09-05,25.5,27.0,25.35,25.5,26.127859753621223,29548.0,674.0,772026.0,19100.0,64.64,1.65,0.0,1378339200.0
2013-09-04,25.8,25.85,24.5,25.1,24.86681535765493,6277.0,77.0,156089.0,4547.0,72.44,1.35,-0.7,1378252800.0
2013-09-03,25.5,25.9,25.15,25.3,25.45667400440264,4997.0,84.0,127207.0,3283.0,65.7,0.75,-0.2,1378166400.0
2013-09-02,25.15,25.9,24.75,25.55,25.130113278791686,12712.0,474.0,319454.0,9575.0,75.32,1.15,0.4,1378080000.0
2013-08-30,25.75,25.9,25.0,25.3,25.453372650202727,2713.0,57.0,69055.0,1457.0,53.7,0.9,-0.45,1377820800.0
2013-08-29,27.35,27.35,24.65,25.6,25.54327548806941,9220.0,67.0,235509.0,3800.0,41.21,2.7,-1.75,1377734400.0
2013-08-28,26.0,26.7,24.05,24.95,24.966238706609605,29442.0,775.0,735056.0,15805.0,53.68,2.65,-1.05,1377648000.0
2013-08-27,26.9,26.95,26.7,26.75,26.88031088082901,1930.0,31.0,51879.0,1770.0,91.71,0.25,-0.15,1377561600.0
2013-08-26,27.25,27.9,26.75,26.85,27.22970198909889,14127.0,337.0,384674.0,9821.0,69.52,1.15,-0.4,1377475200.0
2013-08-23,28.0,28.0,26.6,26.75,26.97138912691612,21006.0,504.0,566561.0,13427.0,63.92,1.4,-1.25,1377216000.0
2013-08-22,28.0,29.0,27.05,27.35,28.052898256992297,4934.0,373.0,138413.0,2567.0,52.03,1.95,-0.65,1377129600.0
2013-08-21,28.85,30.25,28.7,29.0,29.466394355737098,8079.0,156.0,238059.0,2406.0,29.78,1.55,0.15,1377043200.0
2013-08-20,28.8,30.2,28.5,29.15,29.38398058252428,4120.0,144.0,121062.0,1190.0,28.88,1.7,0.35,1376956800.0
2013-08-19,29.85,31.4,28.5,29.7,29.950356633380885,14020.0,1148.0,419904.0,5435.0,38.77,2.9,-0.15,1376870400.0
2013-08-16,307.0,307.0,291.0,292.75,295.35169906748854,31635.0,1598.0,9343451.0,26701.0,84.4,16.0,-14.25,1376611200.0
2013-08-14,283.0,304.0,282.0,299.9,294.58374950059925,20024.0,1694.0,5898745.0,13867.0,69.25,22.0,16.9,1376438400.0
2013-08-13,281.1,283.55,280.05,281.0,281.4804560260586,3070.0,746.0,864145.0,1790.0,58.31,3.5,-0.1,1376352000.0
2013-08-12,280.0,288.6,279.0,281.55,282.1638977039388,5357.0,1019.0,1511552.0,3305.0,61.69,9.6,1.55,1376265600.0
2013-08-08,255.0,279.0,251.5,277.45,268.29889859475884,2633.0,441.0,706431.0,1506.0,57.2,27.5,22.45,1375920000.0
2013-08-07,246.2,251.8,240.2,248.55,248.1176470588235,1479.0,231.0,366966.0,1069.0,72.28,11.6,2.35,1375833600.0
2013-08-06,250.25,250.25,245.9,247.7,247.61033163265304,1568.0,331.0,388253.0,575.0,36.67,4.35,-2.55,1375747200.0
2013-08-05,253.0,261.8,245.05,251.7,255.56722276741905,4076.0,569.0,1041692.0,2992.0,73.41,16.75,-1.3,1375660800.0
2013-08-02,269.9,269.9,250.0,252.0,253.76704307820995,2391.0,442.0,606757.0,1627.0,68.05,19.9,-17.9,1375401600.0
2013-08-01,279.0,279.0,215.7,260.0,255.4451402805612,3992.0,519.0,1019737.0,2842.0,71.19,63.3,-19.0,1375315200.0
2013-07-31,281.9,281.9,245.5,248.7,254.4886332511641,3651.0,466.0,929138.0,2417.0,66.2,36.4,-33.2,1375228800.0
2013-07-30,268.1,276.0,263.6,265.0,267.12520729684906,1206.0,151.0,322153.0,945.0,78.36,12.4,-3.1,1375142400.0
2013-07-29,272.0,273.5,269.1,269.8,270.6776859504132,1210.0,185.0,327520.0,814.0,67.27,4.4,-2.2,1375056000.0
2013-07-26,280.0,280.0,270.0,270.8,271.94455645161287,3968.0,471.0,1079076.0,3412.0,85.99,10.0,-9.2,1374796800.0
2013-07-25,287.95,288.0,274.0,278.3,278.9071680376028,2553.0,436.0,712050.0,1276.0,49.98,14.0,-9.65,1374710400.0
2013-07-24,285.7,285.7,273.0,274.4,278.7471156844403,6414.0,324.0,1787884.0,5062.0,78.92,12.7,-11.3,1374624000.0
2013-07-23,287.9,287.9,280.0,282.5,281.68503937007875,3302.0,586.0,930124.0,2776.0,84.07,7.9,-5.4,1374537600.0
2013-07-22,285.0,285.0,275.05,280.0,280.11323529411766,680.0,192.0,190477.0,581.0,85.44,9.95,-5.0,1374451200.0
2013-07-19,287.0,290.0,279.65,280.45,282.26859177215186,2528.0,452.0,713575.0,1789.0,70.77,10.35,-6.55,1374192000.0
2013-07-18,289.0,289.0,278.4,284.75,282.82380520266184,6612.0,286.0,1870031.0,5898.0,89.2,10.6,-4.25,1374105600.0
2013-07-17,288.0,288.0,282.95,286.9,285.55211786372007,2715.0,88.0,775274.0,2411.0,88.8,5.05,-1.1,1374019200.0
2013-07-16,284.1,288.65,282.2,282.7,283.5913681173359,16636.0,164.0,4717826.0,16316.0,98.08,6.45,-1.4,1373932800.0
2013-07-15,290.0,295.0,284.8,285.5,287.37510714898,5833.0,309.0,1676259.0,3930.0,67.38,10.2,-4.5,1373846400.0
2013-07-12,293.95,295.0,282.2,285.4,288.29731820526047,3878.0,629.0,1118017.0,2295.0,59.18,12.8,-8.55,1373587200.0
2013-07-11,293.0,296.0,288.7,294.45,292.9616717635066,4905.0,558.0,1436977.0,2372.0,48.36,7.3,1.45,1373500800.0
2013-07-10,291.0,291.0,283.15,286.1,286.79556650246303,3654.0,252.0,1047951.0,2279.0,62.37,7.85,-4.9,1373414400.0
2013-07-09,295.0,298.9,284.0,289.15,288.3275751759437,6252.0,533.0,1802624.0,3639.0,58.21,14.9,-5.85,1373328000.0
2013-07-08,290.95,297.0,288.0,291.0,292.88369262865086,5752.0,355.0,1684667.0,3880.0,67.45,9.0,0.05,1373241600.0
2013-07-05,305.0,305.0,287.05,290.45,294.34389002810053,13167.0,1416.0,3875626.0,7078.0,53.76,17.95,-14.55,1372982400.0
2013-07-04,324.0,324.0,291.05,297.55,308.3086863244025,40086.0,2791.0,12358862.0,14892.0,37.15,32.95,-26.45,1372896000.0
2013-07-03,308.65,308.65,300.75,301.1,303.8745570517364,2822.0,119.0,857534.0,2344.0,83.06,7.9,-7.55,1372809600.0
2013-07-02,296.5,317.65,296.0,307.75,307.200768709021,8846.0,993.0,2717498.0,4526.0,51.16,21.65,11.25,1372723200.0
2013-07-01,294.05,304.85,293.0,297.75,300.8923116089613,3928.0,248.0,1181905.0,2953.0,75.18,11.85,3.7,1372636800.0
2013-06-28,299.95,299.95,287.2,294.8,291.929056924384,2354.0,233.0,687201.0,2066.0,87.77,12.75,-5.15,1372377600.0
2013-06-27,285.0,285.0,283.0,284.9,284.3333333333333,606.0,40.0,172306.0,602.0,99.34,2.0,-0.1,1372291200.0
2013-06-26,300.0,300.0,277.35,278.35,279.2606232294617,353.0,39.0,98579.0,217.0,61.47,22.65,-21.65,1372204800.0
2013-06-25,288.65,288.65,274.95,277.05,278.05144160962453,4821.0,476.0,1340486.0,2145.0,44.49,13.7,-11.6,1372118400.0
2013-06-24,302.5,302.5,288.15,289.5,291.7530597552196,1389.0,66.0,405245.0,1337.0,96.26,14.35,-13.0,1372032000.0
2013-06-21,296.0,303.95,295.0,301.2,301.6671026814912,1529.0,134.0,461249.0,1282.0,83.85,8.95,5.2,1371772800.0
2013-06-20,300.0,302.75,297.35,299.95,300.91595797898947,1999.0,274.0,601531.0,1671.0,83.59,5.4,-0.05,1371686400.0
2013-06-19,300.0,306.95,296.25,300.9,300.3840499816244,2721.0,333.0,817345.0,1711.0,62.88,10.7,0.9,1371600000.0
2013-06-18,295.9,300.0,295.9,298.35,297.66666666666663,354.0,42.0,105374.0,317.0,89.55,4.1,2.45,1371513600.0
2013-06-17,298.95,298.95,294.65,295.95,297.1174603174603,630.0,209.0,187184.0,577.0,91.59,4.3,-3.0,1371427200.0
2013-06-14,292.0,303.9,290.0,295.85,296.59659659659656,1998.0,244.0,592600.0,1237.0,61.91,13.9,3.85,1371168000.0
2013-06-13,289.95,292.6,282.05,283.15,286.4040590405904,1084.0,67.0,310462.0,720.0,66.42,10.55,-6.8,1371081600.0
2013-06-12,299.25,299.25,285.1,289.5,289.17225609756093,656.0,184.0,189697.0,38.0,5.79,14.15,-9.75,1370995200.0
2013-06-11,308.9,308.9,294.1,295.05,300.20193637621026,723.0,25.0,217046.0,670.0,92.67,14.8,-13.85,1370908800.0
2013-06-10,300.0,310.0,300.0,304.65,306.0559296264118,9208.0,147.0,2818163.0,8391.0,91.13,10.0,4.65,1370822400.0
2013-06-07,304.95,307.8,297.0,298.9,301.25484496124034,1032.0,170.0,310895.0,798.0,77.33,10.8,-6.05,1370563200.0
2013-06-06,290.25,301.9,290.0,298.55,295.05797101449275,1449.0,139.0,427539.0,479.0,33.06,11.9,8.3,1370476800.0
2013-06-05,286.5,298.85,285.6,294.3,293.04809384164224,1705.0,113.0,499647.0,1193.0,69.97,13.25,7.8,1370390400.0
2013-06-04,280.35,286.85,280.0,281.2,282.2005141388175,1167.0,139.0,329328.0,487.0,41.73,6.85,0.85,1370304000.0
2013-06-03,275.0,280.0,275.0,278.0,276.97278911564626,441.0,22.0,122145.0,435.0,98.64,5.0,3.0,1370217600.0
2013-05-31,286.75,289.95,271.1,271.6,274.65640307907626,1429.0,96.0,392484.0,1330.0,93.07,18.85,-15.15,1369958400.0
2013-05-30,289.95,290.9,283.0,284.7,288.25181891673407,2474.0,233.0,713135.0,2113.0,85.41,7.9,-5.25,1369872000.0
2013-05-29,304.1,304.1,290.0,291.95,293.2355072463768,276.0,12.0,80933.0,249.0,90.22,14.1,-12.15,1369785600.0
2013-05-28,300.0,307.1,300.0,305.0,304.14864864864865,592.0,109.0,180056.0,480.0,81.08,7.1,5.0,1369699200.0
2013-05-27,300.25,306.0,285.0,297.3,296.23128342245985,5236.0,211.0,1551067.0,3918.0,74.83,21.0,-2.95,1369612800.0
2013-05-24,329.65,329.65,308.0,312.0,316.5747241725176,997.0,56.0,315625.0,468.0,46.94,21.65,-17.65,1369353600.0
2013-05-23,320.0,320.0,296.3,310.4,306.68435131520283,2243.0,321.0,687893.0,1433.0,63.89,23.7,-9.6,1369267200.0
2013-05-22,326.6,330.85,320.0,322.7,325.55445544554453,808.0,66.0,263048.0,569.0,70.42,10.85,-3.9,1369180800.0
2013-05-21,318.1,324.35,318.1,321.0,320.9774011299436,1593.0,25.0,511317.0,1235.0,77.53,6.25,2.9,1369094400.0
2013-05-20,334.95,335.0,319.0,319.8,329.45501551189244,1934.0,57.0,637166.0,1690.0,87.38,16.0,-15.15,1369008000.0
2013-05-17,326.35,345.05,326.35,333.15,338.44392644392644,3861.0,230.0,1306732.0,1758.0,45.53,18.7,6.8,1368748800.0
2013-05-16,302.5,333.95,302.5,328.95,327.1490458999484,19390.0,735.0,6343420.0,10611.0,54.72,31.45,26.45,1368662400.0
2013-05-15,305.0,306.95,302.0,303.95,304.1696124031008,3225.0,43.0,980947.0,1945.0,60.31,4.95,-1.05,1368576000.0
2013-05-14,300.4,307.6,300.35,303.0,304.6720103986135,4616.0,54.0,1406366.0,4412.0,95.58,7.25,2.6,1368489600.0
2013-05-13,304.0,308.0,301.0,301.25,304.936940775458,2347.0,50.0,715687.0,2319.0,98.81,7.0,-2.75,1368403200.0
2013-05-11,299.0,302.0,299.0,300.8,300.43734643734643,407.0,15.0,122278.0,306.0,75.18,3.0,1.8,1368230400.0
2013-05-10,286.0,304.0,286.0,295.75,298.5897852960312,3074.0,84.0,917865.0,2609.0,84.87,18.0,9.75,1368144000.0
2013-05-09,280.0,298.45,275.0,288.85,290.00880829015546,3860.0,133.0,1119434.0,3052.0,79.07,23.45,8.85,1368057600.0
2013-05-08,281.0,281.0,278.5,278.5,279.66666666666663,150.0,3.0,41950.0,100.0,66.67,2.5,-2.5,1367971200.0
2013-05-07,277.05,282.0,277.05,281.4,280.5184275184276,407.0,28.0,114171.0,250.0,61.43,4.95,4.35,1367884800.0
2013-05-06,280.05,284.9,280.0,283.55,282.43669527897,932.0,29.0,263231.0,410.0,43.99,4.9,3.5,1367798400.0
2013-05-03,294.0,294.0,284.15,284.15,285.1153846153846,364.0,53.0,103782.0,340.0,93.41,9.85,-9.85,1367539200.0
2013-05-02,286.0,291.95,286.0,286.4,288.0248962655602,482.0,28.0,138828.0,425.0,88.17,5.95,0.4,1367452800.0
2013-04-30,288.0,292.0,285.3,286.3,288.480528511822,2876.0,62.0,829670.0,604.0,21.0,6.7,-1.7,1367280000.0
2013-04-29,285.0,285.0,284.9,285.0,284.98338870431894,301.0,5.0,85780.0,301.0,100.0,0.1,0.0,1367193600.0
2013-04-26,286.1,288.05,279.25,279.25,284.5092748735244,593.0,15.0,168714.0,129.0,21.75,8.8,-6.85,1366934400.0
2013-04-25,285.2,290.0,285.2,287.05,287.4339111592633,1846.0,89.0,530603.0,1526.0,82.67,4.8,1.85,1366848000.0
2013-04-23,279.0,287.4,279.0,286.9,284.82583170254406,1022.0,104.0,291092.0,441.0,43.15,8.4,7.9,1366675200.0
2013-04-22,279.95,280.0,273.15,275.25,275.3095238095238,798.0,63.0,219697.0,413.0,51.75,6.85,-4.7,1366588800.0
2013-04-18,274.95,276.95,271.6,274.6,273.82954545454544,352.0,42.0,96388.0,224.0,63.64,5.35,-0.35,1366243200.0
2013-04-17,270.15,274.0,270.0,270.45,270.9200913242009,876.0,65.0,237326.0,793.0,90.53,4.0,0.3,1366156800.0
2013-04-16,267.0,273.0,265.0,268.35,268.13036565977745,629.0,77.0,168654.0,452.0,71.86,8.0,1.35,1366070400.0
2013-04-15,266.3,268.65,260.0,268.0,264.88579387186627,359.0,58.0,95094.0,174.0,48.47,8.65,1.7,1365984000.0
2013-04-12,272.55,275.6,265.05,271.35,271.3732227488152,1688.0,471.0,458078.0,1307.0,77.43,10.55,-1.2,1365724800.0
2013-04-11,266.0,271.8,263.5,269.55,267.7988929889299,542.0,40.0,145147.0,500.0,92.25,8.3,3.55,1365638400.0
2013-04-10,264.0,268.75,263.0,263.1,263.0814814814815,135.0,24.0,35516.0,133.0,98.52,5.75,-0.9,1365552000.0
2013-04-09,270.0,271.2,261.0,264.0,265.23,600.0,17.0,159138.0,524.0,87.33,10.2,-6.0,1365465600.0
2013-04-08,270.0,272.5,267.8,270.35,270.12412831241284,717.0,51.0,193679.0,220.0,30.68,4.7,0.35,1365379200.0
2013-04-05,269.85,276.0,265.3,272.8,270.6543859649123,570.0,30.0,154273.0,418.0,73.33,10.7,2.95,1365120000.0
2013-04-04,265.65,270.35,265.0,267.4,267.05502392344494,836.0,207.0,223258.0,649.0,77.63,5.35,1.75,1365033600.0
2013-04-03,279.85,281.45,269.05,272.0,274.7479270315091,603.0,142.0,165673.0,393.0,65.17,12.4,-7.85,1364947200.0
2013-04-02,263.05,273.95,263.0,273.0,270.7941767068273,996.0,80.0,269711.0,577.0,57.93,10.95,9.95,1364860800.0
2013-04-01,260.0,268.0,260.0,266.65,265.0808270676692,532.0,56.0,141023.0,433.0,81.39,8.0,6.65,1364774400.0
2013-03-28,250.0,265.7,249.95,259.55,258.6394557823129,294.0,101.0,76040.0,199.0,67.69,15.75,9.55,1364428800.0
2013-03-26,263.75,268.95,259.0,260.7,261.7423076923077,260.0,115.0,68053.0,222.0,85.38,9.95,-3.05,1364256000.0
2013-03-25,290.0,290.0,267.05,268.2,287.38891086497887,30336.0,1039.0,8718230.0,15907.0,52.44,22.95,-21.8,1364169600.0
2013-03-22,275.25,275.3,267.1,271.8,271.20278260869566,2875.0,95.0,779708.0,2582.0,89.81,8.2,-3.45,1363910400.0
2013-03-21,284.1,296.0,276.0,276.5,282.7813953488372,1935.0,120.0,547182.0,814.0,42.07,20.0,-7.6,1363824000.0
2013-03-20,290.0,320.0,278.0,282.95,296.6329441887402,32807.0,656.0,9731637.0,12614.0,38.45,42.0,-7.05,1363737600.0
2013-03-19,276.15,280.0,274.0,278.45,278.25452109845946,1493.0,38.0,415434.0,1235.0,82.72,6.0,2.3,1363651200.0
2013-03-18,278.75,279.95,276.05,276.8,277.1437659033079,786.0,201.0,217835.0,631.0,80.28,3.9,-1.95,1363564800.0
2013-03-15,283.0,283.0,277.0,277.25,281.3060367454068,3810.0,75.0,1071776.0,3682.0,96.64,6.0,-5.75,1363305600.0
2013-03-14,265.05,285.0,264.0,281.15,280.0574859478794,3914.0,143.0,1096145.0,2341.0,59.81,21.0,16.1,1363219200.0
2013-03-13,276.55,279.0,276.55,277.05,277.315,400.0,22.0,110926.0,325.0,81.25,2.45,0.5,1363132800.0
2013-03-12,284.15,292.0,281.25,281.5,283.8156111929308,3395.0,130.0,963554.0,2760.0,81.3,10.75,-2.65,1363046400.0
2013-03-11,281.3,290.0,281.3,289.5,288.8759791122716,4596.0,112.0,1327674.0,4548.0,98.96,8.7,8.2,1362960000.0
2013-03-08,288.4,291.0,275.0,281.2,282.72257383966246,2844.0,142.0,804063.0,860.0,30.24,16.0,-7.2,1362700800.0
2013-03-07,279.95,283.5,278.05,281.9,281.13422818791946,298.0,44.0,83778.0,280.0,93.96,5.45,1.95,1362614400.0
2013-03-06,271.15,279.95,271.1,279.9,277.70016474464575,607.0,84.0,168564.0,357.0,58.81,8.85,8.75,1362528000.0
2013-03-05,270.0,278.9,266.9,270.05,269.7928452579035,1202.0,119.0,324291.0,1069.0,88.94,12.0,0.05,1362441600.0
2013-03-04,275.05,278.8,222.1,257.35,258.8702987697715,2845.0,264.0,736486.0,1780.0,62.57,56.7,-17.7,1362355200.0
2013-03-01,287.9,287.9,275.1,275.95,277.7152317880795,604.0,97.0,167740.0,488.0,80.79,12.8,-11.95,1362096000.0
2013-02-28,289.95,290.0,277.5,279.65,280.1901234567901,405.0,38.0,113477.0,365.0,90.12,12.5,-10.3,1362009600.0
2013-02-27,284.0,286.95,276.25,279.95,281.5710616438356,1168.0,221.0,328875.0,860.0,73.63,10.7,-4.05,1361923200.0
2013-02-26,285.15,287.55,283.0,284.8,284.0011441647597,1748.0,104.0,496434.0,988.0,56.52,4.55,-0.35,1361836800.0
2013-02-25,300.0,302.0,291.8,294.15,297.12721238938053,1808.0,139.0,537206.0,1175.0,64.99,10.2,-5.85,1361750400.0
2013-02-22,296.0,309.0,296.0,300.45,302.49948229447085,9658.0,418.0,2921540.0,2604.0,26.96,13.0,4.45,1361491200.0
2013-02-21,301.0,304.0,294.65,295.7,299.461953435548,3522.0,296.0,1054705.0,2181.0,61.93,9.35,-5.3,1361404800.0
2013-02-20,303.0,303.0,297.0,297.7,299.2301538461538,1625.0,53.0,486249.0,1301.0,80.06,6.0,-5.3,1361318400.0
2013-02-19,290.0,303.0,290.0,295.55,297.444417238002,4084.0,251.0,1214763.0,1640.0,40.16,13.0,5.55,1361232000.0
2013-02-18,280.0,290.0,280.0,287.2,286.6895833333333,480.0,67.0,137611.0,435.0,90.62,10.0,7.2,1361145600.0
2013-02-15,286.85,286.85,276.0,279.2,277.55172413793105,319.0,29.0,88539.0,270.0,84.64,10.85,-7.65,1360886400.0
2013-02-14,292.25,292.25,278.0,280.05,284.2558635394456,1407.0,137.0,399948.0,1044.0,74.2,14.25,-12.2,1360800000.0
2013-02-13,296.1,296.95,285.6,287.25,291.11330645161286,2480.0,128.0,721961.0,2074.0,83.63,11.35,-8.85,1360713600.0
2013-02-12,300.0,301.0,290.35,293.55,294.44368013757526,1163.0,277.0,342438.0,773.0,66.47,10.65,-6.45,1360627200.0
2013-02-11,300.0,307.8,295.4,298.25,303.8767567567568,925.0,130.0,281086.0,606.0,65.51,12.4,-1.75,1360540800.0
2013-02-08,311.0,316.5,301.5,303.8,307.089628681178,2343.0,153.0,719511.0,1257.0,53.65,15.0,-7.2,1360281600.0
2013-02-07,323.95,324.05,313.7,316.0,320.4712308812818,2746.0,120.0,880014.0,1985.0,72.29,10.35,-7.95,1360195200.0
2013-02-06,342.0,349.0,328.0,329.45,332.8750507923608,4922.0,136.0,1638411.0,3964.0,80.54,21.0,-12.55,1360108800.0
2013-02-05,334.5,337.9,322.0,335.1,330.78444189053295,13922.0,402.0,4605181.0,6181.0,44.4,15.9,0.6,1360022400.0
2013-02-04,325.95,336.1,325.95,328.4,333.34139110604326,4385.0,102.0,1461702.0,3170.0,72.29,10.15,2.45,1359936000.0
2013-02-01,329.95,334.0,325.0,325.9,329.4882075471698,424.0,52.0,139703.0,276.0,65.09,9.0,-4.05,1359676800.0
2013-01-31,324.0,330.0,322.5,328.2,326.63888888888886,3276.0,94.0,1070069.0,1898.0,57.94,7.5,4.2,1359590400.0
2013-01-30,310.7,328.0,310.7,322.1,318.2434250764526,1635.0,70.0,520328.0,1489.0,91.07,17.3,11.4,1359504000.0
2013-01-29,311.0,315.85,308.8,309.55,311.932944606414,4116.0,167.0,1283916.0,2895.0,70.34,7.05,-1.45,1359417600.0
2013-01-28,310.0,316.45,310.0,311.0,311.55648,3125.0,121.0,973614.0,2541.0,81.31,6.45,1.0,1359331200.0
2013-01-25,310.0,312.0,303.25,309.75,310.0293637846656,613.0,66.0,190048.0,463.0,75.53,8.75,-0.25,1359072000.0
2013-01-24,309.7,312.0,309.0,309.0,309.6486796785304,871.0,44.0,269704.0,848.0,97.36,3.0,-0.7,1358985600.0
2013-01-23,319.95,319.95,309.7,310.3,311.160848733744,1461.0,112.0,454606.0,1146.0,78.44,10.25,-9.65,1358899200.0
2013-01-22,319.0,321.0,315.6,316.05,317.5367647058824,136.0,20.0,43185.0,129.0,94.85,5.4,-2.95,1358812800.0
2013-01-21,313.0,324.75,313.0,320.15,321.4394409937888,644.0,40.0,207007.0,408.0,63.35,11.75,7.15,1358726400.0
2013-01-18,321.0,322.5,318.5,321.1,320.59609609609606,666.0,37.0,213517.0,489.0,73.42,4.0,0.1,1358467200.0
2013-01-17,324.85,326.6,318.0,320.6,321.6627450980392,510.0,52.0,164048.0,341.0,66.86,8.6,-4.25,1358380800.0
2013-01-16,325.0,326.35,322.8,323.7,325.0414110429448,652.0,137.0,211927.0,433.0,66.41,3.55,-1.3,1358294400.0
2013-01-15,327.9,328.0,321.6,324.3,324.490297542044,773.0,79.0,250831.0,686.0,88.75,6.4,-3.6,1358208000.0
2013-01-14,325.0,326.5,317.1,320.8,321.663734115347,2046.0,54.0,658124.0,1813.0,88.61,9.4,-4.2,1358121600.0
2013-01-11,332.95,333.0,317.05,320.35,323.4872146118721,2190.0,264.0,708437.0,1796.0,82.01,15.95,-12.6,1357862400.0
2013-01-10,333.0,337.0,275.1,320.9,327.34166666666664,3720.0,266.0,1217711.0,2934.0,78.87,61.9,-12.1,1357776000.0
2013-01-09,330.8,339.95,329.0,335.7,336.1175824175824,1820.0,170.0,611734.0,1358.0,74.62,10.95,4.9,1357689600.0
2013-01-08,330.05,336.5,329.0,333.4,333.168,1625.0,159.0,541398.0,996.0,61.29,7.5,3.35,1357603200.0
2013-01-07,333.0,334.35,328.35,330.35,331.8084415584416,924.0,57.0,306591.0,670.0,72.51,6.0,-2.65,1357516800.0
2013-01-04,333.0,333.0,326.7,328.45,328.5660606060606,2475.0,111.0,813201.0,1788.0,72.24,6.3,-4.55,1357257600.0
2013-01-03,341.9,341.9,330.0,332.55,336.02652017427545,5279.0,218.0,1773884.0,3345.0,63.36,11.9,-9.35,1357171200.0
2013-01-02,330.7,344.4,328.75,338.25,338.2255760564578,23522.0,1016.0,7955742.0,7348.0,31.24,15.65,7.55,1357084800.0
2013-01-01,325.3,330.95,325.3,329.0,326.16866473749485,2419.0,41.0,789002.0,2145.0,88.67,5.65,3.7,1356998400.0
2012-12-31,323.9,332.8,311.35,325.5,324.3623551518948,3193.0,142.0,1035689.0,2155.0,67.49,21.45,1.6,1356912000.0
2012-12-28,329.25,330.0,320.0,321.85,324.4067796610169,2124.0,275.0,689040.0,1877.0,88.37,10.0,-7.4,1356652800.0
2012-12-27,333.0,333.0,323.35,325.4,328.50645624103294,697.0,112.0,228969.0,474.0,68.01,9.65,-7.6,1356566400.0
2012-12-26,325.0,332.5,325.0,331.75,330.70363288718926,1046.0,73.0,345916.0,931.0,89.01,7.5,6.75,1356480000.0
2012-12-24,325.0,325.9,322.8,325.6,324.2416666666666,480.0,21.0,155636.0,471.0,98.12,3.1,0.6,1356307200.0
2012-12-21,336.7,336.7,322.0,323.3,325.1182396606575,1886.0,251.0,613173.0,820.0,43.48,14.7,-13.4,1356048000.0
2012-12-20,343.0,344.0,335.0,335.05,339.7175977653631,3580.0,100.0,1216189.0,3026.0,84.53,9.0,-7.95,1355961600.0
2012-12-19,325.0,334.0,325.0,333.05,329.8175885136237,6129.0,469.0,2021452.0,3503.0,57.15,9.0,8.05,1355875200.0
2012-12-18,324.0,325.0,320.0,323.5,322.23652694610774,1002.0,208.0,322881.0,673.0,67.17,5.0,-0.5,1355788800.0
2012-12-17,320.5,327.0,320.5,325.4,323.9157157157157,4995.0,540.0,1617959.0,3138.0,62.82,6.5,4.9,1355702400.0
2012-12-14,320.05,324.0,316.05,318.65,319.46494907130017,1669.0,62.0,533187.0,1508.0,90.35,7.95,-1.4,1355443200.0
2012-12-13,320.0,330.0,319.05,320.2,322.22130177514794,845.0,137.0,272277.0,565.0,66.86,10.95,0.2,1355356800.0
2012-12-12,325.05,325.1,318.0,318.15,321.1881754609028,1573.0,209.0,505229.0,1411.0,89.7,7.1,-6.9,1355270400.0
2012-12-11,330.0,330.0,322.5,322.9,327.01028446389495,4570.0,407.0,1494437.0,3891.0,85.14,7.5,-7.1,1355184000.0
2012-12-10,337.0,337.0,327.95,330.6,333.0392156862745,1479.0,85.0,492565.0,1292.0,87.36,9.05,-6.4,1355097600.0
2012-12-07,338.35,338.85,331.05,334.5,335.9112863479546,6087.0,1068.0,2044692.0,4502.0,73.96,7.8,-3.85,1354838400.0
2012-12-06,343.7,348.0,335.5,337.65,341.6368695652173,2875.0,280.0,982206.0,1512.0,52.59,12.5,-6.05,1354752000.0
2012-12-05,335.95,337.95,335.0,336.45,336.50284531815834,1933.0,79.0,650460.0,1396.0,72.22,2.95,0.5,1354665600.0
2012-12-04,337.0,341.0,333.3,336.05,337.5072727272727,1100.0,110.0,371258.0,972.0,88.36,7.7,-0.95,1354579200.0
2012-12-03,337.65,344.45,335.0,336.2,339.55361397934865,2518.0,145.0,854996.0,1859.0,73.83,9.45,-1.45,1354492800.0
2012-11-30,333.85,340.0,324.05,334.65,332.9497362190005,24073.0,1569.0,8015099.0,20481.0,85.08,15.95,0.8,1354233600.0
2012-11-29,321.0,331.25,319.0,329.6,328.31047286229114,9157.0,560.0,3006339.0,5303.0,57.91,12.25,8.6,1354147200.0
2012-11-27,322.95,327.0,318.0,320.35,322.3748698368622,2881.0,173.0,928762.0,1917.0,66.54,9.0,-2.6,1353974400.0
2012-11-26,319.85,327.0,317.55,318.9,320.7359223300971,2060.0,330.0,660716.0,1038.0,50.39,9.45,-0.95,1353888000.0
2012-11-23,325.95,325.95,316.15,317.45,320.62420595118687,2991.0,174.0,958987.0,1738.0,58.11,9.8,-8.5,1353628800.0
2012-11-22,323.45,329.7,319.0,323.4,323.77598481252966,2107.0,219.0,682196.0,1242.0,58.95,10.7,-0.05,1353542400.0
2012-11-21,328.05,334.8,321.4,324.85,328.3087983115684,15162.0,589.0,4977818.0,4378.0,28.87,13.4,-3.2,1353456000.0
2012-11-20,329.95,332.8,318.0,327.95,325.6879317947964,6803.0,374.0,2215655.0,3229.0,47.46,14.8,-2.0,1353369600.0
2012-11-19,333.0,334.9,317.0,324.55,328.6592304543594,9772.0,691.0,3211658.0,3613.0,36.97,17.9,-8.45,1353283200.0
2012-11-16,362.5,369.35,327.9,334.65,354.89305172941533,65340.0,3215.0,23188712.0,15416.0,23.59,41.45,-27.85,1353024000.0
2012-11-15,315.4,371.0,315.0,358.5,346.8504972219273,113028.0,5729.0,39203818.0,13879.0,12.28,56.0,43.1,1352937600.0
2012-11-13,316.75,317.5,313.1,316.65,316.6138415245737,997.0,59.0,315664.0,887.0,88.97,4.4,-0.1,1352764800.0
2012-11-12,306.0,314.95,306.0,314.5,313.2294654498044,3068.0,69.0,960988.0,2806.0,91.46,8.95,8.5,1352678400.0
2012-11-09,320.5,320.5,305.0,307.2,309.23954802259885,2655.0,170.0,821031.0,1957.0,73.71,15.5,-13.3,1352419200.0
2012-11-08,304.95,325.0,304.95,320.55,317.05474160895045,7508.0,560.0,2380447.0,3649.0,48.6,20.05,15.6,1352332800.0
2012-11-07,296.6,308.7,294.1,306.95,299.1900584795322,342.0,39.0,102323.0,267.0,78.07,14.6,10.35,1352246400.0
2012-11-06,290.45,303.0,290.0,298.05,293.4245236932096,2047.0,280.0,600640.0,997.0,48.71,13.0,7.6,1352160000.0
2012-11-05,295.2,296.0,290.05,294.5,294.31846769582614,1749.0,393.0,514763.0,1248.0,71.36,5.95,-0.7,1352073600.0
2012-11-02,296.5,300.3,294.6,295.95,296.1092989985694,3495.0,38.0,1034902.0,3389.0,96.97,5.7,-0.55,1351814400.0
2012-11-01,294.75,299.95,294.7,296.5,297.1798245614035,456.0,33.0,135514.0,303.0,66.45,5.25,1.75,1351728000.0
2012-10-31,295.0,295.0,294.2,294.5,294.36893203883494,412.0,10.0,121280.0,410.0,99.51,0.8,-0.5,1351641600.0
2012-10-30,300.0,304.05,295.0,296.65,297.1451990632318,1708.0,79.0,507524.0,1536.0,89.93,9.05,-3.35,1351555200.0
2012-10-29,299.0,305.9,297.0,298.9,300.6029911624745,2942.0,69.0,884374.0,2725.0,92.62,8.9,-0.1,1351468800.0
2012-10-26,312.0,312.0,295.05,297.7,296.7961194029851,3350.0,51.0,994267.0,2657.0,79.31,16.95,-14.3,1351209600.0
2012-10-25,304.95,304.95,295.35,300.2,302.6939325842697,2225.0,153.0,673494.0,1554.0,69.84,9.6,-4.75,1351123200.0
2012-10-23,294.0,308.0,294.0,299.85,301.1282327586207,1856.0,545.0,558894.0,1044.0,56.25,14.0,5.85,1350950400.0
2012-10-22,295.0,296.8,290.05,291.65,293.1962774957699,591.0,62.0,173279.0,507.0,85.79,6.75,-3.35,1350864000.0
2012-10-19,293.05,297.0,290.0,292.8,290.86290610496246,2801.0,64.0,814707.0,2600.0,92.82,7.0,-0.25,1350604800.0
2012-10-18,294.0,299.0,293.0,293.9,294.2499068901304,2685.0,70.0,790061.0,2182.0,81.27,6.0,-0.1,1350518400.0
2012-10-17,300.05,301.55,292.3,293.95,295.65490584737364,5045.0,108.0,1491579.0,4645.0,92.07,9.25,-6.1,1350432000.0
2012-10-16,307.0,308.7,297.0,297.45,301.7614614847568,4297.0,125.0,1296669.0,3350.0,77.96,11.7,-9.55,1350345600.0
2012-10-15,313.95,313.95,306.5,306.8,308.5875564475665,1993.0,90.0,615015.0,1407.0,70.6,7.45,-7.15,1350259200.0
2012-10-12,310.05,318.0,306.0,307.75,311.7489337503554,7034.0,161.0,2192842.0,6432.0,91.44,12.0,-2.3,1350000000.0
2012-10-11,298.95,312.0,297.55,310.4,304.17122040072854,1647.0,111.0,500970.0,1403.0,85.19,14.45,11.45,1349913600.0
2012-10-10,303.05,306.5,301.5,302.95,303.3048245614035,1368.0,67.0,414921.0,941.0,68.79,5.0,-0.1,1349827200.0
2012-10-09,309.0,311.0,305.0,306.6,306.7348837209302,2365.0,195.0,725428.0,1281.0,54.16,6.0,-2.4,1349740800.0
2012-10-08,310.0,316.5,306.3,308.3,311.6928246260568,4613.0,694.0,1437839.0,2839.0,61.54,10.2,-1.7,1349654400.0
2012-10-05,310.0,313.65,303.5,309.95,309.1297675125361,6581.0,226.0,2034383.0,2816.0,42.79,10.15,-0.05,1349395200.0
2012-10-04,314.7,315.5,303.0,303.15,305.01680769009386,17373.0,230.0,5299057.0,15510.0,89.28,12.5,-11.55,1349308800.0
2012-10-03,298.85,317.0,297.0,309.95,309.11857331694534,43121.0,1058.0,13329502.0,16019.0,37.15,20.0,11.1,1349222400.0
2012-10-01,288.8,298.25,287.0,293.05,292.327868852459,8113.0,239.0,2371656.0,5735.0,70.69,11.25,4.25,1349049600.0
2012-09-28,285.35,287.0,283.5,285.0,284.8912460375518,4101.0,130.0,1168339.0,3085.0,75.23,3.5,-0.35,1348790400.0
2012-09-27,274.9,288.5,274.05,282.5,282.1761669658887,8912.0,583.0,2514754.0,4947.0,55.51,14.45,7.6,1348704000.0
2012-09-26,269.5,274.9,268.0,272.7,270.4474802671524,1647.0,352.0,445427.0,1322.0,80.27,6.9,3.2,1348617600.0
2012-09-25,263.05,269.0,263.05,266.45,266.2855329949238,1576.0,180.0,419666.0,1417.0,89.91,5.95,3.4,1348531200.0
2012-09-24,262.25,266.0,258.95,263.5,262.40932117527865,987.0,52.0,258998.0,707.0,71.63,7.05,1.25,1348444800.0
2012-09-21,262.0,264.0,260.85,261.65,262.4670967741936,3100.0,183.0,813648.0,2228.0,71.87,3.15,-0.35,1348185600.0
2012-09-20,253.0,261.7,253.0,259.45,256.5151515151515,231.0,64.0,59255.0,160.0,69.26,8.7,6.45,1348099200.0
2012-09-18,261.5,265.0,259.05,259.15,262.30650406504066,1230.0,72.0,322637.0,588.0,47.8,5.95,-2.35,1347926400.0
2012-09-17,268.0,270.0,263.0,263.6,265.57411424439624,1383.0,41.0,367289.0,959.0,69.34,7.0,-4.4,1347840000.0
2012-09-14,270.0,271.0,265.0,268.2,266.2705778475424,10193.0,207.0,2714096.0,9349.0,91.72,6.0,-1.8,1347580800.0
2012-09-13,267.85,270.0,264.5,266.35,266.2917616411592,3071.0,55.0,817782.0,2701.0,87.95,5.5,-1.5,1347494400.0
2012-09-12,268.85,270.0,259.95,262.95,262.71963001027746,4865.0,306.0,1278131.0,3002.0,61.71,10.05,-5.9,1347408000.0
2012-09-11,263.0,267.5,262.0,262.2,266.2067510548523,948.0,125.0,252364.0,751.0,79.22,5.5,-0.8,1347321600.0
2012-09-10,252.0,264.95,251.3,263.4,261.0577419354839,3100.0,101.0,809279.0,1451.0,46.81,13.65,11.4,1347235200.0
2012-09-08,251.25,256.9,251.25,254.4,253.6835616438356,730.0,10.0,185189.0,100.0,13.7,5.65,3.15,1347062400.0
2012-09-07,258.0,258.85,251.05,252.6,253.81049562682213,686.0,63.0,174114.0,177.0,25.8,7.8,-5.4,1346976000.0
2012-09-06,251.0,254.6,251.0,254.0,252.67271505376343,1488.0,56.0,375977.0,1098.0,73.79,3.6,3.0,1346889600.0
2012-09-05,259.65,259.65,248.0,250.7,252.71,400.0,13.0,101084.0,300.0,75.0,11.65,-8.95,1346803200.0
2012-09-04,256.1,261.0,256.0,256.0,258.35616438356163,657.0,76.0,169740.0,451.0,68.65,5.0,-0.1,1346716800.0
2012-09-03,257.5,259.75,255.05,256.2,255.86407766990288,206.0,23.0,52708.0,195.0,94.66,4.7,-1.3,1346630400.0
2012-08-31,261.1,261.1,255.45,259.05,259.0447154471545,246.0,38.0,63725.0,176.0,71.54,5.65,-2.05,1346371200.0
2012-08-30,255.45,260.1,251.7,255.95,255.60461416070007,1257.0,137.0,321295.0,914.0,72.71,8.4,0.5,1346284800.0
2012-08-29,255.0,258.95,252.6,253.7,255.3670588235294,850.0,239.0,217062.0,548.0,64.47,6.35,-1.3,1346198400.0
2012-08-28,258.0,260.95,249.15,253.05,254.02111024237684,1279.0,189.0,324893.0,724.0,56.61,11.8,-4.95,1346112000.0
2012-08-27,269.9,275.0,257.0,260.8,269.5518331226296,3164.0,590.0,852862.0,1557.0,49.21,18.0,-9.1,1346025600.0
2012-08-24,265.0,270.0,263.05,265.1,268.4046208530806,1688.0,110.0,453067.0,1293.0,76.6,6.95,0.1,1345766400.0
2012-08-23,255.1,274.9,255.1,266.25,266.7744522691706,10224.0,802.0,2727502.0,4158.0,40.67,19.8,11.15,1345680000.0
2012-08-22,245.0,260.0,245.0,258.7,255.26334044823903,3748.0,350.0,956727.0,2264.0,60.41,15.0,13.7,1345593600.0
2012-08-21,253.95,253.95,244.75,246.85,246.34265734265733,858.0,153.0,211362.0,748.0,87.18,9.2,-7.1,1345507200.0
2012-08-17,245.0,248.4,240.0,240.55,243.89019817889664,3734.0,264.0,910686.0,1939.0,51.93,8.4,-4.45,1345161600.0
2012-08-16,241.0,249.65,241.0,244.15,244.68395733110228,4781.0,261.0,1169834.0,3609.0,75.49,8.65,3.15,1345075200.0
2012-08-14,247.05,250.9,241.0,243.0,247.0302445302445,1554.0,161.0,383885.0,1229.0,79.09,9.9,-4.05,1344902400.0
2012-08-13,267.4,269.9,243.0,247.0,250.7909349553615,10193.0,615.0,2556312.0,6514.0,63.91,26.9,-20.4,1344816000.0
2012-08-10,260.0,266.75,259.5,264.5,261.52408193393615,5419.0,181.0,1417199.0,4525.0,83.5,7.25,4.5,1344556800.0
2012-08-09,266.0,266.7,261.2,261.95,263.53251028806585,1215.0,99.0,320192.0,950.0,78.19,5.5,-4.05,1344470400.0
2012-08-08,266.4,268.65,264.0,265.55,266.29774252593046,1639.0,114.0,436462.0,1086.0,66.26,4.65,-0.85,1344384000.0
2012-08-07,257.75,266.0,257.75,263.3,264.62467745718976,4263.0,338.0,1128095.0,1679.0,39.39,8.25,5.55,1344297600.0
2012-08-06,259.0,259.0,255.25,256.3,257.6840432294978,1573.0,217.0,405337.0,1373.0,87.29,3.75,-2.7,1344211200.0
2012-08-03,252.95,254.95,248.2,250.35,250.6040832666133,2498.0,392.0,626009.0,1155.0,46.24,6.75,-2.6,1343952000.0
2012-08-02,255.0,259.25,246.95,254.9,255.07126436781607,870.0,448.0,221912.0,465.0,53.45,12.3,-0.1,1343865600.0
2012-08-01,255.5,256.0,251.0,252.1,253.88581314878888,289.0,73.0,73373.0,192.0,66.44,5.0,-3.4,1343779200.0
2012-07-31,257.4,258.0,251.65,253.65,254.47494553376904,459.0,235.0,116804.0,201.0,43.79,6.35,-3.75,1343692800.0
2012-07-30,250.0,258.0,250.0,255.15,251.80769230769232,2028.0,82.0,510666.0,1489.0,73.42,8.0,5.15,1343606400.0
2012-07-27,254.0,254.85,241.0,244.8,249.01328535842788,3613.0,179.0,899685.0,2531.0,70.05,13.85,-9.2,1343347200.0
2012-07-26,262.0,263.0,250.1,251.2,257.52091603053435,3275.0,390.0,843381.0,1684.0,51.42,12.9,-10.8,1343260800.0
2012-07-25,260.0,260.0,252.5,258.4,257.13110938712174,2578.0,133.0,662884.0,1681.0,65.21,7.5,-1.6,1343174400.0
2012-07-24,258.5,261.0,257.0,259.25,258.6763358778626,655.0,49.0,169433.0,530.0,80.92,4.0,0.75,1343088000.0
2012-07-23,254.0,259.4,253.05,257.55,256.5841035120148,541.0,121.0,138812.0,297.0,54.9,6.35,3.55,1343001600.0
2012-07-20,261.25,261.25,254.5,254.75,255.81827842720512,1882.0,83.0,481450.0,1499.0,79.65,6.75,-6.5,1342742400.0
2012-07-19,260.95,262.0,255.1,256.9,259.4156453715776,3835.0,207.0,994859.0,2020.0,52.67,6.9,-4.05,1342656000.0
2012-07-18,255.0,263.9,255.0,257.3,259.33177881412394,3002.0,235.0,778514.0,1590.0,52.96,8.9,2.3,1342569600.0
2012-07-17,255.0,263.4,250.2,252.6,254.8372093023256,1634.0,200.0,416404.0,763.0,46.7,13.2,-2.4,1342483200.0
2012-07-16,258.05,259.65,251.0,252.55,255.48522550544325,1286.0,188.0,328554.0,668.0,51.94,8.65,-5.5,1342396800.0
2012-07-13,264.55,264.55,255.0,256.3,257.575783234547,1181.0,89.0,304197.0,582.0,49.28,9.55,-8.25,1342137600.0
2012-07-12,260.0,261.0,254.3,254.9,258.01050304035374,3618.0,580.0,933482.0,3085.0,85.27,6.7,-5.1,1342051200.0
2012-07-11,268.65,268.65,260.2,261.05,265.35949895615863,2395.0,37.0,635536.0,2230.0,93.11,8.45,-7.6,1341964800.0
2012-07-10,263.4,270.0,260.3,264.7,264.6216216216216,5402.0,507.0,1429486.0,3026.0,56.02,9.7,1.3,1341878400.0
2012-07-09,274.7,274.7,253.0,259.95,261.58789124249125,6326.0,1022.0,1654805.0,3318.0,52.45,21.7,-14.75,1341792000.0
2012-07-06,271.0,271.0,256.0,257.75,263.8404736275565,4645.0,435.0,1225539.0,3229.0,69.52,15.0,-13.25,1341532800.0
2012-07-05,264.5,276.95,264.5,269.8,270.9377792487175,18129.0,888.0,4911831.0,8242.0,45.46,12.45,5.3,1341446400.0
2012-07-04,248.0,263.0,241.0,258.6,256.8685556207561,11929.0,1372.0,3064185.0,6408.0,53.72,22.0,10.6,1341360000.0
2012-07-03,239.45,248.9,239.0,245.0,243.161370857921,4406.0,198.0,1071369.0,2781.0,63.12,9.9,5.55,1341273600.0
2012-07-02,235.0,239.15,233.25,237.15,237.0132686909926,3919.0,144.0,928855.0,2483.0,63.36,5.9,2.15,1341187200.0
2012-06-29,233.5,234.0,230.65,232.9,232.60744115413817,1317.0,97.0,306344.0,1280.0,97.19,3.35,-0.6,1340928000.0
2012-06-28,231.0,232.4,227.55,229.1,229.40028901734104,692.0,106.0,158745.0,542.0,78.32,4.85,-1.9,1340841600.0
2012-06-27,232.7,234.4,227.0,227.65,229.0,2690.0,188.0,616010.0,1909.0,70.97,7.4,-5.05,1340755200.0
2012-06-26,227.9,233.5,227.6,230.1,230.478125,640.0,51.0,147506.0,558.0,87.19,5.9,2.2,1340668800.0
2012-06-25,240.0,240.0,227.25,230.7,233.6175,7200.0,542.0,1682046.0,4289.0,59.57,12.75,-9.3,1340582400.0
2012-06-22,239.95,247.0,236.5,238.2,241.84270152505448,6885.0,388.0,1665087.0,4332.0,62.92,10.5,-1.75,1340323200.0
2012-06-21,230.0,243.55,230.0,241.4,239.22954562191617,13579.0,548.0,3248498.0,7374.0,54.3,13.55,11.4,1340236800.0
2012-06-20,221.45,232.5,221.0,228.45,228.68231721560383,4281.0,351.0,978989.0,1685.0,39.36,11.5,7.0,1340150400.0
2012-06-19,223.7,225.0,217.55,221.4,220.66073194856577,1011.0,127.0,223088.0,380.0,37.59,7.45,-2.3,1340064000.0
2012-06-18,232.5,232.5,216.2,219.55,224.41328236980408,2093.0,175.0,469697.0,1422.0,67.94,16.3,-12.95,1339977600.0
2012-06-15,228.0,229.0,223.05,223.5,226.26892430278883,2510.0,141.0,567935.0,1960.0,78.09,5.95,-4.5,1339718400.0
2012-06-14,226.9,235.0,223.4,225.3,227.52121922626023,4265.0,322.0,970378.0,1909.0,44.76,11.6,-1.6,1339632000.0
2012-06-13,225.0,226.0,220.0,223.75,224.29637060003648,5483.0,551.0,1229817.0,3213.0,58.6,6.0,-1.25,1339545600.0
2012-06-12,200.0,225.55,200.0,222.8,219.1176470588235,9367.0,429.0,2052475.0,4405.0,47.03,25.55,22.8,1339459200.0
2012-06-11,215.2,218.0,214.0,215.5,215.9427265393923,7438.0,609.0,1606182.0,2989.0,40.19,4.0,0.3,1339372800.0
2012-06-08,200.9,217.0,200.7,212.95,209.70565523506696,22015.0,1193.0,4616670.0,7350.0,33.39,16.3,12.05,1339113600.0
2012-06-07,200.85,203.5,200.85,201.8,201.50531376518217,3952.0,171.0,796349.0,3442.0,87.1,2.65,0.95,1339027200.0
2012-06-06,200.0,203.0,199.5,200.6,201.38643752902928,2153.0,117.0,433585.0,1601.0,74.36,3.5,0.6,1338940800.0
2012-06-05,195.05,203.0,195.0,196.1,198.1522681305981,3461.0,208.0,685805.0,1664.0,48.08,8.0,1.05,1338854400.0
2012-06-04,195.0,197.1,195.0,196.05,195.3244680851064,1692.0,43.0,330489.0,1346.0,79.55,2.1,1.05,1338768000.0
2012-06-01,198.65,198.95,195.0,195.0,195.86637112096264,1579.0,122.0,309273.0,1359.0,86.07,3.95,-3.65,1338508800.0
2012-05-31,197.5,198.95,195.0,195.15,195.40278619018773,1651.0,41.0,322610.0,1273.0,77.1,3.95,-2.35,1338422400.0
2012-05-30,195.05,204.0,195.05,196.9,200.7918175720993,14910.0,955.0,2993806.0,7315.0,49.06,8.95,1.85,1338336000.0
2012-05-29,191.6,198.35,191.3,196.55,195.2815959409594,4336.0,58.0,846741.0,3976.0,91.7,7.05,4.95,1338249600.0
2012-05-28,187.0,198.95,187.0,194.95,195.4907370910524,7611.0,378.0,1487880.0,3187.0,41.87,11.95,7.95,1338163200.0
2012-05-25,185.0,187.85,180.0,186.8,185.7847328244275,2620.0,216.0,486756.0,1385.0,52.86,7.85,1.8,1337904000.0
2012-05-24,180.8,184.35,180.8,183.65,183.0523690773068,401.0,21.0,73404.0,248.0,61.85,3.55,2.85,1337817600.0
2012-05-23,180.0,181.0,179.0,180.2,179.49838187702264,618.0,21.0,110930.0,477.0,77.18,2.0,0.2,1337731200.0
2012-05-22,178.05,184.4,178.05,179.75,181.5191011235956,890.0,22.0,161552.0,853.0,95.84,6.35,1.7,1337644800.0
2012-05-21,181.15,181.5,177.5,180.05,180.0607861060329,2188.0,32.0,393973.0,1869.0,85.42,4.0,-1.1,1337558400.0
2012-05-18,185.05,187.3,181.5,182.7,182.7588996763754,1854.0,32.0,338835.0,1460.0,78.75,5.8,-2.35,1337299200.0
2012-05-17,187.0,191.0,187.0,188.1,188.64406779661016,1416.0,25.0,267120.0,1113.0,78.6,4.0,1.1,1337212800.0
2012-05-16,191.0,191.0,185.05,187.4,187.18342287029927,1303.0,35.0,243900.0,896.0,68.76,5.95,-3.6,1337126400.0
2012-05-15,192.0,201.95,188.15,192.55,195.863699026104,22487.0,539.0,4404387.0,7961.0,35.4,13.8,0.55,1337040000.0
2012-05-14,185.0,189.0,183.8,185.9,185.1944818304172,1486.0,41.0,275199.0,1042.0,70.12,5.2,0.9,1336953600.0
2012-05-11,184.0,184.9,179.25,183.75,182.66518105849585,1795.0,34.0,327884.0,1431.0,79.72,5.65,-0.25,1336694400.0
2012-05-10,184.2,188.0,182.3,184.8,185.3973779385172,4424.0,55.0,820198.0,3215.0,72.67,5.7,0.6,1336608000.0
2012-05-09,181.0,185.0,180.05,181.65,183.46538871139512,1878.0,42.0,344548.0,1463.0,77.9,4.95,0.65,1336521600.0
2012-05-08,181.95,183.55,179.2,179.8,182.22004698512137,1277.0,20.0,232695.0,1250.0,97.89,4.35,-2.15,1336435200.0
2012-05-07,173.25,178.95,173.25,178.95,177.42222222222222,1125.0,27.0,199600.0,893.0,79.38,5.7,5.7,1336348800.0
2012-05-04,184.25,184.25,177.1,179.75,180.95104391648667,4167.0,67.0,754023.0,3266.0,78.38,7.15,-4.5,1336089600.0
2012-05-03,182.7,185.0,181.0,184.35,182.98630751964083,4455.0,94.0,815204.0,2476.0,55.58,4.0,1.65,1336003200.0
2012-05-02,186.0,187.9,183.05,185.05,185.92977386934675,7960.0,171.0,1480001.0,3951.0,49.64,4.85,-0.95,1335916800.0
2012-04-30,181.5,185.0,181.35,182.75,182.8233128834356,1630.0,40.0,298002.0,1051.0,64.48,3.65,1.25,1335744000.0
2012-04-28,177.55,180.0,177.55,179.9,179.54482071713147,1004.0,24.0,180263.0,679.0,67.63,2.45,2.35,1335571200.0
2012-04-27,180.5,183.0,177.0,177.9,179.0758559622196,3388.0,93.0,606709.0,1435.0,42.36,6.0,-2.6,1335484800.0
2012-04-26,181.95,183.5,180.0,180.0,181.1024046434494,2412.0,64.0,436819.0,1410.0,58.46,3.5,-1.95,1335398400.0
2012-04-25,181.0,187.0,175.2,178.9,182.28257968865825,6745.0,135.0,1229496.0,3275.0,48.55,11.8,-2.1,1335312000.0
2012-04-24,177.0,183.0,177.0,180.75,180.07175398633257,7024.0,103.0,1264824.0,4732.0,67.37,6.0,3.75,1335225600.0
2012-04-23,176.0,191.5,174.55,176.05,182.912790513834,31625.0,795.0,5784617.0,11007.0,34.8,16.95,0.05,1335139200.0
2012-04-20,175.05,183.7,174.0,175.1,179.01966065176407,14852.0,1528.0,2658800.0,5287.0,35.6,9.7,0.05,1334880000.0
2012-04-19,173.0,183.45,171.55,176.05,178.88393372351825,24262.0,1016.0,4340082.0,5063.0,20.87,11.9,3.05,1334793600.0
2012-04-18,170.0,180.4,166.25,173.75,174.472824762369,28721.0,1221.0,5011034.0,9114.0,31.73,14.15,3.75,1334707200.0
2012-04-17,156.25,168.8,156.25,167.85,166.6146107413713,12922.0,852.0,2152994.0,5361.0,41.49,12.55,11.6,1334620800.0
2012-04-16,160.0,160.0,155.95,156.25,156.91358024691357,162.0,52.0,25420.0,126.0,77.78,4.05,-3.75,1334534400.0
2012-04-13,160.65,163.0,157.0,157.7,160.51132686084142,2781.0,146.0,446382.0,1171.0,42.11,6.0,-2.95,1334275200.0
2012-04-12,158.0,160.15,155.85,158.6,159.06606606606607,2331.0,123.0,370783.0,1606.0,68.9,4.3,0.6,1334188800.0
2012-04-11,154.0,159.0,153.55,155.35,156.28303655107777,2134.0,146.0,333508.0,1336.0,62.61,5.45,1.35,1334102400.0
2012-04-10,157.9,159.4,153.3,154.7,155.7985668789809,2512.0,358.0,391366.0,1357.0,54.02,6.1,-3.2,1334016000.0
2012-04-09,157.7,163.0,154.85,157.85,158.039031713267,5329.0,355.0,842190.0,2269.0,42.58,8.15,0.15,1333929600.0
2012-04-04,155.7,163.0,154.05,161.45,159.46126543209877,12960.0,1171.0,2066618.0,8326.0,64.24,8.95,5.75,1333497600.0
2012-04-03,144.0,153.7,144.0,151.1,151.71126040601723,6847.0,777.0,1038767.0,4020.0,58.71,9.7,7.1,1333411200.0
2012-04-02,135.0,145.1,135.0,144.65,141.94422097076963,3729.0,448.0,529310.0,2685.0,72.0,10.1,9.65,1333324800.0
2012-03-30,131.5,136.0,131.5,135.1,133.83952754693752,25992.0,170.0,3478757.0,25856.0,99.48,4.5,3.6,1333065600.0
2012-03-29,130.0,132.95,129.8,132.1,131.53351844506147,2521.0,301.0,331596.0,2297.0,91.11,3.15,2.1,1332979200.0
2012-03-28,136.0,136.0,128.0,129.55,132.01836917562724,2232.0,132.0,294665.0,1794.0,80.38,8.0,-6.45,1332892800.0
2012-03-27,137.05,137.05,134.1,135.15,136.16398713826365,311.0,118.0,42347.0,234.0,75.24,2.95,-1.9,1332806400.0
2012-03-26,136.3,140.7,136.3,137.05,137.9596622889306,4264.0,208.0,588260.0,3332.0,78.14,4.4,0.75,1332720000.0
2012-03-23,138.7,138.7,136.75,136.75,136.76190476190476,126.0,3.0,17232.0,125.0,99.21,1.95,-1.95,1332460800.0
2012-03-22,142.1,142.1,137.3,137.65,139.53988397389412,2758.0,52.0,384851.0,2700.0,97.9,4.8,-4.45,1332374400.0
2012-03-21,140.55,142.1,133.0,140.2,138.55496183206105,7860.0,437.0,1089042.0,5574.0,70.92,9.1,-0.35,1332288000.0
2012-03-20,139.3,140.95,137.35,138.1,139.04290171606863,1282.0,50.0,178253.0,1265.0,98.67,3.6,-1.2,1332201600.0
2012-03-19,138.3,141.1,138.3,139.0,139.14895833333333,960.0,62.0,133583.0,906.0,94.38,2.8,0.7,1332115200.0
2012-03-16,143.0,143.4,138.0,138.3,139.6994884910486,782.0,133.0,109245.0,467.0,59.72,5.4,-4.7,1331856000.0
2012-03-15,146.0,146.0,140.0,141.3,143.36451448906965,1967.0,150.0,281998.0,685.0,34.82,6.0,-4.7,1331769600.0
2012-03-14,145.05,148.95,144.4,144.85,145.7262113251605,1713.0,101.0,249629.0,1266.0,73.91,4.55,-0.2,1331683200.0
2012-03-13,145.0,147.95,143.5,144.8,145.035,2400.0,67.0,348084.0,1532.0,63.83,4.45,-0.2,1331596800.0
2012-03-12,146.9,146.9,145.0,145.05,145.70247933884295,1331.0,165.0,193930.0,1060.0,79.64,1.9,-1.85,1331510400.0
2012-03-09,146.0,146.65,142.55,144.1,144.8575471698113,2120.0,283.0,307098.0,1235.0,58.25,4.1,-1.9,1331251200.0
2012-03-07,146.5,146.95,141.6,143.55,143.65581395348835,645.0,239.0,92658.0,417.0,64.65,5.35,-2.95,1331078400.0
2012-03-06,152.6,152.9,145.5,146.6,148.57033426183844,1436.0,301.0,213347.0,1168.0,81.34,7.4,-6.0,1330992000.0
2012-03-05,156.1,156.1,150.25,151.55,151.47254237288135,2950.0,143.0,446844.0,2336.0,79.19,5.85,-4.55,1330905600.0
2012-03-03,156.0,156.0,156.0,156.0,156.0,5.0,5.0,780.0,5.0,100.0,0.0,0.0,1330732800.0
2012-03-02,154.75,160.05,154.75,155.0,156.80609020396437,3481.0,623.0,545842.0,1852.0,53.2,5.3,0.25,1330646400.0
2012-03-01,152.6,158.0,152.6,154.75,155.77873770098392,4167.0,189.0,649130.0,1374.0,32.97,5.4,2.15,1330560000.0
2012-02-29,157.55,158.15,154.2,155.6,155.24065372829415,34265.0,691.0,5319321.0,33262.0,97.07,3.95,-1.95,1330473600.0
2012-02-28,153.0,155.6,152.15,153.0,153.2755696873344,1887.0,499.0,289231.0,1357.0,71.91,3.45,0.0,1330387200.0
2012-02-27,155.1,155.5,146.1,146.8,149.99045346062053,1676.0,112.0,251384.0,950.0,56.68,9.4,-8.3,1330300800.0
2012-02-24,160.55,164.95,154.55,154.95,157.3022774327122,6762.0,505.0,1063678.0,3454.0,51.08,10.4,-5.6,1330041600.0
2012-02-23,158.4,162.85,153.85,159.85,158.156346749226,5168.0,471.0,817352.0,2590.0,50.12,9.0,1.45,1329955200.0
2012-02-22,170.0,174.6,159.0,161.75,166.65908920960143,13373.0,1533.0,2228732.0,8293.0,62.01,15.6,-8.25,1329868800.0
2012-02-21,162.0,175.0,160.4,172.1,170.32505643340855,27909.0,2216.0,4753602.0,10624.0,38.07,14.6,10.1,1329782400.0
2012-02-17,154.2,165.9,151.4,159.6,159.0294233186675,25456.0,1692.0,4048253.0,8169.0,32.09,14.5,5.4,1329436800.0
2012-02-16,151.0,154.0,151.0,152.65,152.53567554034882,11983.0,255.0,1827835.0,10215.0,85.25,3.0,1.65,1329350400.0
2012-02-15,154.2,155.0,149.9,150.6,152.18412969283276,5860.0,406.0,891799.0,5196.0,88.67,5.1,-3.6,1329264000.0
2012-02-14,152.5,155.0,151.0,153.4,152.6842948717949,1248.0,141.0,190550.0,1080.0,86.54,4.0,0.9,1329177600.0
2012-02-13,153.0,157.0,150.4,153.3,155.0193612774451,5010.0,676.0,776647.0,914.0,18.24,6.6,0.3,1329091200.0
2012-02-10,156.55,158.5,152.35,153.9,155.320067264574,1784.0,134.0,277091.0,1228.0,68.83,6.15,-2.65,1328832000.0
2012-02-09,155.95,159.95,155.05,156.95,157.4195772747714,6671.0,948.0,1050146.0,2895.0,43.4,4.9,1.0,1328745600.0
2012-02-08,146.05,157.0,146.0,152.75,154.33209509658246,2692.0,756.0,415462.0,1187.0,44.09,11.0,6.7,1328659200.0
2012-02-07,155.95,157.7,149.0,149.15,152.65154929577463,3550.0,542.0,541913.0,2380.0,67.04,8.7,-6.8,1328572800.0
2012-02-06,163.0,164.0,152.5,154.55,158.45808290953923,12978.0,822.0,2056469.0,6241.0,48.09,11.5,-8.45,1328486400.0
2012-02-03,145.05,162.3,145.0,159.0,157.13590476991672,23774.0,1616.0,3735749.0,9960.0,41.89,17.3,13.95,1328227200.0
2012-02-02,148.3,149.0,144.1,145.75,145.91614691614691,2886.0,480.0,421114.0,1721.0,59.63,4.9,-2.55,1328140800.0
2012-02-01,142.55,148.5,142.55,146.6,145.88115755627007,7775.0,467.0,1134226.0,5602.0,72.05,5.95,4.05,1328054400.0
2012-01-31,140.0,146.5,138.0,142.55,142.6368073047859,6352.0,231.0,906029.0,2783.0,43.81,8.5,2.55,1327968000.0
2012-01-30,142.95,142.95,134.25,136.65,136.52882933785347,37167.0,412.0,5074367.0,20411.0,54.92,8.7,-6.3,1327881600.0
2012-01-27,140.55,143.9,140.55,141.55,141.65020455873758,3422.0,204.0,484727.0,2120.0,61.95,3.35,1.0,1327622400.0
2012-01-25,138.45,144.0,138.25,139.75,140.90903986524424,5343.0,181.0,752877.0,1346.0,25.19,5.75,1.3,1327449600.0
2012-01-24,137.9,139.8,136.3,138.0,137.95970503028707,3797.0,85.0,523833.0,2333.0,61.44,3.5,0.1,1327363200.0
2012-01-23,136.0,138.45,134.4,134.75,136.29013854930724,1227.0,56.0,167228.0,557.0,45.4,4.05,-1.25,1327276800.0
2012-01-20,138.95,139.85,135.0,135.5,137.10547396528705,4494.0,89.0,616152.0,2081.0,46.31,4.85,-3.45,1327017600.0
2012-01-19,141.0,141.0,137.05,137.75,139.0079646017699,4520.0,103.0,628316.0,3020.0,66.81,3.95,-3.25,1326931200.0
2012-01-18,143.35,146.75,139.3,139.9,142.80566991017963,10688.0,258.0,1526307.0,4243.0,39.7,7.45,-3.45,1326844800.0
2012-01-17,124.7,143.0,124.7,140.85,140.58977556109724,1604.0,94.0,225506.0,883.0,55.05,18.3,16.15,1326758400.0
2012-01-16,140.7,143.0,138.0,140.45,140.35922684172135,8226.0,258.0,1154595.0,3309.0,40.23,5.0,-0.25,1326672000.0
2012-01-13,135.6,146.0,135.55,139.45,142.065717415115,14608.0,533.0,2075296.0,5416.0,37.08,10.45,3.85,1326412800.0
2012-01-12,134.65,137.05,134.0,136.2,135.3566066066066,2664.0,71.0,360590.0,1285.0,48.24,3.05,1.55,1326326400.0
2012-01-11,134.05,138.0,130.2,133.2,135.19007901668127,4556.0,223.0,615926.0,2438.0,53.51,7.8,-0.85,1326240000.0
2012-01-10,133.45,138.0,133.05,134.2,135.80607702728855,5167.0,217.0,701710.0,3180.0,61.54,4.95,0.75,1326153600.0
2012-01-09,130.0,136.3,127.0,132.05,133.18231899265476,3812.0,147.0,507691.0,1156.0,30.33,9.3,2.05,1326067200.0
2012-01-07,131.5,132.55,130.15,131.15,130.9109756097561,820.0,60.0,107347.0,570.0,69.51,2.4,-0.35,1325894400.0
2012-01-06,133.0,140.75,128.1,129.0,135.70961231730735,30721.0,1398.0,4169135.0,7341.0,23.9,12.65,-4.0,1325808000.0
2012-01-05,130.0,145.75,130.0,134.4,139.82591153896675,53289.0,1529.0,7451183.0,11657.0,21.88,15.75,4.4,1325721600.0
2012-01-04,125.9,127.0,121.65,126.2,124.72937000887312,1127.0,69.0,140570.0,452.0,40.11,5.35,0.3,1325635200.0
2012-01-03,121.0,125.95,121.0,123.5,123.28497409326424,1158.0,73.0,142764.0,524.0,45.25,4.95,2.5,1325548800.0
2012-01-02,117.0,121.8,116.6,119.45,118.41832917705736,1604.0,85.0,189943.0,747.0,46.57,5.2,2.45,1325462400.0
2011-12-30,116.05,129.0,116.05,117.55,117.76630434782608,552.0,64.0,65007.0,511.0,92.57,12.95,1.5,1325203200.0
2011-12-29,117.05,119.0,117.0,117.95,118.03827751196172,627.0,27.0,74010.0,612.0,97.61,2.0,0.9,1325116800.0
2011-12-28,119.15,122.85,118.0,118.1,119.25942156003504,1141.0,72.0,136075.0,912.0,79.93,4.85,-1.05,1325030400.0
2011-12-27,121.0,122.0,121.0,121.2,121.29096989966555,897.0,52.0,108798.0,655.0,73.02,1.0,0.2,1324944000.0
2011-12-26,123.95,125.0,116.05,121.3,120.24263288350316,3631.0,134.0,436601.0,2488.0,68.52,8.95,-2.65,1324857600.0
2011-12-23,120.0,123.5,120.0,121.0,121.94329896907216,582.0,41.0,70971.0,446.0,76.63,3.5,1.0,1324598400.0
2011-12-22,122.15,122.15,117.5,118.25,118.41533546325878,626.0,51.0,74128.0,390.0,62.3,4.65,-3.9,1324512000.0
2011-12-21,125.95,125.95,116.05,121.05,121.67239404352806,873.0,76.0,106220.0,347.0,39.75,9.9,-4.9,1324425600.0
2011-12-20,124.1,127.0,116.5,119.8,120.7867107195301,2724.0,176.0,329023.0,1865.0,68.47,10.5,-4.3,1324339200.0
2011-12-19,130.9,130.9,125.0,127.0,127.15823367065316,1087.0,55.0,138221.0,877.0,80.68,5.9,-3.9,1324252800.0
2011-12-16,132.0,137.1,131.05,133.2,134.43804347826085,2760.0,107.0,371049.0,2202.0,79.78,6.05,1.2,1323993600.0
2011-12-15,130.8,133.0,130.5,131.0,131.69850746268656,1005.0,8.0,132357.0,1000.0,99.5,2.5,0.2,1323907200.0
2011-12-14,137.95,137.95,134.1,135.85,134.79310344827587,29.0,8.0,3909.0,26.0,89.66,3.85,-2.1,1323820800.0
2011-12-13,136.0,137.95,134.0,134.05,134.3467336683417,398.0,41.0,53470.0,325.0,81.66,3.95,-1.95,1323734400.0
2011-12-12,139.95,139.95,131.4,133.85,136.08859060402685,745.0,127.0,101386.0,265.0,35.57,8.55,-6.1,1323648000.0
2011-12-09,138.2,139.0,135.6,137.05,137.7227822580645,992.0,76.0,136621.0,586.0,59.07,3.4,-1.15,1323388800.0
2011-12-08,138.0,141.9,136.4,141.0,139.47988505747125,1044.0,89.0,145617.0,534.0,51.15,5.5,3.0,1323302400.0
2011-12-07,140.0,142.95,140.0,141.5,141.5,60.0,10.0,8490.0,48.0,80.0,2.95,1.5,1323216000.0
2011-12-05,142.0,143.0,138.3,140.8,140.2940340909091,704.0,54.0,98767.0,431.0,61.22,4.7,-1.2,1323043200.0
2011-12-02,139.0,140.9,136.0,139.25,139.34896302975653,1109.0,82.0,154538.0,500.0,45.09,4.9,0.25,1322784000.0
2011-12-01,138.55,142.5,136.25,138.0,139.1226158038147,1835.0,78.0,255290.0,1185.0,65.0,6.25,-0.55,1322697600.0
2011-11-30,139.95,139.95,136.25,138.7,137.93493975903613,415.0,61.0,57243.0,348.0,83.86,3.7,-1.25,1322611200.0
2011-11-29,139.05,143.0,137.0,138.5,139.9581395348837,1290.0,105.0,180546.0,1043.0,80.85,6.0,-0.55,1322524800.0
2011-11-28,141.0,146.85,138.55,141.2,142.5015673981191,2871.0,95.0,409122.0,2058.0,71.68,8.3,0.2,1322438400.0
2011-11-25,144.85,144.85,141.0,141.35,141.36918604651163,344.0,39.0,48631.0,229.0,66.57,3.85,-3.5,1322179200.0
2011-11-24,140.05,142.8,138.05,139.8,139.76521739130433,1495.0,91.0,208949.0,1039.0,69.5,4.75,-0.25,1322092800.0
2011-11-23,145.0,145.0,138.7,141.3,140.63865894039736,2416.0,104.0,339783.0,1452.0,60.1,6.3,-3.7,1322006400.0
2011-11-22,145.0,147.5,141.0,145.2,144.693028705331,1707.0,92.0,246991.0,1092.0,63.97,6.5,0.2,1321920000.0
2011-11-21,141.3,147.0,141.25,144.15,143.56974294142435,2373.0,88.0,340691.0,1995.0,84.07,5.75,2.85,1321833600.0
2011-11-18,143.5,148.0,141.2,146.3,144.2993548387097,775.0,82.0,111832.0,429.0,55.35,6.8,2.8,1321574400.0
2011-11-17,140.0,151.5,140.0,148.25,148.00947603121517,1794.0,78.0,265529.0,1441.0,80.32,11.5,8.25,1321488000.0
2011-11-16,148.25,152.5,142.95,145.75,145.67,1700.0,129.0,247639.0,1212.0,71.29,9.55,-2.5,1321401600.0
2011-11-15,156.3,156.3,147.15,148.55,151.99045092838196,1885.0,73.0,286502.0,1492.0,79.15,9.15,-7.75,1321315200.0
2011-11-14,165.95,165.95,156.55,157.55,161.16336633663366,2424.0,138.0,390660.0,1294.0,53.38,9.4,-8.4,1321228800.0
2011-11-11,169.9,170.95,162.45,164.4,165.40353741496597,3675.0,123.0,607858.0,2202.0,59.92,8.5,-5.5,1320969600.0
2011-11-09,168.95,172.0,167.35,168.3,169.49755757152826,2866.0,93.0,485780.0,1961.0,68.42,4.65,-0.65,1320796800.0
2011-11-08,165.25,171.2,165.0,167.7,169.29634025717112,10110.0,301.0,1711586.0,4364.0,43.17,6.2,2.45,1320710400.0
2011-11-04,168.0,168.7,164.1,164.55,166.010147601476,1084.0,89.0,179955.0,715.0,65.96,4.6,-3.45,1320364800.0
2011-11-03,160.2,170.0,160.2,164.1,164.81406355645706,1479.0,82.0,243760.0,909.0,61.46,9.8,3.9,1320278400.0
2011-11-02,170.5,170.5,165.1,166.7,167.81755593803786,581.0,66.0,97502.0,215.0,37.01,5.4,-3.8,1320192000.0
2011-11-01,169.2,176.0,166.4,168.85,171.96696080443257,4873.0,325.0,837995.0,1447.0,29.69,9.6,-0.35,1320105600.0
2011-10-31,169.7,170.0,166.6,168.7,168.7818677573279,1467.0,116.0,247603.0,948.0,64.62,3.4,-1.0,1320019200.0
2011-10-28,168.0,172.5,166.3,167.75,168.03463587921848,1126.0,86.0,189207.0,476.0,42.27,6.2,-0.25,1319760000.0
2011-10-26,165.45,167.45,163.25,166.25,165.5149051490515,369.0,26.0,61075.0,318.0,86.18,4.2,0.8,1319587200.0
2011-10-25,165.95,166.7,160.5,165.1,163.62081339712918,836.0,39.0,136787.0,405.0,48.44,6.2,-0.85,1319500800.0
2011-10-24,165.75,166.0,163.05,164.3,164.73601789709173,447.0,171.0,73637.0,228.0,51.01,2.95,-1.45,1319414400.0
2011-10-21,166.5,167.25,162.0,163.3,165.39581657280772,1243.0,103.0,205587.0,755.0,60.74,5.25,-3.2,1319155200.0
2011-10-20,167.0,167.1,164.25,166.75,166.4862385321101,545.0,42.0,90735.0,381.0,69.91,2.85,-0.25,1319068800.0
2011-10-19,166.8,169.75,166.0,167.7,168.34672489082968,1145.0,72.0,192757.0,693.0,60.52,3.75,0.9,1318982400.0
2011-10-18,166.25,166.25,164.05,166.0,165.2410562180579,1174.0,51.0,193993.0,955.0,81.35,2.2,-0.25,1318896000.0
2011-10-17,171.0,171.95,165.6,166.65,168.6089338390223,2373.0,137.0,400109.0,1565.0,65.95,6.35,-4.35,1318809600.0
2011-10-14,170.85,172.0,168.5,170.75,170.38704409363092,3674.0,90.0,626002.0,2429.0,66.11,3.5,-0.1,1318550400.0
2011-10-13,168.75,177.65,168.5,169.65,172.35544217687075,8232.0,406.0,1418830.0,3186.0,38.7,9.15,0.9,1318464000.0
2011-10-12,168.1,170.0,167.0,168.15,168.51664182811723,2013.0,98.0,339224.0,831.0,41.28,3.0,0.05,1318377600.0
2011-10-11,170.7,174.35,168.55,169.25,171.0391227030231,6748.0,260.0,1154172.0,2247.0,33.3,5.8,-1.45,1318291200.0
2011-10-10,166.0,180.0,164.0,168.4,171.99102954489342,24302.0,788.0,4179726.0,8366.0,34.43,16.0,2.4,1318204800.0
2011-10-07,165.0,165.0,162.0,163.5,163.52751596229857,3289.0,152.0,537842.0,2232.0,67.86,3.0,-1.5,1317945600.0
2011-10-05,162.0,163.95,159.0,161.45,161.21005917159763,10478.0,522.0,1689159.0,4321.0,41.24,4.95,-0.55,1317772800.0
2011-10-04,160.0,163.7,156.0,161.25,160.27116564417176,4075.0,166.0,653105.0,2280.0,55.95,7.7,1.25,1317686400.0
2011-10-03,159.0,164.9,158.0,160.6,161.1316129032258,3100.0,125.0,499508.0,1215.0,39.19,6.9,1.6,1317600000.0
2011-09-30,165.45,166.75,158.5,160.85,163.24128919860627,1148.0,113.0,187401.0,833.0,72.56,8.25,-4.6,1317340800.0
2011-09-29,161.25,166.0,161.2,164.75,163.78885793871865,1795.0,124.0,294001.0,898.0,50.03,4.8,3.5,1317254400.0
2011-09-28,167.65,169.0,164.05,164.45,165.11722659042172,1399.0,105.0,230999.0,647.0,46.25,4.95,-3.2,1317168000.0
2011-09-27,162.3,172.0,162.3,170.05,169.87862534763607,15102.0,556.0,2565507.0,4504.0,29.82,9.7,7.75,1317081600.0
2011-09-26,166.95,168.9,157.0,158.9,161.05992829093393,5857.0,240.0,943328.0,3644.0,62.22,11.9,-8.05,1316995200.0
2011-09-23,170.0,171.0,163.1,167.25,167.71215526046987,9790.0,322.0,1641902.0,6022.0,61.51,7.9,-2.75,1316736000.0
2011-09-22,181.0,184.7,175.0,175.95,179.237327926582,9371.0,358.0,1679633.0,3005.0,32.07,9.7,-5.05,1316649600.0
2011-09-21,192.0,194.95,184.1,185.45,188.6400167873256,9531.0,335.0,1797928.0,4209.0,44.16,10.85,-6.55,1316563200.0
2011-09-20,195.5,198.5,190.0,191.25,194.53698597575467,42070.0,1308.0,8184171.0,6571.0,15.62,8.5,-4.25,1316476800.0
2011-09-19,178.5,199.75,178.0,196.5,191.9441497492968,130832.0,3426.0,25112437.0,14387.0,11.0,21.75,18.0,1316390400.0
2011-09-16,170.75,182.7,166.0,174.5,176.99454552693393,25117.0,857.0,4445572.0,4843.0,19.28,16.7,3.75,1316131200.0
2011-09-15,166.7,169.95,163.65,167.85,166.3097076023392,4275.0,149.0,710974.0,625.0,14.62,6.3,1.15,1316044800.0
2011-09-14,165.5,166.75,163.1,164.55,164.5815801776531,2139.0,77.0,352040.0,977.0,45.68,3.65,-0.95,1315958400.0
2011-09-13,168.45,174.0,163.0,164.2,169.23582236437446,8129.0,374.0,1375718.0,2478.0,30.48,11.0,-4.25,1315872000.0
2011-09-12,173.95,175.0,164.5,166.2,169.79718640093785,4265.0,152.0,724185.0,3328.0,78.03,10.5,-7.75,1315785600.0
2011-09-09,180.8,188.5,176.0,177.3,182.95015643543,9269.0,334.0,1695765.0,2387.0,25.75,12.5,-3.5,1315526400.0
2011-09-08,185.0,185.0,178.5,179.8,180.4356755170896,6817.0,228.0,1230030.0,1779.0,26.1,6.5,-5.2,1315440000.0
2011-09-07,182.0,187.95,179.1,181.6,184.10437529213468,70601.0,1764.0,12997953.0,8788.0,12.45,8.85,-0.4,1315353600.0
2011-09-06,155.0,181.2,155.0,177.25,174.1690686060931,59674.0,1557.0,10393365.0,9630.0,16.14,26.2,22.25,1315267200.0
2011-09-05,155.9,158.3,150.3,157.1,155.56872037914692,844.0,63.0,131300.0,572.0,67.77,8.0,1.2,1315180800.0
2011-09-02,153.0,159.0,152.0,157.65,156.65990338164252,1035.0,66.0,162143.0,422.0,40.77,7.0,4.65,1314921600.0
2011-08-30,158.65,158.65,148.4,153.0,152.49727919631644,2389.0,136.0,364316.0,1581.0,66.18,10.25,-5.65,1314662400.0
2011-08-29,145.35,154.0,142.0,150.0,147.73352883675463,5115.0,186.0,755657.0,3606.0,70.5,12.0,4.65,1314576000.0
2011-08-26,154.0,157.95,137.25,141.95,142.7113387978142,7320.0,273.0,1044647.0,3452.0,47.16,20.7,-12.05,1314316800.0
2011-08-25,162.0,162.45,151.3,156.45,160.3387178192832,1981.0,95.0,317631.0,656.0,33.11,11.15,-5.55,1314230400.0
2011-08-24,170.6,170.6,160.0,161.1,162.52997574217397,8657.0,258.0,1407022.0,1328.0,15.34,10.6,-9.5,1314144000.0
2011-08-23,154.8,159.9,153.55,155.75,155.37685459940653,1685.0,100.0,261810.0,935.0,55.49,6.35,0.95,1314057600.0
2011-08-22,150.0,155.1,148.0,154.55,152.10375099760574,1253.0,51.0,190586.0,735.0,58.66,7.1,4.55,1313971200.0
2011-08-19,145.8,150.95,145.0,147.85,147.0886712546321,3778.0,161.0,555701.0,1868.0,49.44,5.95,2.05,1313712000.0
2011-08-18,167.0,167.0,151.25,153.85,156.7750547917912,5019.0,246.0,786854.0,2909.0,57.96,15.75,-13.15,1313625600.0
2011-08-17,176.0,176.0,165.0,167.0,166.96871444823665,3516.0,125.0,587062.0,1966.0,55.92,11.0,-9.0,1313539200.0
2011-08-16,178.45,179.7,169.1,170.8,174.5492866407263,1542.0,96.0,269155.0,977.0,63.36,10.6,-7.65,1313452800.0
2011-08-12,183.0,183.0,172.0,174.55,177.1540059347181,3370.0,131.0,597009.0,2598.0,77.09,11.0,-8.45,1313107200.0
2011-08-11,180.0,184.35,177.0,178.9,178.7296195652174,2944.0,109.0,526180.0,1753.0,59.54,7.35,-1.1,1313020800.0
2011-08-10,177.05,185.6,177.05,181.75,181.94988674971688,3532.0,136.0,642647.0,2140.0,60.59,8.55,4.7,1312934400.0
2011-08-09,177.0,182.0,172.35,173.95,177.14755813953488,8600.0,231.0,1523469.0,4705.0,54.71,9.65,-3.05,1312848000.0
2011-08-08,182.15,189.9,180.25,185.5,184.23972988182328,5331.0,202.0,982182.0,2984.0,55.97,9.65,3.35,1312761600.0
2011-08-05,193.6,197.45,187.0,191.35,191.79122983870968,9920.0,407.0,1902569.0,5671.0,57.17,10.45,-2.25,1312502400.0
2011-08-04,207.35,210.0,201.05,202.65,205.24253809225632,4791.0,217.0,983317.0,1938.0,40.45,8.95,-4.7,1312416000.0
2011-08-03,203.45,206.95,202.55,205.0,204.474248288181,3359.0,176.0,686829.0,2151.0,64.04,4.4,1.55,1312329600.0
2011-08-02,206.0,208.0,203.65,203.95,206.18423283413395,3539.0,129.0,729686.0,2220.0,62.73,4.35,-2.05,1312243200.0
2011-08-01,212.1,214.85,206.1,208.85,210.597210828548,2438.0,103.0,513436.0,1603.0,65.75,8.75,-3.25,1312156800.0
2011-07-29,218.85,219.0,210.55,211.4,214.044713553796,6441.0,274.0,1378662.0,3148.0,48.87,8.45,-7.45,1311897600.0
2011-07-28,223.3,223.35,212.0,215.05,217.74938543149176,7729.0,254.0,1682985.0,3895.0,50.39,11.35,-8.25,1311811200.0
2011-07-27,233.0,234.9,224.0,226.65,229.8673166948284,36101.0,993.0,8298440.0,10543.0,29.2,10.9,-6.35,1311724800.0
2011-07-26,216.4,241.1,216.4,234.0,233.7737368680024,231686.0,5501.0,54162102.0,23898.0,10.31,24.7,17.6,1311638400.0
2011-07-25,208.95,214.0,204.2,212.3,210.36398338385536,8907.0,195.0,1873712.0,6177.0,69.35,9.8,3.35,1311552000.0
2011-07-22,207.5,211.0,205.8,207.0,207.97696913864576,2171.0,96.0,451518.0,927.0,42.7,5.2,-0.5,1311292800.0
2011-07-21,207.35,209.7,205.0,205.1,206.935441370224,1518.0,39.0,314128.0,1255.0,82.67,4.7,-2.25,1311206400.0
2011-07-20,210.0,216.75,207.8,208.95,212.24030724213608,2734.0,97.0,580265.0,911.0,33.32,8.95,-1.05,1311120000.0
2011-07-19,205.0,209.95,203.5,208.0,208.7697368421053,608.0,38.0,126932.0,321.0,52.8,6.45,3.0,1311033600.0
2011-07-18,208.4,208.4,204.05,204.2,205.61282516636416,1653.0,60.0,339878.0,878.0,53.12,4.35,-4.2,1310947200.0
2011-07-15,210.95,210.95,204.1,205.9,206.38736263736263,728.0,48.0,150250.0,559.0,76.79,6.85,-5.05,1310688000.0
2011-07-14,210.85,212.0,208.5,209.35,210.2762619372442,1466.0,41.0,308265.0,1189.0,81.11,3.5,-1.5,1310601600.0
2011-07-13,209.5,211.9,206.0,208.3,209.72302273455009,3123.0,133.0,654965.0,1500.0,48.03,5.9,-1.2,1310515200.0
2011-07-12,211.85,211.85,202.0,202.8,204.4333983105913,1539.0,91.0,314623.0,868.0,56.4,9.85,-9.05,1310428800.0
2011-07-11,210.0,212.0,205.25,205.6,208.78889566809028,1639.0,83.0,342205.0,1007.0,61.44,6.75,-4.4,1310342400.0
2011-07-08,214.0,214.0,210.75,210.9,212.00950020652624,2421.0,52.0,513275.0,1855.0,76.62,3.25,-3.1,1310083200.0
2011-07-07,213.55,217.95,212.0,213.5,215.16155844155844,3850.0,151.0,828372.0,2304.0,59.84,5.95,-0.05,1309996800.0
2011-07-06,209.25,219.6,209.15,212.2,215.9690397955458,13695.0,453.0,2957696.0,4535.0,33.11,10.45,2.95,1309910400.0
2011-07-05,204.0,213.95,203.55,211.0,209.92152596460687,6894.0,243.0,1447199.0,1859.0,26.97,10.4,7.0,1309824000.0
2011-07-04,204.0,209.65,204.0,205.3,206.05446293494705,5288.0,211.0,1089616.0,2375.0,44.91,5.65,1.3,1309737600.0
2011-07-01,207.0,207.8,201.2,202.2,203.760147601476,2168.0,47.0,441752.0,1695.0,78.18,6.6,-4.8,1309478400.0
2011-06-30,212.4,212.4,203.05,203.8,205.41574936494496,2362.0,130.0,485192.0,1506.0,63.76,9.35,-8.6,1309392000.0
2011-06-29,205.0,215.0,205.0,209.0,211.01024076696808,18358.0,437.0,3873726.0,6562.0,35.74,10.0,4.0,1309305600.0
2011-06-28,204.0,207.9,198.35,205.65,205.26689806357325,10948.0,370.0,2247262.0,3048.0,27.84,9.55,1.65,1309219200.0
2011-06-27,203.0,203.0,200.05,201.4,201.6366644606221,1511.0,62.0,304673.0,736.0,48.71,2.95,-1.6,1309132800.0
2011-06-24,195.0,203.7,192.9,200.3,201.017942248388,3567.0,121.0,717031.0,1918.0,53.77,10.8,5.3,1308873600.0
2011-06-23,197.0,205.9,197.0,198.85,202.1100940128649,44462.0,928.0,8986219.0,2559.0,5.76,8.9,1.85,1308787200.0
2011-06-22,198.0,206.5,192.25,201.85,199.6863749521256,187992.0,3539.0,37539441.0,65050.0,34.6,14.25,3.85,1308700800.0
2011-06-21,186.05,221.1,186.05,197.65,205.0004003608732,364671.0,6186.0,74757701.0,144233.0,39.55,35.05,11.6,1308614400.0
2011-06-20,204.9,204.9,186.3,188.7,195.4472390864412,3459.0,128.0,676052.0,1769.0,51.14,18.6,-16.2,1308528000.0
2011-06-17,209.7,209.7,197.55,198.85,202.4137353433836,1194.0,65.0,241682.0,900.0,75.38,12.15,-10.85,1308268800.0
2011-06-16,214.0,214.0,203.6,204.95,206.45508021390373,1870.0,77.0,386071.0,1173.0,62.73,10.4,-9.05,1308182400.0
2011-06-15,213.95,213.95,206.25,208.1,208.98890532544377,1352.0,52.0,282553.0,1062.0,78.55,7.7,-5.85,1308096000.0
2011-06-14,215.0,215.0,211.2,211.55,211.90909090909088,110.0,8.0,23310.0,84.0,76.36,3.8,-3.45,1308009600.0
2011-06-13,215.0,215.0,209.45,210.05,211.3864598025388,709.0,26.0,149873.0,456.0,64.32,5.55,-4.95,1307923200.0
2011-06-10,214.0,215.0,210.5,213.0,213.21841155234657,554.0,33.0,118123.0,352.0,63.54,4.5,-1.0,1307664000.0
2011-06-09,210.4,221.3,210.4,215.1,216.6744818212708,5886.0,278.0,1275346.0,2317.0,39.36,10.9,4.7,1307577600.0
2011-06-08,208.55,215.8,208.55,212.55,213.0436540016168,1237.0,70.0,263535.0,638.0,51.58,7.25,4.0,1307491200.0
2011-06-07,209.9,213.75,206.0,209.8,208.9913469858668,3467.0,142.0,724573.0,1733.0,49.99,7.75,-0.1,1307404800.0
2011-06-06,212.2,216.9,206.25,210.7,211.04557091653865,1953.0,102.0,412172.0,975.0,49.92,10.65,-1.5,1307318400.0
2011-06-03,214.1,218.95,212.25,213.8,215.40265328074577,2789.0,121.0,600758.0,1534.0,55.0,6.7,-0.3,1307059200.0
2011-06-02,217.0,218.45,213.6,214.2,215.23716612994883,5279.0,204.0,1136237.0,3126.0,59.22,4.85,-2.8,1306972800.0
2011-06-01,220.75,220.75,216.0,216.55,216.808721506442,1009.0,30.0,218760.0,872.0,86.42,4.75,-4.2,1306886400.0
2011-05-31,217.55,221.6,215.0,215.85,217.3864219459246,5067.0,179.0,1101497.0,2404.0,47.44,6.6,-1.7,1306800000.0
2011-05-30,224.9,224.9,216.1,217.6,218.8748173404773,8212.0,168.0,1797400.0,4363.0,53.13,8.8,-7.3,1306713600.0
2011-05-27,219.55,228.0,219.55,224.6,225.27711496746204,1844.0,65.0,415411.0,1246.0,67.57,8.45,5.05,1306454400.0
2011-05-26,227.5,227.5,220.0,221.25,222.19430485762143,2985.0,126.0,663250.0,1907.0,63.89,7.5,-6.25,1306368000.0
2011-05-25,228.7,229.45,221.3,224.9,224.43076016499705,1697.0,69.0,380859.0,785.0,46.26,8.15,-3.8,1306281600.0
2011-05-24,227.1,231.5,224.0,225.4,227.49966622162884,2996.0,137.0,681589.0,1279.0,42.69,7.5,-1.7,1306195200.0
2011-05-23,225.35,231.95,225.05,227.1,225.85459183673467,392.0,19.0,88535.0,360.0,91.84,6.9,1.75,1306108800.0
2011-05-20,223.95,236.4,223.1,228.8,230.2552204176334,2586.0,155.0,595440.0,1559.0,60.29,13.3,4.85,1305849600.0
2011-05-19,231.25,235.0,224.0,225.75,229.1483160621761,1544.0,112.0,353805.0,601.0,38.92,11.0,-5.5,1305763200.0
2011-05-18,229.8,235.0,221.1,229.6,230.3020248596632,9976.0,344.0,2297493.0,1859.0,18.63,13.9,-0.2,1305676800.0
2011-05-17,232.0,235.0,228.15,232.15,231.46897810218977,548.0,47.0,126845.0,396.0,72.26,6.85,0.15,1305590400.0
2011-05-16,225.05,237.0,225.05,232.2,233.4985337243401,1023.0,58.0,238869.0,620.0,60.61,11.95,7.15,1305504000.0
2011-05-13,230.25,239.0,230.25,232.0,233.45848915482424,1337.0,78.0,312134.0,822.0,61.48,8.75,1.75,1305244800.0
2011-05-12,239.0,245.0,230.5,232.1,239.09094276717911,5399.0,161.0,1290852.0,2258.0,41.82,14.5,-6.9,1305158400.0
2011-05-11,231.0,243.75,228.1,239.9,238.43406830955468,6939.0,253.0,1654494.0,1676.0,24.15,15.65,8.9,1305072000.0
2011-05-10,233.9,236.85,229.0,231.0,233.15081839438807,2566.0,168.0,598265.0,1579.0,61.54,7.85,-2.9,1304985600.0
2011-05-09,238.0,238.0,230.0,233.25,233.48332708879727,2669.0,93.0,623167.0,1076.0,40.31,8.0,-4.75,1304899200.0
2011-05-06,246.85,249.2,228.75,233.7,235.41185752930568,13308.0,450.0,3132861.0,8214.0,61.72,20.45,-13.15,1304640000.0
2011-05-05,249.6,252.6,241.0,241.75,244.54024390243904,2460.0,94.0,601569.0,1350.0,54.88,11.6,-7.85,1304553600.0
2011-05-04,248.7,253.95,240.0,248.55,249.73861916404704,17178.0,330.0,4290010.0,1920.0,11.18,13.95,-0.15,1304467200.0
2011-05-03,253.7,264.0,245.2,248.35,256.39374762688266,7901.0,391.0,2025767.0,1838.0,23.26,18.8,-5.35,1304380800.0
2011-05-02,259.0,259.75,251.0,252.5,253.65483476132192,4085.0,158.0,1036180.0,2382.0,58.31,8.75,-6.5,1304294400.0
2011-04-29,267.7,269.6,257.05,260.3,262.7612250966399,3363.0,185.0,883666.0,2034.0,60.48,12.55,-7.4,1304035200.0
2011-04-28,274.4,280.0,266.5,266.6,268.6896112173359,7845.0,152.0,2107870.0,4197.0,53.5,13.5,-7.8,1303948800.0
2011-04-27,268.55,282.0,268.55,272.6,276.0934555915138,27810.0,719.0,7678159.0,4171.0,15.0,13.45,4.05,1303862400.0
2011-04-26,266.6,274.0,264.0,269.75,270.2568178606754,14154.0,381.0,3825215.0,2819.0,19.92,10.0,3.15,1303776000.0
2011-04-25,274.85,276.0,265.75,270.55,270.87624067355733,14609.0,382.0,3957231.0,5265.0,36.04,10.25,-4.3,1303689600.0
2011-04-21,265.7,286.8,265.7,273.05,278.30609146357426,114603.0,2849.0,31894713.0,18709.0,16.33,21.1,7.35,1303344000.0
2011-04-20,262.9,270.5,262.0,263.2,265.6373092046848,23651.0,601.0,6282588.0,6772.0,28.63,8.5,0.3,1303257600.0
2011-04-19,260.2,266.0,256.0,260.45,260.6679854082104,19463.0,480.0,5073381.0,6162.0,31.66,10.0,0.25,1303171200.0
2011-04-18,255.0,270.5,250.0,262.7,263.46385065214673,71993.0,1620.0,18967553.0,10556.0,14.66,20.5,7.7,1303084800.0
2011-04-15,274.7,278.0,254.1,256.95,264.6586914875896,144072.0,2643.0,38129907.0,28102.0,19.51,23.9,-17.75,1302825600.0
2011-04-13,229.8,269.85,229.8,269.25,261.515334078256,408991.0,8192.0,106957418.0,42570.0,10.41,40.05,39.45,1302652800.0
2011-04-11,222.5,233.0,214.0,224.9,223.0374833776596,12032.0,280.0,2683587.0,4399.0,36.56,19.0,2.4,1302480000.0
2011-04-08,221.0,227.95,218.55,222.05,222.29859667359668,3848.0,200.0,855405.0,1982.0,51.51,9.4,1.05,1302220800.0
2011-04-07,222.1,228.0,222.1,226.45,226.6164364829756,7313.0,230.0,1657246.0,2911.0,39.81,5.9,4.35,1302134400.0
2011-04-06,226.25,236.5,224.65,228.95,228.98020002020408,19798.0,479.0,4533350.0,7526.0,38.01,11.85,2.7,1302048000.0
2011-04-05,230.0,242.0,226.15,227.85,233.7705624252094,37605.0,1153.0,8790942.0,12606.0,33.52,15.85,-2.15,1301961600.0
2011-04-04,201.0,230.9,196.0,227.9,221.163463775534,85964.0,1942.0,19012096.0,27452.0,31.93,34.9,26.9,1301875200.0
2011-04-01,192.8,199.8,189.9,194.8,195.4681909726336,8441.0,241.0,1649947.0,3365.0,39.86,9.9,2.0,1301616000.0
2011-03-31,192.55,197.65,188.5,190.1,192.94643181405485,5507.0,134.0,1062556.0,3466.0,62.94,9.15,-2.45,1301529600.0
2011-03-30,189.5,193.0,184.25,192.3,190.7703636569616,8827.0,256.0,1683930.0,4927.0,55.82,8.75,2.8,1301443200.0
2011-03-29,188.5,191.75,184.0,185.35,187.5887234284415,8797.0,258.0,1650218.0,3381.0,38.43,7.75,-3.15,1301356800.0
2011-03-28,188.95,191.8,185.15,185.8,187.36108063631377,7292.0,126.0,1366237.0,3535.0,48.48,6.65,-3.15,1301270400.0
2011-03-25,183.5,191.95,183.5,186.3,186.3941829314964,2613.0,68.0,487048.0,1842.0,70.49,8.45,2.8,1301011200.0
2011-03-24,187.0,190.8,183.3,186.5,188.10170618214048,4513.0,73.0,848903.0,3400.0,75.34,7.5,-0.5,1300924800.0
2011-03-23,189.9,190.35,187.1,189.0,189.0103225806452,2325.0,94.0,439449.0,1121.0,48.22,3.25,-0.9,1300838400.0
2011-03-22,185.0,194.4,185.0,189.8,190.7033281493001,16075.0,314.0,3065556.0,2541.0,15.81,9.4,4.8,1300752000.0
2011-03-21,194.15,194.95,186.3,187.95,190.17532467532467,6314.0,221.0,1200767.0,3370.0,53.37,8.65,-6.2,1300665600.0
2011-03-18,194.05,197.5,192.1,194.2,194.9229607250755,11254.0,270.0,2193663.0,4360.0,38.74,5.4,0.15,1300406400.0
2011-03-17,194.0,201.25,193.5,194.9,197.75475730832875,29008.0,665.0,5736470.0,4520.0,15.58,7.75,0.9,1300320000.0
2011-03-16,196.6,199.0,193.4,195.1,196.53379917184265,19320.0,367.0,3797033.0,5678.0,29.39,5.6,-1.5,1300233600.0
2011-03-15,195.0,200.0,189.15,193.25,195.3016222161121,50918.0,1071.0,9944368.0,18623.0,36.57,10.85,-1.75,1300147200.0
2011-03-14,200.25,203.6,181.05,195.1,198.0452682306837,94415.0,1209.0,18698444.0,28522.0,30.21,22.55,-5.15,1300060800.0
2011-03-11,192.0,207.0,191.55,199.3,201.13142956297563,80682.0,1860.0,16227686.0,15840.0,19.63,15.45,7.3,1299801600.0
2011-03-10,210.75,214.45,191.0,194.55,202.16833173669085,87684.0,1421.0,17726928.0,41259.0,47.05,23.45,-16.2,1299715200.0
2011-03-09,195.0,222.55,194.0,208.85,210.8635409787952,204435.0,4384.0,43107888.0,61318.0,29.99,28.55,13.85,1299628800.0
2011-03-08,187.0,198.5,187.0,193.2,192.33526841821768,33418.0,867.0,6427460.0,7151.0,21.4,11.5,6.2,1299542400.0
2011-03-07,186.1,188.25,183.0,183.3,184.6556495003844,1301.0,43.0,240237.0,1189.0,91.39,5.25,-2.8,1299456000.0
2011-03-04,190.0,197.9,190.0,190.75,192.4959758551308,1988.0,89.0,382682.0,607.0,30.53,7.9,0.75,1299196800.0
2011-03-03,192.25,194.75,187.8,192.0,191.0295391886569,2539.0,146.0,485024.0,1427.0,56.2,6.95,-0.25,1299110400.0
2011-03-01,185.0,193.05,183.0,192.2,189.04772991850987,3436.0,84.0,649568.0,2325.0,67.67,10.05,7.2,1298937600.0
2011-02-28,180.0,185.0,177.5,177.8,181.52601156069363,1730.0,58.0,314040.0,1325.0,76.59,7.5,-2.2,1298851200.0
2011-02-25,180.0,185.25,175.4,180.5,180.42759856630823,2790.0,82.0,503393.0,1589.0,56.95,9.85,0.5,1298592000.0
2011-02-24,193.0,193.0,176.25,180.0,184.15142972211035,2483.0,138.0,457248.0,1401.0,56.42,16.75,-13.0,1298505600.0
2011-02-23,190.5,205.0,187.5,190.2,195.4792666027076,9381.0,268.0,1833791.0,2251.0,24.0,17.5,-0.3,1298419200.0
2011-02-22,192.0,197.0,191.15,193.0,194.56532893531244,5457.0,178.0,1061743.0,2309.0,42.31,5.85,1.0,1298332800.0
2011-02-21,201.7,207.0,192.25,198.3,200.29549931807847,6599.0,80.0,1321750.0,5271.0,79.88,14.75,-3.4,1298246400.0
2011-02-18,210.0,215.0,199.0,200.05,208.46773386693343,3998.0,165.0,833454.0,1978.0,49.47,16.0,-9.95,1297987200.0
2011-02-17,211.2,216.0,207.5,211.85,211.98605751275983,8033.0,212.0,1702884.0,1418.0,17.65,8.5,0.65,1297900800.0
2011-02-16,197.9,220.95,196.95,211.3,213.68005661712667,35325.0,1112.0,7548248.0,6351.0,17.98,24.0,13.4,1297814400.0
2011-02-15,204.0,204.0,192.6,193.3,194.71347248576848,2108.0,69.0,410456.0,1391.0,65.99,11.4,-10.7,1297728000.0
2011-02-14,186.0,197.0,186.0,194.5,193.58731466227349,2428.0,150.0,470030.0,1166.0,48.02,11.0,8.5,1297641600.0
2011-02-11,180.0,187.9,172.1,182.7,180.20521920668057,9580.0,241.0,1726366.0,6457.0,67.4,15.8,2.7,1297382400.0
2011-02-10,195.0,195.0,168.1,179.75,179.07700547488693,8402.0,249.0,1504605.0,4473.0,53.24,26.9,-15.25,1297296000.0
2011-02-09,208.0,211.0,187.85,193.7,195.77734155917,3566.0,133.0,698142.0,2054.0,57.6,23.15,-14.3,1297209600.0
2011-02-08,220.0,220.0,204.0,206.25,209.84703359542527,1399.0,80.0,293576.0,834.0,59.61,16.0,-13.75,1297123200.0
2011-02-07,216.5,223.0,215.0,217.85,217.872191011236,1424.0,81.0,310250.0,554.0,38.9,8.0,1.35,1297036800.0
2011-02-04,224.9,226.7,212.05,214.75,220.12323943661968,1420.0,65.0,312575.0,865.0,60.92,14.65,-10.15,1296777600.0
2011-02-03,220.0,224.95,217.0,223.3,222.29880478087648,753.0,38.0,167391.0,496.0,65.87,7.95,3.3,1296691200.0
2011-02-02,232.8,233.0,214.0,218.05,218.2848967913345,14679.0,293.0,3204204.0,8883.0,60.52,19.0,-14.75,1296604800.0
2011-02-01,228.0,233.9,225.7,226.3,229.53306205493388,3932.0,161.0,902524.0,1593.0,40.51,8.2,-1.7,1296518400.0
2011-01-31,230.0,232.0,223.25,224.35,225.64905833716125,4354.0,196.0,982476.0,2238.0,51.4,8.75,-5.65,1296432000.0
2011-01-28,251.0,253.85,236.05,238.7,242.91111111111115,6075.0,162.0,1475685.0,2822.0,46.45,17.8,-12.3,1296172800.0
2011-01-27,256.0,262.85,251.2,252.4,257.995830727538,9594.0,317.0,2475212.0,2796.0,29.14,11.65,-3.6,1296086400.0
2011-01-25,251.25,257.0,249.95,251.35,253.5312138728324,1730.0,67.0,438609.0,894.0,51.68,7.05,0.1,1295913600.0
2011-01-24,260.0,260.0,252.5,254.05,255.4269862405681,2253.0,92.0,575477.0,1043.0,46.29,7.5,-5.95,1295827200.0
2011-01-21,263.0,265.8,258.05,259.95,261.5148980658652,3826.0,110.0,1000556.0,2009.0,52.51,7.75,-3.05,1295568000.0
2011-01-20,256.0,272.9,256.0,260.5,265.96466509062253,31725.0,882.0,8437729.0,6947.0,21.9,16.9,4.5,1295481600.0
2011-01-19,245.3,275.1,245.3,261.8,266.41504862710053,58198.0,1804.0,15504823.0,6598.0,11.34,29.8,16.5,1295395200.0
2011-01-18,263.7,263.7,248.65,251.7,254.902324120603,6368.0,272.0,1623218.0,2398.0,37.66,15.05,-12.0,1295308800.0
2011-01-17,252.0,299.0,248.2,258.95,273.3583541241879,157922.0,4925.0,43169298.0,9228.0,5.84,50.8,6.95,1295222400.0
2011-01-14,259.2,268.8,250.75,254.7,262.0715722120658,10940.0,385.0,2867063.0,4079.0,37.29,18.05,-4.5,1294963200.0
2011-01-13,259.95,260.05,254.0,254.95,259.17301943198805,2676.0,70.0,693547.0,1695.0,63.34,6.05,-5.0,1294876800.0
2011-01-12,251.0,264.45,248.0,253.65,253.00618445818768,3719.0,135.0,940930.0,2227.0,59.88,16.45,2.65,1294790400.0
2011-01-11,258.2,273.5,255.0,258.65,260.15085714285715,875.0,29.0,227632.0,708.0,80.91,18.5,0.45,1294704000.0
2011-01-10,264.4,271.9,252.1,259.1,261.43071009508395,4943.0,95.0,1292252.0,2213.0,44.77,19.8,-5.3,1294617600.0
2011-01-07,282.35,282.35,268.25,271.25,275.37935222672064,2470.0,83.0,680187.0,1924.0,77.89,14.1,-11.1,1294358400.0
2011-01-06,277.0,282.95,276.5,276.9,277.4561403508772,342.0,16.0,94890.0,316.0,92.4,6.45,-0.1,1294272000.0
2011-01-05,287.15,289.75,278.25,278.35,282.7716115261473,937.0,45.0,264957.0,548.0,58.48,11.5,-8.8,1294185600.0
2011-01-04,291.0,293.95,285.05,287.45,289.8500651890482,1534.0,51.0,444630.0,1195.0,77.9,8.9,-3.55,1294099200.0
2011-01-03,288.7,299.7,288.7,294.4,293.0844730490748,1243.0,58.0,364304.0,671.0,53.98,11.0,5.7,1294012800.0
2010-12-31,296.5,296.5,291.65,294.0,294.2686658506732,4902.0,53.0,1442505.0,4563.0,93.08,4.85,-2.5,1293753600.0
2010-12-30,296.25,296.25,288.0,294.75,293.5070774354704,1201.0,104.0,352502.0,1044.0,86.93,8.25,-1.5,1293667200.0
2010-12-29,298.8,305.5,292.35,296.25,300.0900498818588,3809.0,256.0,1143043.0,1377.0,36.15,13.15,-2.55,1293580800.0
2010-12-28,284.0,299.0,282.0,291.6,290.0429936305732,1884.0,124.0,546441.0,1181.0,62.69,17.0,7.6,1293494400.0
2010-12-27,278.2,286.3,275.0,283.5,282.72266009852217,4060.0,139.0,1147854.0,2900.0,71.43,11.3,5.3,1293408000.0
2010-12-24,275.0,289.9,272.0,284.7,280.7234096052301,3977.0,169.0,1116437.0,2361.0,59.37,17.9,9.7,1293148800.0
2010-12-23,280.0,285.0,278.0,279.75,279.7003338898164,2396.0,63.0,670162.0,1869.0,78.01,7.0,-0.25,1293062400.0
2010-12-22,284.6,289.95,276.0,277.35,281.3857965451056,6252.0,163.0,1759224.0,4342.0,69.45,13.95,-7.25,1292976000.0
2010-12-21,275.1,286.0,275.1,282.15,282.70488322717625,13188.0,252.0,3728312.0,6855.0,51.98,10.9,7.05,1292889600.0
2010-12-20,270.0,283.95,270.0,273.05,277.6460489370237,12465.0,578.0,3460858.0,2658.0,21.32,13.95,3.05,1292803200.0
2010-12-16,252.0,271.0,246.0,266.65,259.66453140231164,7181.0,320.0,1864651.0,4641.0,64.63,25.0,14.65,1292457600.0
2010-12-15,266.0,267.0,247.2,248.25,251.673029932804,6548.0,209.0,1647955.0,3901.0,59.58,19.8,-17.75,1292371200.0
2010-12-14,264.0,267.9,260.0,262.0,263.9613402061856,2328.0,114.0,614502.0,1552.0,66.67,7.9,-2.0,1292284800.0
2010-12-13,264.0,266.8,259.1,259.65,262.1348955034832,1579.0,112.0,413911.0,749.0,47.44,7.7,-4.35,1292198400.0
2010-12-10,250.0,263.8,240.75,257.7,255.46633395000643,23243.0,305.0,5937804.0,19890.0,85.57,23.05,7.7,1291939200.0
2010-12-09,268.1,268.35,240.0,248.35,253.7913787430076,9117.0,361.0,2313816.0,5332.0,58.48,28.35,-19.75,1291852800.0
2010-12-08,280.0,285.45,258.0,272.05,273.7805325987144,5445.0,317.0,1490735.0,3281.0,60.26,27.45,-7.95,1291766400.0
2010-12-07,290.8,290.8,276.0,286.85,281.3001017293998,3932.0,263.0,1106072.0,1764.0,44.86,14.8,-3.95,1291680000.0
2010-12-06,294.0,294.0,285.6,288.45,290.715514741421,10345.0,360.0,3007452.0,4171.0,40.32,8.4,-5.55,1291593600.0
2010-12-03,279.0,290.55,277.0,281.75,284.76135741652985,21924.0,664.0,6243108.0,8386.0,38.25,13.55,2.75,1291334400.0
2010-12-02,284.4,288.0,274.0,276.5,280.2161716171617,3030.0,221.0,849055.0,1457.0,48.09,14.0,-7.9,1291248000.0
2010-12-01,259.2,280.0,258.0,277.8,269.9906112469438,10225.0,388.0,2760654.0,7011.0,68.57,22.0,18.6,1291161600.0
2010-11-30,227.0,262.0,223.05,258.7,250.47128919860629,14350.0,486.0,3594263.0,8206.0,57.18,38.95,31.7,1291075200.0
2010-11-29,242.0,242.0,221.0,230.9,226.04403580933945,8266.0,223.0,1868480.0,6453.0,78.07,21.0,-11.1,1290988800.0
2010-11-26,248.3,251.6,233.0,235.15,236.95383236216944,4462.0,168.0,1057288.0,2830.0,63.42,18.6,-13.15,1290729600.0
2010-11-25,266.8,266.8,250.0,253.05,255.50790808713816,3351.0,144.0,856207.0,2627.0,78.39,16.8,-13.75,1290643200.0
2010-11-24,268.75,268.75,257.05,260.85,264.7659876835623,2111.0,95.0,558921.0,1870.0,88.58,11.7,-7.9,1290556800.0
2010-11-23,275.95,275.95,255.0,262.9,261.9546703296703,4368.0,203.0,1144218.0,1562.0,35.76,20.95,-13.05,1290470400.0
2010-11-22,260.0,269.0,253.75,267.15,263.6095132743363,3616.0,243.0,953212.0,2433.0,67.28,15.25,7.15,1290384000.0
2010-11-19,265.05,268.4,242.5,259.8,259.2305436774588,8185.0,266.0,2121802.0,4824.0,58.94,25.9,-5.25,1290124800.0
2010-11-18,274.0,282.7,264.0,267.45,271.56335744574704,8018.0,308.0,2177395.0,4795.0,59.8,18.7,-6.55,1290038400.0
2010-11-16,294.0,294.0,264.4,268.85,273.77936834570994,11177.0,319.0,3060032.0,8098.0,72.45,29.6,-25.15,1289865600.0
2010-11-15,297.0,299.0,286.25,292.25,289.5955635800877,3877.0,200.0,1122762.0,2298.0,59.27,12.75,-4.75,1289779200.0
2010-11-12,312.0,314.85,290.95,293.05,303.1499639509733,13870.0,459.0,4204690.0,8797.0,63.42,23.9,-18.95,1289520000.0
2010-11-11,315.0,325.0,309.9,312.0,317.91863440309965,27358.0,714.0,8697618.0,10134.0,37.04,15.1,-3.0,1289433600.0
2010-11-10,323.0,324.6,319.1,320.65,322.08981830647923,2917.0,115.0,939536.0,1795.0,61.54,5.5,-2.35,1289347200.0
2010-11-09,328.9,330.0,318.5,319.9,321.86918869644484,2194.0,113.0,706181.0,1314.0,59.89,11.5,-9.0,1289260800.0
2010-11-08,336.0,336.0,321.15,322.9,323.7076196101595,1693.0,55.0,548037.0,1196.0,70.64,14.85,-13.1,1289174400.0
2010-11-05,334.9,334.9,325.0,329.05,329.81205673758865,1128.0,23.0,372028.0,912.0,80.85,9.9,-5.85,1288915200.0
2010-11-04,321.85,330.0,321.85,327.45,328.4762357414449,2104.0,64.0,691114.0,1076.0,51.14,8.15,5.6,1288828800.0
2010-11-03,308.05,335.85,308.0,323.35,325.6129249410973,2971.0,140.0,967396.0,1340.0,45.1,27.85,15.3,1288742400.0
2010-11-02,320.2,335.7,320.2,332.95,331.9148086093569,7759.0,217.0,2575327.0,5753.0,74.15,15.5,12.75,1288656000.0
2010-11-01,322.0,330.0,320.1,323.3,323.60202360876895,1186.0,37.0,383792.0,836.0,70.49,9.9,1.3,1288569600.0
2010-10-29,320.0,320.1,310.95,316.7,317.0964017702521,5197.0,155.0,1647950.0,3957.0,76.14,9.15,-3.3,1288310400.0
2010-10-28,324.2,325.0,317.0,321.25,321.78366406803684,5644.0,179.0,1816147.0,3161.0,56.01,8.0,-2.95,1288224000.0
2010-10-27,333.1,338.0,320.1,327.35,329.5998730427423,4726.0,223.0,1557689.0,3526.0,74.61,17.9,-5.75,1288137600.0
2010-10-26,345.0,347.25,332.1,336.1,337.35522638345446,7156.0,229.0,2414114.0,2377.0,33.22,15.15,-8.9,1288051200.0
2010-10-25,340.05,351.3,340.05,343.85,346.65660022243134,46756.0,689.0,16208276.0,15567.0,33.29,11.25,3.8,1287964800.0
2010-10-22,330.5,345.0,323.0,336.4,336.9852956911178,65423.0,1598.0,22046589.0,15902.0,24.31,22.0,5.9,1287705600.0
2010-10-21,312.5,335.0,309.9,321.95,323.10772901453254,27662.0,802.0,8937806.0,4724.0,17.08,25.1,9.45,1287619200.0
2010-10-20,319.5,324.45,308.0,310.6,314.9257744009351,5133.0,178.0,1616514.0,3321.0,64.7,16.45,-8.9,1287532800.0
2010-10-19,311.0,327.05,310.0,319.6,322.7935574888314,8506.0,334.0,2745682.0,3906.0,45.92,17.05,8.6,1287446400.0
2010-10-18,311.8,311.8,306.0,309.35,308.8012684989429,2838.0,106.0,876378.0,1846.0,65.05,5.8,-2.45,1287360000.0
2010-10-15,318.0,322.45,310.0,311.8,316.4334699962728,8049.0,275.0,2546973.0,4630.0,57.52,12.45,-6.2,1287100800.0
2010-10-14,315.0,327.5,315.0,317.5,321.7882009946836,5831.0,161.0,1876347.0,3183.0,54.59,12.5,2.5,1287014400.0
2010-10-13,303.0,328.9,303.0,321.55,321.3071350464735,7316.0,222.0,2350683.0,4727.0,64.61,25.9,18.55,1286928000.0
2010-10-12,337.95,337.95,318.6,321.5,325.2131203263086,8826.0,206.0,2870331.0,7626.0,86.4,19.35,-16.45,1286841600.0
2010-10-11,327.0,335.0,326.15,329.55,329.57144723093,7656.0,218.0,2523199.0,5493.0,71.75,8.85,2.55,1286755200.0
2010-10-08,332.5,336.45,324.15,325.9,330.088667366212,5718.0,277.0,1887447.0,2932.0,51.28,12.3,-6.6,1286496000.0
2010-10-07,324.0,342.0,320.0,329.0,333.3004154939016,37305.0,1005.0,12433772.0,14948.0,40.07,22.0,5.0,1286409600.0
2010-10-06,331.25,333.4,315.0,323.85,324.1605688046216,27004.0,786.0,8753632.0,11944.0,44.23,18.4,-7.4,1286323200.0
2010-10-05,328.55,341.95,328.25,329.3,333.7235795057937,14326.0,575.0,4780924.0,6533.0,45.6,13.7,0.75,1286236800.0
2010-10-04,343.9,345.0,331.2,334.0,337.80802830918947,9043.0,367.0,3054798.0,4118.0,45.54,13.8,-9.9,1286150400.0
2010-10-01,334.55,344.0,331.05,340.2,338.69978668174457,38909.0,1774.0,13178470.0,15418.0,39.63,12.95,5.65,1285891200.0
2010-09-30,349.0,364.65,327.0,333.0,345.7084170061392,52287.0,1899.0,18076056.0,23998.0,45.9,37.65,-16.0,1285804800.0
2010-09-29,365.5,367.4,345.25,348.75,357.2501412807472,33621.0,1110.0,12011107.0,16997.0,50.55,22.15,-16.75,1285718400.0
2010-09-28,356.95,380.5,354.0,361.0,369.47990724507935,160854.0,3524.0,59432321.0,37117.0,23.07,26.5,4.05,1285632000.0
2010-09-27,347.5,364.0,347.5,356.4,356.9434635659697,79294.0,1901.0,28303475.0,37271.0,47.0,16.5,8.9,1285545600.0
2010-09-24,347.0,356.0,340.0,345.1,349.8094429031264,139491.0,3327.0,48795269.0,33736.0,24.19,16.0,-1.9,1285286400.0
2010-09-23,321.9,354.9,319.15,345.05,342.78171638470764,280951.0,6570.0,96304866.0,45005.0,16.02,35.75,23.15,1285200000.0
2010-09-22,320.0,329.95,309.75,318.95,320.6399149035965,59697.0,1554.0,19141241.0,17941.0,30.05,20.2,-1.05,1285113600.0
2010-09-21,323.0,343.7,312.75,317.6,328.65585661132326,302897.0,6147.0,99548873.0,58449.0,19.3,30.95,-5.4,1285027200.0
2010-09-20,270.0,319.3,270.0,319.3,305.8067196547139,235399.0,5143.0,71986596.0,41161.0,17.49,49.3,49.3,1284940800.0
2010-09-17,260.1,270.0,257.1,266.1,266.5750791974657,9470.0,290.0,2524466.0,6455.0,68.16,12.9,6.0,1284681600.0
2010-09-16,269.0,269.0,258.65,260.7,263.1424349881797,11844.0,284.0,3116659.0,9279.0,78.34,10.35,-8.3,1284595200.0
2010-09-15,268.0,273.75,266.7,268.65,270.9376374068314,18649.0,224.0,5052716.0,12375.0,66.36,7.05,0.65,1284508800.0
2010-09-14,278.25,278.25,267.0,269.95,271.8385062074489,9988.0,347.0,2715123.0,6093.0,61.0,11.25,-8.3,1284422400.0
2010-09-13,274.0,281.7,268.3,278.4,275.1779274912757,20632.0,519.0,5677471.0,9270.0,44.93,13.4,4.4,1284336000.0
2010-09-09,275.5,285.0,269.1,271.55,277.57178688808165,57810.0,1197.0,16046425.0,21986.0,38.03,15.9,-3.95,1283990400.0
2010-09-08,271.4,288.0,261.0,274.1,279.3362360328747,108290.0,2246.0,30249321.0,27277.0,25.19,27.0,2.7,1283904000.0
2010-09-07,264.0,276.95,263.5,268.3,269.9293167923533,257784.0,4102.0,69583459.0,41734.0,16.19,13.45,4.3,1283817600.0
2010-09-06,221.95,262.25,218.05,262.25,255.8951645562328,590163.0,6971.0,151019858.0,110419.0,18.71,44.2,40.3,1283731200.0
2010-09-03,220.05,223.8,217.0,218.55,220.73079937304075,2552.0,85.0,563305.0,2094.0,82.05,6.8,-1.5,1283472000.0
2010-09-02,219.0,222.0,218.95,220.35,220.27060488149985,2827.0,74.0,622705.0,2441.0,86.35,3.05,1.35,1283385600.0
2010-09-01,215.0,222.8,213.1,218.8,219.91017964071847,2505.0,119.0,550875.0,2023.0,80.76,9.7,3.8,1283299200.0
2010-08-31,213.0,217.95,213.0,214.6,214.78623853211008,1090.0,54.0,234117.0,957.0,87.8,4.95,1.6,1283212800.0
2010-08-30,220.0,223.0,213.0,216.55,217.31774061513275,8551.0,265.0,1858284.0,6937.0,81.13,10.0,-3.45,1283126400.0
2010-08-27,223.25,224.35,216.0,217.5,219.35162152737416,8603.0,205.0,1887082.0,7909.0,91.93,8.35,-5.75,1282867200.0
2010-08-26,224.0,224.0,218.0,220.9,220.19157463863897,23453.0,716.0,5164153.0,14550.0,62.04,6.0,-3.1,1282780800.0
2010-08-25,226.0,228.8,218.0,225.85,222.42465554749816,6895.0,281.0,1533618.0,4094.0,59.38,10.8,-0.15,1282694400.0
2010-08-24,241.5,241.5,223.1,224.8,232.1598674437207,17502.0,392.0,4063262.0,12829.0,73.3,18.4,-16.7,1282608000.0
2010-08-23,213.7,243.0,213.7,235.3,229.8028267562273,71460.0,1014.0,16421710.0,53116.0,74.33,29.3,21.6,1282521600.0
2010-08-20,208.05,214.95,208.05,211.7,213.0896531452088,3402.0,109.0,724931.0,2365.0,69.52,6.9,3.65,1282262400.0
2010-08-19,214.3,215.0,211.15,212.5,213.13567467652493,2705.0,94.0,576532.0,1388.0,51.31,3.85,-1.8,1282176000.0
2010-08-18,209.0,219.75,209.0,213.8,214.65991980141305,5237.0,245.0,1124174.0,3074.0,58.7,10.75,4.8,1282089600.0
2010-08-17,214.3,216.15,208.0,209.7,212.02509293680296,5380.0,230.0,1140695.0,3278.0,60.93,8.15,-4.6,1282003200.0
2010-08-16,224.9,229.0,211.0,213.85,223.66373396499213,32507.0,759.0,7270637.0,13581.0,41.78,18.0,-11.05,1281916800.0
2010-08-13,227.8,227.8,212.0,219.4,220.65824433446207,30712.0,455.0,6776856.0,18980.0,61.8,15.8,-8.4,1281657600.0
2010-08-12,229.0,230.0,221.0,225.2,225.14973927187484,20903.0,231.0,4706305.0,18044.0,86.32,9.0,-3.8,1281571200.0
2010-08-11,235.8,236.2,221.25,223.1,227.3199931368764,23313.0,496.0,5299511.0,10862.0,46.59,14.95,-12.7,1281484800.0
2010-08-10,217.0,237.4,217.0,231.7,230.76216946449927,45154.0,974.0,10419835.0,25961.0,57.49,20.4,14.7,1281398400.0
2010-08-09,209.8,217.75,206.2,215.25,214.2273526122384,6259.0,182.0,1340849.0,4987.0,79.68,11.55,5.45,1281312000.0
2010-08-06,200.95,210.0,200.95,207.75,204.3186987569426,11343.0,268.0,2317587.0,9081.0,80.06,9.05,6.8,1281052800.0
2010-08-05,196.15,201.0,196.15,201.0,199.3387314439946,2223.0,86.0,443130.0,1882.0,84.66,4.85,4.85,1280966400.0
2010-08-04,201.55,203.0,195.05,196.25,197.50331525015068,4977.0,173.0,982974.0,3562.0,71.57,7.95,-5.3,1280880000.0
2010-08-03,208.0,208.0,196.5,199.1,199.00154278972684,55095.0,144.0,10963990.0,53330.0,96.8,11.5,-8.9,1280793600.0
2010-08-02,202.05,202.35,198.05,198.8,199.23374529822675,1861.0,51.0,370774.0,1514.0,81.35,4.3,-3.25,1280707200.0
2010-07-30,201.95,208.95,199.1,199.7,202.87989640660408,6178.0,212.0,1253392.0,3203.0,51.85,9.85,-2.25,1280448000.0
2010-07-29,206.0,206.0,199.0,200.45,200.71573318322544,3553.0,99.0,713143.0,1626.0,45.76,7.0,-5.55,1280361600.0
2010-07-28,193.1,205.6,193.1,199.95,200.8950988822012,1163.0,109.0,233641.0,566.0,48.67,12.5,6.85,1280275200.0
2010-07-27,206.45,206.55,201.3,202.05,203.75751559841177,3526.0,116.0,718449.0,2218.0,62.9,5.25,-4.4,1280188800.0
2010-07-26,215.0,216.75,202.6,204.2,207.09887910328263,7494.0,197.0,1551999.0,4768.0,63.62,14.15,-10.8,1280102400.0
2010-07-23,220.0,225.0,214.0,215.0,218.4164981373071,9395.0,317.0,2052023.0,3560.0,37.89,11.0,-5.0,1279843200.0
2010-07-22,222.95,228.0,216.05,219.25,221.03764532201515,5419.0,233.0,1197803.0,2825.0,52.13,11.95,-3.7,1279756800.0
2010-07-21,222.1,223.95,219.0,219.85,221.57038995373432,1513.0,90.0,335236.0,950.0,62.79,4.95,-2.25,1279670400.0
2010-07-20,222.05,228.9,221.15,224.05,225.35154574132488,7925.0,302.0,1785911.0,5687.0,71.76,7.75,2.0,1279584000.0
2010-07-19,204.0,228.9,204.0,220.3,224.36297081865143,29231.0,882.0,6558354.0,9557.0,32.69,24.9,16.3,1279497600.0
2010-07-16,203.25,217.9,202.6,214.25,208.43927085397263,10094.0,364.0,2103986.0,6463.0,64.03,15.3,11.0,1279238400.0
2010-07-15,203.0,214.0,203.0,207.1,208.1234008528785,3752.0,277.0,780879.0,2208.0,58.85,11.0,4.1,1279152000.0
2010-07-14,203.7,225.0,200.0,207.1,208.626041792487,8279.0,353.0,1727215.0,5542.0,66.94,25.0,3.4,1279065600.0
2010-07-13,204.0,204.0,200.25,201.45,201.86039132734004,1891.0,79.0,381718.0,518.0,27.39,3.75,-2.55,1278979200.0
2010-07-12,202.25,210.0,200.0,203.85,205.3569791865572,10474.0,442.0,2150909.0,7474.0,71.36,10.0,1.6,1278892800.0
2010-07-09,218.4,230.0,198.0,202.35,214.9648397104447,30944.0,1007.0,6651872.0,15342.0,49.58,32.0,-16.05,1278633600.0
2010-07-08,223.0,226.0,217.1,218.15,220.8773148148148,432.0,67.0,95419.0,300.0,69.44,8.9,-4.85,1278547200.0
2010-07-07,225.05,229.9,216.65,224.1,224.45264582080577,6652.0,172.0,1493059.0,4544.0,68.31,13.25,-0.95,1278460800.0
2010-07-06,234.5,234.5,226.55,227.45,230.07477168949768,1752.0,109.0,403091.0,1043.0,59.53,7.95,-7.05,1278374400.0
2010-07-05,222.0,234.0,220.5,232.15,229.099220411056,8466.0,225.0,1939554.0,5641.0,66.63,13.5,10.15,1278288000.0
2010-07-02,217.65,226.0,215.1,222.25,219.89544619154583,4897.0,181.0,1076828.0,4059.0,82.89,10.9,4.6,1278028800.0
2010-07-01,212.0,217.7,212.0,215.05,214.98479494592567,9339.0,39.0,2007743.0,9187.0,98.37,5.7,3.05,1277942400.0
2010-06-30,213.05,215.5,211.0,213.8,213.273132664437,8970.0,106.0,1913060.0,7060.0,78.71,4.5,0.75,1277856000.0
2010-06-29,218.95,222.0,211.25,215.55,217.49330207635631,2986.0,153.0,649435.0,2030.0,67.98,10.75,-3.4,1277769600.0
2010-06-28,214.0,220.0,210.0,215.3,215.26958047535487,6269.0,235.0,1349525.0,2686.0,42.85,10.0,1.3,1277683200.0
2010-06-25,204.55,218.0,204.55,211.05,210.44339436897025,15237.0,349.0,3206526.0,5313.0,34.87,13.45,6.5,1277424000.0
2010-06-24,200.0,206.0,197.25,202.25,203.09136196074525,10037.0,157.0,2038428.0,8203.0,81.73,8.75,2.25,1277337600.0
2010-06-23,202.9,212.6,200.0,203.3,208.06023029229408,5645.0,287.0,1174500.0,2628.0,46.55,12.6,0.4,1277251200.0
2010-06-22,203.5,203.5,194.25,200.95,198.36328753558607,8079.0,207.0,1602577.0,4727.0,58.51,9.25,-2.55,1277164800.0
2010-06-21,196.5,209.0,196.1,203.7,205.1078681498112,9799.0,265.0,2009852.0,4970.0,50.72,12.9,7.2,1277078400.0
2010-06-18,191.3,196.0,191.0,195.35,194.07230069427817,4177.0,116.0,810640.0,3641.0,87.17,5.0,4.05,1276819200.0
2010-06-17,184.6,191.0,182.0,189.1,185.37465216291423,3953.0,88.0,732786.0,2407.0,60.89,9.0,4.5,1276732800.0
2010-06-16,189.75,193.0,185.5,186.4,189.53448275862067,2378.0,126.0,450713.0,1696.0,71.32,7.5,-3.35,1276646400.0
2010-06-15,171.4,189.7,171.4,187.55,184.4487074829932,3675.0,161.0,677849.0,2817.0,76.65,18.3,16.15,1276560000.0
2010-06-14,174.25,176.0,171.35,174.45,173.7817142857143,875.0,32.0,152059.0,674.0,77.03,4.65,0.2,1276473600.0
2010-06-11,173.75,177.0,171.0,172.15,173.45450698264915,2363.0,112.0,409873.0,1700.0,71.94,6.0,-1.6,1276214400.0
2010-06-10,170.75,175.0,169.25,171.6,171.07070707070707,99.0,20.0,16936.0,81.0,81.82,5.75,0.85,1276128000.0
2010-06-09,165.0,179.95,162.5,168.95,168.57004160887655,3605.0,165.0,607695.0,2909.0,80.69,17.45,3.95,1276041600.0
2010-06-08,169.6,170.75,157.75,164.05,164.42446176688938,5388.0,112.0,885919.0,4903.0,91.0,13.0,-5.55,1275955200.0
2010-06-07,167.25,168.0,166.2,167.5,167.375,200.0,11.0,33475.0,141.0,70.5,1.8,0.25,1275868800.0
2010-06-04,177.7,177.7,169.4,170.0,171.9092970521542,441.0,38.0,75812.0,270.0,61.22,8.3,-7.7,1275609600.0
2010-06-03,176.7,178.5,173.05,175.75,175.9,1270.0,47.0,223393.0,844.0,66.46,5.45,-0.95,1275523200.0
2010-06-02,170.6,176.0,170.6,174.6,173.4207650273224,183.0,15.0,31736.0,170.0,92.9,5.4,4.0,1275436800.0
2010-06-01,171.75,174.9,168.0,172.25,169.1216897856242,3172.0,30.0,536454.0,2838.0,89.47,6.9,0.5,1275350400.0
2010-05-31,169.1,169.5,168.95,169.5,169.0,201.0,5.0,33969.0,200.0,99.5,0.55,0.4,1275264000.0
2010-05-28,171.15,175.0,168.95,169.35,171.28538283062645,431.0,58.0,73824.0,249.0,57.77,6.05,-1.8,1275004800.0
2010-05-27,170.05,170.05,168.0,168.05,168.53389154704945,2508.0,22.0,422683.0,2500.0,99.68,2.05,-2.0,1274918400.0
2010-05-26,171.0,173.0,170.5,170.6,170.64030858244936,1037.0,9.0,176954.0,1037.0,100.0,2.5,-0.4,1274832000.0
2010-05-25,171.55,171.55,171.0,171.0,171.03318798449612,4128.0,36.0,706025.0,3843.0,93.1,0.55,-0.55,1274745600.0
2010-05-24,170.05,178.45,170.05,173.25,173.88315217391303,368.0,67.0,63989.0,282.0,76.63,8.4,3.2,1274659200.0
2010-05-21,170.0,170.55,168.3,170.55,169.9298245614035,57.0,10.0,9686.0,50.0,87.72,2.25,0.55,1274400000.0
2010-05-20,176.0,176.9,171.1,174.55,174.29873210633946,12225.0,50.0,2130802.0,11937.0,97.64,5.8,-1.45,1274313600.0
2010-05-19,171.0,175.6,168.8,175.0,173.79679066374908,6855.0,110.0,1191377.0,5120.0,74.69,6.8,4.0,1274227200.0
2010-05-18,183.0,183.0,168.0,170.35,174.66195488721803,3325.0,166.0,580751.0,2664.0,80.12,15.0,-12.65,1274140800.0
2010-05-17,181.5,184.9,172.3,183.0,177.4437194127243,1226.0,83.0,217546.0,710.0,57.91,12.6,1.5,1274054400.0
2010-05-14,180.0,182.8,177.0,181.4,181.4682779456193,993.0,39.0,180198.0,784.0,78.95,5.8,1.4,1273795200.0
2010-05-13,179.25,181.85,179.0,179.85,179.6656891495601,1364.0,47.0,245064.0,705.0,51.69,2.85,0.6,1273708800.0
2010-05-12,180.0,182.0,176.0,177.1,178.5372978612415,1917.0,62.0,342256.0,1132.0,59.05,6.0,-2.9,1273622400.0
2010-05-11,182.5,186.35,177.6,178.35,181.1072148327288,2481.0,126.0,449327.0,1777.0,71.62,8.75,-4.15,1273536000.0
2010-05-10,177.75,191.0,177.75,184.1,185.5544354838709,2480.0,162.0,460175.0,1333.0,53.75,13.25,6.35,1273449600.0
2010-05-07,187.0,187.1,175.05,176.5,179.83783783783784,3293.0,153.0,592206.0,2687.0,81.6,12.05,-10.5,1273190400.0
2010-05-06,192.45,194.0,186.15,188.7,190.32632220698065,6561.0,140.0,1248731.0,4558.0,69.47,7.85,-3.75,1273104000.0
2010-05-05,195.0,197.0,187.0,191.15,191.83735816118707,3437.0,178.0,659345.0,2608.0,75.88,10.0,-3.85,1273017600.0
2010-05-04,210.0,211.0,195.6,197.5,202.1461444308445,4085.0,168.0,825767.0,3030.0,74.17,15.4,-12.5,1272931200.0
2010-05-03,210.0,211.9,204.0,207.05,207.30443481160384,2999.0,58.0,621706.0,2355.0,78.53,7.9,-2.95,1272844800.0
2010-04-30,210.0,212.0,206.0,206.7,209.46599423631125,6940.0,140.0,1453694.0,5241.0,75.52,6.0,-3.3,1272585600.0
2010-04-29,213.15,216.9,205.0,206.2,209.7226500072643,6883.0,270.0,1443521.0,4542.0,65.99,11.9,-6.95,1272499200.0
2010-04-28,221.85,221.85,211.5,211.9,215.30043947263283,2503.0,123.0,538897.0,1960.0,78.31,10.35,-9.95,1272412800.0
2010-04-27,220.15,222.25,218.0,218.8,219.29280648429585,987.0,37.0,216442.0,683.0,69.2,4.25,-1.35,1272326400.0
2010-04-26,216.6,225.0,216.6,219.85,219.2237288135593,1770.0,87.0,388026.0,1211.0,68.42,8.4,3.25,1272240000.0
2010-04-23,221.95,222.3,218.0,218.75,220.62244897959184,1470.0,52.0,324315.0,975.0,66.33,4.3,-3.2,1271980800.0
2010-04-22,220.0,223.5,219.7,220.55,221.09347614410905,1027.0,44.0,227063.0,943.0,91.82,3.8,0.55,1271894400.0
2010-04-21,220.0,222.0,219.3,220.0,220.31645569620247,1975.0,81.0,435125.0,1301.0,65.87,2.7,0.0,1271808000.0
2010-04-20,220.05,223.5,219.25,219.7,220.15306946688207,2476.0,69.0,545099.0,1672.0,67.53,4.25,-0.35,1271721600.0
2010-04-19,221.0,221.35,218.05,219.9,220.6515276630884,1211.0,62.0,267209.0,1172.0,96.78,3.3,-1.1,1271635200.0
2010-04-16,224.0,226.25,222.55,224.2,224.0267997898056,1903.0,44.0,426323.0,1611.0,84.66,3.7,0.2,1271376000.0
2010-04-15,227.0,228.8,225.25,225.45,226.7333333333333,930.0,41.0,210862.0,652.0,70.11,3.55,-1.55,1271289600.0
2010-04-13,229.0,232.0,226.1,226.6,229.15770081061163,1357.0,51.0,310967.0,816.0,60.13,5.9,-2.4,1271116800.0
2010-04-12,228.75,233.95,225.55,228.35,228.4355362946912,2769.0,118.0,632538.0,1455.0,52.55,8.4,-0.4,1271030400.0
2010-04-09,230.1,232.0,225.6,227.05,229.0575221238938,3390.0,124.0,776505.0,2137.0,63.04,6.4,-3.05,1270771200.0
2010-04-08,232.95,235.0,230.25,231.45,232.24088748019017,1262.0,84.0,293088.0,469.0,37.16,4.75,-1.5,1270684800.0
2010-04-07,235.0,235.0,229.0,231.1,233.9594022032201,12981.0,91.0,3037027.0,11730.0,90.36,6.0,-3.9,1270598400.0
2010-04-06,232.0,236.05,232.0,235.0,234.1794660060556,3633.0,62.0,850774.0,3345.0,92.07,4.05,3.0,1270512000.0
2010-04-05,234.0,236.95,226.0,229.7,231.0912043301759,3695.0,119.0,853882.0,2020.0,54.67,10.95,-4.3,1270425600.0
2010-04-01,233.0,234.7,229.15,231.45,231.60297029702969,1010.0,57.0,233919.0,700.0,69.31,5.55,-1.55,1270080000.0
2010-03-31,230.0,234.6,226.1,228.05,229.36718224613315,1487.0,71.0,341069.0,978.0,65.77,8.5,-1.95,1269993600.0
2010-03-30,228.85,233.8,226.95,229.85,229.9966013071896,19125.0,122.0,4398685.0,923.0,4.83,6.85,1.0,1269907200.0
2010-03-29,233.3,233.3,225.05,225.6,226.8327932598833,3086.0,86.0,700006.0,2783.0,90.18,8.25,-7.7,1269820800.0
2010-03-26,237.0,237.0,229.0,232.25,231.8714516501269,4333.0,141.0,1004699.0,2535.0,58.5,8.0,-4.75,1269561600.0
2010-03-25,240.5,240.5,233.0,234.8,238.274269005848,1710.0,85.0,407449.0,822.0,48.07,7.5,-5.7,1269475200.0
2010-03-23,235.0,240.55,235.0,237.05,236.7881219903692,1246.0,66.0,295038.0,860.0,69.02,5.55,2.05,1269302400.0
2010-03-22,239.0,242.35,233.0,234.3,236.8515625,3840.0,140.0,909510.0,3278.0,85.36,9.35,-4.7,1269216000.0
2010-03-19,230.0,248.7,230.0,241.85,243.1633798959189,7302.0,188.0,1775579.0,3993.0,54.68,18.7,11.85,1268956800.0
2010-03-18,234.1,234.1,227.35,230.1,229.73117709437963,3772.0,92.0,866546.0,3306.0,87.65,6.75,-4.0,1268870400.0
2010-03-17,240.0,240.0,234.2,234.75,235.24255065554232,5034.0,71.0,1184211.0,4594.0,91.26,5.8,-5.25,1268784000.0
2010-03-16,238.0,239.45,234.5,236.35,236.63636363636363,1727.0,61.0,408671.0,1128.0,65.32,4.95,-1.65,1268697600.0
2010-03-15,237.0,242.25,233.6,240.65,237.27258150721536,1871.0,114.0,443937.0,865.0,46.23,8.65,3.65,1268611200.0
2010-03-12,244.0,244.0,237.4,239.95,240.61768890294024,12652.0,268.0,3044295.0,7771.0,61.42,6.6,-4.05,1268352000.0
2010-03-11,231.1,245.8,230.05,242.25,240.04412601663327,108938.0,2009.0,26149927.0,16537.0,15.18,15.75,11.15,1268265600.0
2010-03-10,233.9,238.9,229.95,232.2,234.78009987053807,5407.0,212.0,1269456.0,3522.0,65.14,8.95,-1.7,1268179200.0
2010-03-09,225.0,240.0,222.7,233.55,231.84752709718555,10979.0,319.0,2545454.0,7175.0,65.35,17.3,8.55,1268092800.0
2010-03-08,225.75,229.95,221.5,225.05,226.91614906832297,1932.0,111.0,438402.0,1479.0,76.55,8.45,-0.7,1268006400.0
2010-03-05,232.9,233.0,220.0,224.35,223.53355830521184,5334.0,146.0,1192328.0,3109.0,58.29,13.0,-8.55,1267747200.0
2010-03-04,221.75,234.8,221.05,231.95,229.39454424484364,7515.0,178.0,1723900.0,4311.0,57.37,13.75,10.2,1267660800.0
2010-03-03,221.25,224.85,218.55,220.3,220.29128919860628,7175.0,95.0,1580590.0,6259.0,87.23,6.3,-0.95,1267574400.0
2010-03-02,227.4,230.25,217.05,219.9,222.15962564220035,30559.0,219.0,6788976.0,16165.0,52.9,13.2,-7.5,1267488000.0
2010-02-26,237.0,237.0,225.0,225.95,226.73375594294768,1893.0,69.0,429207.0,1113.0,58.8,12.0,-11.05,1267142400.0
2010-02-25,248.0,270.0,223.0,224.3,247.62190590289765,49247.0,532.0,12194636.0,21334.0,43.32,47.0,-23.7,1267056000.0
2010-02-24,240.0,240.0,220.0,226.55,225.7845691382765,3992.0,72.0,901332.0,2879.0,72.12,20.0,-13.45,1266969600.0
2010-02-23,227.0,239.0,225.2,225.7,228.8290203327172,2164.0,102.0,495186.0,1774.0,81.98,13.8,-1.3,1266883200.0
2010-02-22,239.35,241.0,233.05,233.6,235.5398496240601,1995.0,67.0,469902.0,1612.0,80.8,7.95,-5.75,1266796800.0
2010-02-19,237.0,245.6,229.95,237.9,238.2288466328988,12043.0,298.0,2868990.0,7425.0,61.65,15.65,0.9,1266537600.0
2010-02-18,236.5,237.0,230.5,232.05,234.6941678520625,3515.0,78.0,824950.0,3416.0,97.18,6.5,-4.45,1266451200.0
2010-02-17,242.5,245.0,236.2,239.9,241.57326680672267,3808.0,147.0,919911.0,2573.0,67.57,8.8,-2.6,1266364800.0
2010-02-16,239.0,246.9,226.3,241.9,239.77335004177107,11970.0,452.0,2870087.0,6535.0,54.59,20.6,2.9,1266278400.0
2010-02-15,231.35,234.85,225.1,229.65,230.9141381536475,4647.0,198.0,1073058.0,2676.0,57.59,9.75,-1.7,1266192000.0
2010-02-11,245.0,245.0,227.15,229.8,234.28983308042487,5272.0,212.0,1235176.0,3426.0,64.98,17.85,-15.2,1265846400.0
2010-02-10,265.0,265.8,238.15,240.45,250.4637927682737,41152.0,354.0,10307086.0,21421.0,52.05,27.65,-24.55,1265760000.0
2010-02-09,248.0,249.95,238.0,240.15,243.19273676714928,8426.0,243.0,2049142.0,3218.0,38.19,11.95,-7.85,1265673600.0
2010-02-08,251.8,252.4,237.0,246.9,246.48471430089623,28229.0,915.0,6958017.0,10207.0,36.16,15.4,-4.9,1265587200.0
2010-02-06,235.35,249.8,235.35,245.2,244.85484648217,29052.0,656.0,7113523.0,8138.0,28.01,14.45,9.85,1265414400.0
2010-02-05,231.0,244.9,228.0,235.15,239.4885919248349,157520.0,3499.0,37724243.0,12934.0,8.21,16.9,4.15,1265328000.0
2010-02-04,228.0,256.0,226.5,237.8,244.4010660002656,165666.0,3017.0,40488947.0,36010.0,21.74,29.5,9.8,1265241600.0
2010-02-03,228.0,231.0,226.25,226.85,228.92129629629628,4752.0,100.0,1087834.0,4046.0,85.14,4.75,-1.15,1265155200.0
2010-02-02,229.8,237.0,223.15,225.25,229.6198744703221,31387.0,479.0,7207079.0,18754.0,59.75,13.85,-4.55,1265068800.0
2010-02-01,225.95,233.6,222.55,224.0,227.19252548131368,12362.0,246.0,2808554.0,8529.0,68.99,11.05,-1.95,1264982400.0
2010-01-29,222.0,228.9,215.0,226.8,222.78414777745067,13588.0,269.0,3027191.0,8823.0,64.93,13.9,4.8,1264723200.0
2010-01-28,215.2,231.0,215.2,224.85,223.101998665438,31471.0,560.0,7021243.0,18058.0,57.38,15.8,9.65,1264636800.0
2010-01-27,229.8,237.9,211.55,214.1,227.19405547897168,41349.0,962.0,9394247.0,21377.0,51.7,26.35,-15.7,1264550400.0
2010-01-25,210.0,232.0,210.0,227.5,226.9333910297288,65862.0,884.0,14946287.0,42095.0,63.91,22.0,17.5,1264377600.0
2010-01-22,200.0,216.0,197.0,213.4,206.6187622714639,39217.0,486.0,8102968.0,31705.0,80.85,19.0,13.4,1264118400.0
2010-01-21,210.0,218.0,206.0,211.25,210.37972556706805,7142.0,209.0,1502532.0,3416.0,47.83,12.0,1.25,1264032000.0
2010-01-20,220.95,220.95,209.0,210.05,211.85697386815784,9299.0,227.0,1970058.0,6735.0,72.43,11.95,-10.9,1263945600.0
2010-01-19,218.9,225.0,215.0,216.85,221.35444792361787,19481.0,455.0,4312206.0,10244.0,52.58,10.0,-2.05,1263859200.0
2010-01-18,204.0,232.0,204.0,218.9,219.78506097560967,51168.0,1047.0,11245962.0,22776.0,44.51,28.0,14.9,1263772800.0
2010-01-15,214.0,214.4,205.6,206.8,211.076906779661,4720.0,145.0,996283.0,3836.0,81.27,8.8,-7.2,1263513600.0
2010-01-14,211.15,215.0,210.0,212.0,213.0145592341444,5014.0,110.0,1068055.0,4018.0,80.14,5.0,0.85,1263427200.0
2010-01-13,207.85,214.9,202.0,209.9,208.87060974017493,7659.0,258.0,1599740.0,4556.0,59.49,12.9,2.05,1263340800.0
2010-01-12,214.0,219.0,204.0,207.3,211.57243118763023,9119.0,303.0,1929329.0,4996.0,54.79,15.0,-6.7,1263254400.0
2010-01-11,218.95,224.0,212.0,213.95,217.7310529845741,22365.0,386.0,4869555.0,13927.0,62.27,12.0,-5.0,1263168000.0
2010-01-08,220.0,233.7,207.0,216.65,224.8046267968652,119305.0,2196.0,26820316.0,23260.0,19.5,26.7,-3.35,1262908800.0
2010-01-07,214.7,219.0,206.0,214.15,214.52890323324303,34702.0,401.0,7444582.0,26273.0,75.71,13.0,-0.55,1262822400.0
2010-01-06,191.0,209.25,189.0,209.25,203.41641666666663,36000.0,478.0,7322991.0,10373.0,28.81,20.25,18.25,1262736000.0
2010-01-05,195.2,195.25,188.35,190.25,192.40365448504983,2408.0,68.0,463308.0,1526.0,63.37,6.9,-4.95,1262649600.0
2010-01-04,205.9,205.9,190.2,194.1,195.5564894448788,5116.0,110.0,1000467.0,4089.0,79.93,15.7,-11.8,1262563200.0
2009-12-31,189.95,197.8,182.05,193.85,191.7218687352916,11473.0,186.0,2199625.0,4800.0,41.84,15.75,3.9,1262217600.0
2009-12-30,185.9,192.0,183.0,186.45,187.12890775762253,7773.0,130.0,1454553.0,3588.0,46.16,9.0,0.55,1262131200.0
2009-12-29,179.75,185.85,179.75,183.1,182.9155405405405,3256.0,75.0,595573.0,2500.0,76.78,6.1,3.35,1262044800.0
2009-12-24,183.0,183.9,178.0,178.55,182.7043325526932,3416.0,51.0,624118.0,3183.0,93.18,5.9,-4.45,1261612800.0
2009-12-23,179.05,180.15,178.95,179.4,179.6544662309368,2295.0,25.0,412307.0,2069.0,90.15,1.2,0.35,1261526400.0
2009-12-22,177.25,184.25,177.25,180.15,180.98495897903368,2194.0,57.0,397081.0,1859.0,84.73,7.0,2.9,1261440000.0
2009-12-21,177.0,179.5,175.0,176.35,176.1945819223756,3839.0,56.0,676411.0,3291.0,85.73,4.5,-0.65,1261353600.0
2009-12-18,177.0,184.45,177.0,179.65,180.41056910569105,2460.0,46.0,443810.0,2184.0,88.78,7.45,2.65,1261094400.0
2009-12-17,180.0,183.9,177.25,178.35,179.67223502304148,1736.0,57.0,311911.0,1177.0,67.8,6.65,-1.65,1261008000.0
2009-12-16,177.0,181.9,175.5,179.9,179.34415791149317,3141.0,62.0,563320.0,1934.0,61.57,6.4,2.9,1260921600.0
2009-12-15,176.75,186.9,175.5,180.35,181.1582555703676,15753.0,244.0,2853786.0,10539.0,66.9,11.4,3.6,1260835200.0
2009-12-14,172.75,178.95,170.0,175.95,175.24676242053215,4247.0,70.0,744273.0,3273.0,77.07,8.95,3.2,1260748800.0
2009-12-11,179.0,179.0,171.0,171.95,174.1257430269776,13122.0,114.0,2284878.0,10137.0,77.25,8.0,-7.05,1260489600.0
2009-12-10,166.0,176.5,162.35,172.95,168.60273690001375,29084.0,181.0,4903642.0,20892.0,71.83,14.15,6.95,1260403200.0
2009-12-09,160.0,167.25,158.5,164.7,164.16551935138443,6537.0,109.0,1073150.0,4311.0,65.95,8.75,4.7,1260316800.0
2009-12-08,157.0,160.5,155.35,158.6,158.26787234042553,4700.0,85.0,743859.0,3695.0,78.62,5.15,1.6,1260230400.0
2009-12-07,159.25,162.95,155.85,156.0,156.88340217799475,15978.0,76.0,2506683.0,15584.0,97.53,7.1,-3.25,1260144000.0
2009-12-04,163.0,163.0,158.0,158.85,159.84774407725968,6627.0,57.0,1059311.0,6214.0,93.77,5.0,-4.15,1259884800.0
2009-12-03,168.9,170.0,160.0,161.65,163.9248460702644,5522.0,59.0,905193.0,4160.0,75.34,10.0,-7.25,1259798400.0
2009-12-02,170.25,173.85,165.35,166.8,168.20081227436825,4432.0,64.0,745466.0,2642.0,59.61,8.5,-3.45,1259712000.0
2009-12-01,163.0,172.95,161.3,169.6,170.64997502497502,32032.0,113.0,5466260.0,5994.0,18.71,11.65,6.6,1259625600.0
2009-11-30,156.0,163.95,156.0,162.95,161.56780881082636,3473.0,85.0,561125.0,2371.0,68.27,7.95,6.95,1259539200.0
2009-11-27,155.0,157.0,151.55,153.55,153.63648293963254,3810.0,46.0,585355.0,3450.0,90.55,5.45,-1.45,1259280000.0
2009-11-26,161.05,163.25,158.5,158.85,160.84268929503915,1532.0,18.0,246411.0,1421.0,92.75,4.75,-2.2,1259193600.0
2009-11-25,164.5,168.5,161.0,161.65,164.1743280582768,3981.0,61.0,653578.0,2901.0,72.87,7.5,-2.85,1259107200.0
2009-11-24,166.35,173.0,160.0,162.3,165.53807710613992,8404.0,160.0,1391182.0,5220.0,62.11,13.0,-4.05,1259020800.0
2009-11-23,162.0,165.15,162.0,165.0,163.5599662162162,1184.0,23.0,193655.0,1079.0,91.13,3.15,3.0,1258934400.0
2009-11-20,157.0,164.85,157.0,162.05,160.31755641166757,3634.0,30.0,582594.0,3444.0,94.77,7.85,5.05,1258675200.0
2009-11-19,160.0,161.0,157.1,159.0,159.87366548042704,1686.0,20.0,269547.0,1439.0,85.35,3.9,-1.0,1258588800.0
2009-11-18,159.7,160.9,158.3,159.9,159.841675734494,1838.0,21.0,293789.0,1595.0,86.78,2.6,0.2,1258502400.0
2009-11-17,165.0,165.0,150.1,157.7,157.43765045739045,4154.0,51.0,653996.0,3357.0,80.81,14.9,-7.3,1258416000.0
2009-11-16,166.95,166.95,161.3,162.35,163.31567796610167,1888.0,25.0,308340.0,1860.0,98.52,5.65,-4.6,1258329600.0
2009-11-13,167.0,172.0,159.0,160.6,166.01252732761913,28817.0,133.0,4783983.0,9520.0,33.04,13.0,-6.4,1258070400.0
2009-11-12,175.0,175.0,161.05,167.05,164.85969387755102,392.0,29.0,64625.0,255.0,65.05,13.95,-7.95,1257984000.0
2009-11-11,170.25,172.15,162.15,163.55,165.14730423620023,3116.0,57.0,514599.0,2257.0,72.43,10.0,-6.7,1257897600.0
2009-11-10,168.0,172.55,168.0,170.2,169.96845794392524,856.0,34.0,145493.0,711.0,83.06,4.55,2.2,1257811200.0
2009-11-09,172.95,172.95,151.1,170.15,166.7080874696286,2881.0,68.0,480286.0,1753.0,60.85,21.85,-2.8,1257724800.0
2009-11-06,158.95,159.65,151.65,159.65,157.7002801120448,714.0,26.0,112598.0,584.0,81.79,8.0,0.7,1257465600.0
2009-11-05,152.1,154.9,150.0,152.05,151.96369460758143,1873.0,24.0,284628.0,1773.0,94.66,4.9,-0.05,1257379200.0
2009-11-04,150.0,155.85,149.5,151.7,153.0735294117647,884.0,19.0,135317.0,679.0,76.81,6.35,1.7,1257292800.0
2009-11-03,161.9,161.9,150.0,151.9,152.40681256618424,5666.0,47.0,863537.0,5342.0,94.28,11.9,-10.0,1257206400.0
2009-10-30,165.0,165.0,155.05,155.1,159.603125,960.0,20.0,153219.0,442.0,46.04,9.95,-9.9,1256860800.0
2009-10-29,156.25,160.0,156.25,158.05,158.0004610419548,2169.0,23.0,342703.0,1993.0,91.89,3.75,1.8,1256774400.0
2009-10-28,167.0,167.0,158.0,158.2,160.09907010014305,2796.0,80.0,447637.0,1966.0,70.31,9.0,-8.8,1256688000.0
2009-10-27,173.1,173.1,163.95,164.45,166.5128556736373,2917.0,83.0,485718.0,2452.0,84.06,9.15,-8.65,1256601600.0
2009-10-26,178.95,180.0,172.0,172.55,176.1852670349908,2715.0,60.0,478343.0,2062.0,75.95,8.0,-6.4,1256515200.0
2009-10-23,183.9,188.0,178.0,179.0,182.1644336175396,1642.0,44.0,299114.0,1171.0,71.32,10.0,-4.9,1256256000.0
2009-10-22,196.5,196.5,184.9,184.9,187.04641185647424,2564.0,68.0,479587.0,1972.0,76.91,11.6,-11.6,1256169600.0
2009-10-21,193.75,196.0,191.3,194.6,194.3726122760845,11779.0,110.0,2289515.0,8943.0,75.92,4.7,0.85,1256083200.0
2009-10-20,190.0,197.8,186.65,192.4,192.70388917793963,15376.0,191.0,2963015.0,9073.0,59.01,11.15,2.4,1255996800.0
2009-10-17,180.05,191.5,179.5,188.7,186.72590669498857,12711.0,131.0,2373473.0,11050.0,86.93,12.0,8.65,1255737600.0
2009-10-16,175.0,182.95,175.0,178.9,180.12272665116916,29252.0,455.0,5268950.0,11488.0,39.27,7.95,3.9,1255651200.0
2009-10-15,156.0,170.65,156.0,170.65,166.93702094689948,36139.0,269.0,6032937.0,25602.0,70.84,14.65,14.65,1255564800.0
2009-10-14,142.1,157.85,142.1,155.15,152.57426029781473,10342.0,83.0,1577923.0,7818.0,75.59,15.75,13.05,1255478400.0
2009-10-12,147.0,149.95,146.0,146.05,147.33512148942884,3169.0,40.0,466905.0,2456.0,77.5,3.95,-0.95,1255305600.0
2009-10-09,149.9,149.9,146.0,146.0,147.26606571677812,3439.0,30.0,506448.0,2879.0,83.72,3.9,-3.9,1255046400.0
2009-10-08,150.15,153.7,148.0,148.6,150.89608920491273,12376.0,111.0,1867490.0,8307.0,67.12,5.7,-1.55,1254960000.0
2009-10-07,152.0,154.5,148.55,150.05,150.81475978207033,4038.0,69.0,608990.0,3378.0,83.66,5.95,-1.95,1254873600.0
2009-10-06,152.2,153.0,148.05,151.7,151.82030527289547,4324.0,52.0,656471.0,2953.0,68.29,4.95,-0.5,1254787200.0
2009-10-05,154.0,156.55,153.0,153.0,154.00027322404372,3660.0,53.0,563641.0,3077.0,84.07,3.55,-1.0,1254700800.0
2009-10-01,155.0,158.5,155.0,156.2,156.19412658227847,9875.0,64.0,1542417.0,8708.0,88.18,3.5,1.2,1254355200.0
2009-09-30,155.3,158.0,154.85,155.05,155.37255807814148,15152.0,75.0,2354205.0,12671.0,83.63,3.15,-0.25,1254268800.0
2009-09-29,154.55,157.1,150.1,154.05,154.22365799510445,35134.0,78.0,5418494.0,2273.0,6.47,7.0,-0.5,1254182400.0
2009-09-25,158.55,159.0,154.0,154.9,155.89407013034696,5447.0,57.0,849155.0,3120.0,57.28,5.0,-3.65,1253836800.0
2009-09-24,153.05,160.0,153.05,156.8,157.50392886683207,9672.0,200.0,1523378.0,4168.0,43.09,6.95,3.75,1253750400.0
2009-09-23,150.0,160.9,149.0,154.3,155.39827899265808,12667.0,249.0,1968430.0,3459.0,27.31,11.9,4.3,1253664000.0
2009-09-22,153.0,153.0,149.0,149.55,150.2878639188747,3057.0,45.0,459430.0,2374.0,77.66,4.0,-3.45,1253577600.0
2009-09-18,154.85,154.9,150.15,152.85,152.8877345422491,15882.0,47.0,2428163.0,1813.0,11.42,4.75,-2.0,1253232000.0
2009-09-17,158.05,161.0,153.25,153.85,157.11090295991008,5338.0,105.0,838658.0,3878.0,72.65,7.75,-4.2,1253145600.0
2009-09-16,159.05,161.85,157.0,158.95,158.7614906832298,5635.0,84.0,894621.0,4772.0,84.69,4.85,-0.1,1253059200.0
2009-09-15,163.9,163.9,156.5,158.0,158.6850154428614,20074.0,85.0,3185443.0,8911.0,44.39,7.4,-5.9,1252972800.0
2009-09-14,152.85,168.0,152.8,158.8,162.68312384992046,32063.0,497.0,5216109.0,6407.0,19.98,15.2,5.95,1252886400.0
2009-09-11,159.95,167.95,151.0,156.6,159.1823016280263,21437.0,332.0,3412391.0,7138.0,33.3,16.95,-3.35,1252627200.0
2009-09-10,154.8,163.2,146.0,162.15,158.52596736118238,19486.0,232.0,3089037.0,10875.0,55.81,17.2,7.35,1252540800.0
2009-09-09,148.95,151.45,148.0,148.4,149.10882040382572,4705.0,61.0,701557.0,3635.0,77.26,3.45,-0.55,1252454400.0
2009-09-08,152.95,152.95,146.15,146.95,150.27891763306573,3363.0,51.0,505388.0,2891.0,85.96,6.8,-6.0,1252368000.0
2009-09-07,167.9,167.9,149.15,151.75,154.80968537939543,6484.0,114.0,1003786.0,3484.0,53.73,18.75,-16.15,1252281600.0
2009-09-04,142.05,152.65,142.05,152.65,145.06634651024123,62053.0,31.0,9001802.0,2042.0,3.29,10.6,10.6,1252022400.0
2009-09-03,143.55,145.9,142.2,145.4,145.137987012987,1848.0,17.0,268215.0,1828.0,98.92,3.7,1.85,1251936000.0
2009-09-02,147.35,147.35,140.0,141.6,143.61208826351137,3127.0,39.0,449075.0,2552.0,81.61,7.35,-5.75,1251849600.0
2009-09-01,148.1,151.5,144.3,145.3,148.05597722960152,3162.0,44.0,468153.0,2299.0,72.71,7.2,-2.8,1251763200.0
2009-08-31,149.95,149.95,146.85,147.25,148.0520666603898,10621.0,14.0,1572461.0,419.0,3.95,3.1,-2.7,1251676800.0
2009-08-28,146.4,151.0,146.0,146.8,147.71342872867365,18170.0,47.0,2683953.0,3166.0,17.42,5.0,0.4,1251417600.0
2009-08-27,150.95,154.0,146.0,147.55,150.25337147527583,9788.0,111.0,1470680.0,6846.0,69.94,8.0,-3.4,1251331200.0
2009-08-26,147.7,152.4,146.05,148.1,148.34664570979496,13997.0,84.0,2076408.0,1834.0,13.1,6.35,0.4,1251244800.0
2009-08-25,154.4,156.9,146.65,147.75,148.89481450252953,4744.0,75.0,706357.0,3114.0,65.64,10.25,-6.65,1251158400.0
2009-08-24,151.55,151.55,149.0,151.55,151.3829697986577,16688.0,98.0,2526279.0,15479.0,92.76,2.55,0.0,1251072000.0
2009-08-21,135.4,144.35,135.4,144.35,142.66502578527894,4266.0,79.0,608609.0,2902.0,68.03,8.95,8.95,1250812800.0
2009-08-20,145.0,145.0,136.0,137.5,138.50980392156862,1887.0,43.0,261368.0,1397.0,74.03,9.0,-7.5,1250726400.0
2009-08-19,144.0,144.8,138.35,138.5,141.861610590182,18130.0,66.0,2571951.0,2698.0,14.88,6.45,-5.5,1250640000.0
2009-08-18,142.5,147.4,142.1,145.6,145.8971098265896,1730.0,29.0,252402.0,1416.0,81.85,5.3,3.1,1250553600.0
2009-08-17,152.85,153.0,145.5,145.55,147.75342083216978,7162.0,73.0,1058210.0,6226.0,86.93,7.5,-7.3,1250467200.0
2009-08-14,159.3,159.3,148.25,152.85,154.7250043021855,17433.0,84.0,2697321.0,4363.0,25.03,11.05,-6.45,1250208000.0
2009-08-13,149.7,151.75,146.5,151.75,149.47835230084115,8084.0,68.0,1208383.0,4972.0,61.5,5.25,2.05,1250121600.0
2009-08-12,140.2,146.0,136.15,144.55,141.32701178882624,3902.0,80.0,551458.0,2324.0,59.56,9.85,4.35,1250035200.0
2009-08-11,144.5,146.6,141.35,143.3,145.7715315315315,2775.0,46.0,404516.0,2250.0,81.08,5.25,-1.2,1249948800.0
2009-08-10,150.25,154.85,145.0,145.15,146.46585350358936,15741.0,42.0,2305519.0,4146.0,26.34,9.85,-5.1,1249862400.0
2009-08-07,154.25,156.45,151.1,151.35,153.98999428244713,3498.0,24.0,538657.0,3207.0,91.68,5.35,-2.9,1249603200.0
2009-08-06,159.85,160.0,156.7,157.55,158.59122807017545,12540.0,40.0,1988734.0,1625.0,12.96,3.3,-2.3,1249516800.0
2009-08-05,160.7,164.0,157.0,158.6,160.77407663099757,11588.0,30.0,1863050.0,1162.0,10.03,7.0,-2.1,1249430400.0
2009-08-04,154.0,160.65,154.0,160.65,159.91069991954947,9944.0,95.0,1590152.0,8473.0,85.21,6.65,6.65,1249344000.0
2009-08-03,150.05,159.5,150.05,153.0,153.14157440170453,26283.0,72.0,4025020.0,3029.0,11.52,9.45,2.95,1249257600.0
2009-07-31,165.0,165.9,156.8,156.85,159.28123025068464,4747.0,59.0,756108.0,3396.0,71.54,9.1,-8.15,1248998400.0
2009-07-30,160.0,165.9,159.5,165.0,162.9717320261438,6120.0,79.0,997387.0,1896.0,30.98,6.4,5.0,1248912000.0
2009-07-29,164.4,165.0,158.0,160.05,161.5654335719968,5028.0,45.0,812351.0,4576.0,91.01,7.0,-4.35,1248825600.0
2009-07-28,160.75,164.15,159.1,163.85,160.15681768239085,109216.0,97.0,17491687.0,104687.0,95.85,5.05,3.1,1248739200.0
2009-07-27,160.0,165.9,159.0,164.15,163.07798521975883,5142.0,46.0,838547.0,3600.0,70.01,6.9,4.15,1248652800.0
2009-07-24,162.0,162.5,154.0,161.5,158.71193452851944,44233.0,142.0,7020305.0,10954.0,24.76,8.5,-0.5,1248393600.0
2009-07-23,151.55,155.95,149.2,154.8,151.4583683061944,11914.0,105.0,1804475.0,5362.0,45.01,6.75,3.25,1248307200.0
2009-07-22,155.0,158.0,149.15,152.35,152.78835105329196,15143.0,123.0,2313674.0,10543.0,69.62,8.85,-2.65,1248220800.0
2009-07-21,145.9,150.95,143.05,150.95,149.72866065232475,11528.0,93.0,1726072.0,8863.0,76.88,7.9,5.05,1248134400.0
2009-07-20,137.0,144.05,134.1,143.8,139.7156205171946,77379.0,150.0,10811055.0,7716.0,9.97,9.95,6.8,1248048000.0
2009-07-17,136.0,139.7,133.35,137.2,136.47078254926527,8779.0,117.0,1198077.0,6557.0,74.69,6.35,1.2,1247788800.0
2009-07-16,140.0,146.85,137.5,139.05,138.75344105326153,25065.0,77.0,3477855.0,14073.0,56.15,9.35,-0.95,1247702400.0
2009-07-15,139.4,141.4,135.1,139.95,138.1759527955117,31014.0,108.0,4285389.0,4646.0,14.98,6.3,0.55,1247616000.0
2009-07-14,132.5,139.5,132.05,135.35,136.68303588636627,25943.0,89.0,3545968.0,4949.0,19.08,7.45,2.85,1247529600.0
2009-07-13,144.0,144.0,135.3,135.3,135.67811579980372,3057.0,49.0,414768.0,2475.0,80.96,8.7,-8.7,1247443200.0
2009-07-10,147.1,154.0,142.35,142.4,149.63449195220696,40508.0,115.0,6061394.0,8199.0,20.24,11.65,-4.7,1247184000.0
2009-07-09,152.0,159.85,147.45,149.8,151.62556006867385,23881.0,271.0,3620970.0,18967.0,79.42,12.4,-2.2,1247097600.0
2009-07-08,139.95,155.25,131.5,155.2,150.62912087912088,22932.0,262.0,3454227.0,15753.0,68.69,23.75,15.25,1247011200.0
2009-07-07,133.0,144.25,126.25,141.15,134.25986778413963,36153.0,129.0,4853897.0,7193.0,19.9,18.0,8.15,1246924800.0
2009-07-06,143.55,143.55,129.95,131.15,140.13788819875776,35420.0,274.0,4963684.0,24294.0,68.59,13.6,-12.4,1246838400.0
2009-07-03,136.75,136.75,136.75,136.75,136.744,125.0,6.0,17093.0,125.0,100.0,0.0,0.0,1246579200.0
2009-07-02,129.95,148.85,126.0,130.25,143.3613581769785,107821.0,475.0,15457365.0,73840.0,68.48,22.85,0.3,1246492800.0
2009-07-01,118.2,124.05,118.2,124.05,121.72884062599807,21917.0,52.0,2667931.0,7667.0,34.98,5.85,5.85,1246406400.0
2009-06-30,118.0,119.85,117.05,118.15,118.20522972102016,10861.0,22.0,1283827.0,2386.0,21.97,2.8,0.15,1246320000.0
2009-06-29,119.0,120.0,117.0,117.15,117.20398322851152,4770.0,45.0,559063.0,3968.0,83.19,3.0,-1.85,1246233600.0
2009-06-26,114.65,121.5,114.6,119.8,118.65318317628132,4351.0,62.0,516260.0,3840.0,88.26,6.9,5.15,1245974400.0
2009-06-25,124.0,124.5,118.0,118.1,120.3626062322946,1765.0,29.0,212440.0,1253.0,70.99,6.5,-5.9,1245888000.0
2009-06-24,123.9,127.5,120.1,121.25,122.10504587155964,2180.0,84.0,266189.0,1515.0,69.5,7.4,-2.65,1245801600.0
2009-06-23,121.0,130.95,119.75,124.15,122.69691470054444,3306.0,87.0,405636.0,1462.0,44.22,11.2,3.15,1245715200.0
2009-06-22,126.15,126.15,123.15,126.05,126.06131857999075,15183.0,121.0,1913989.0,10970.0,72.25,3.0,-0.1,1245628800.0
2009-06-19,115.0,120.75,112.65,120.15,116.78387283817084,179362.0,65.0,20946589.0,178483.0,99.51,8.1,5.15,1245369600.0
2009-06-18,119.0,119.0,113.9,115.0,115.25751072961371,3961.0,50.0,456535.0,2934.0,74.07,5.1,-4.0,1245283200.0
2009-06-17,127.0,127.15,118.0,119.6,126.17481254446936,18271.0,131.0,2305340.0,15770.0,86.31,9.15,-7.4,1245196800.0
2009-06-16,110.1,121.1,110.1,121.1,118.32873034138856,2607.0,44.0,308483.0,1874.0,71.88,11.0,11.0,1245110400.0
2009-06-15,118.95,118.95,114.5,115.35,115.41339648173208,1478.0,24.0,170581.0,1296.0,87.69,4.45,-3.6,1245024000.0
2009-06-12,120.0,120.0,113.4,113.8,115.6520979020979,2288.0,72.0,264612.0,1807.0,78.98,6.6,-6.2,1244764800.0
2009-06-11,113.0,116.5,111.1,114.3,113.59732398853136,3139.0,35.0,356582.0,3002.0,95.64,5.4,1.3,1244678400.0
2009-06-10,120.0,126.0,116.05,116.55,122.2045931323838,18114.0,106.0,2213614.0,4107.0,22.67,9.95,-3.45,1244592000.0
2009-06-09,116.9,124.0,116.9,121.85,120.93671067738232,6968.0,74.0,842687.0,6480.0,93.0,7.1,4.95,1244505600.0
2009-06-08,125.2,125.5,122.85,123.0,123.54428775154491,6311.0,44.0,779688.0,6126.0,97.07,2.65,-2.2,1244419200.0
2009-06-05,126.5,131.75,126.5,129.3,129.70630105017503,8570.0,62.0,1111583.0,5564.0,64.92,5.25,2.8,1244160000.0
2009-06-04,123.1,126.85,123.05,125.5,125.37789575289575,2072.0,48.0,259783.0,1400.0,67.57,3.8,2.4,1244073600.0
2009-06-03,131.55,131.6,123.65,126.15,127.4760269918314,8447.0,148.0,1076790.0,3883.0,45.97,7.95,-5.4,1243987200.0
2009-06-02,139.0,139.0,129.0,130.15,130.4257425742574,3030.0,82.0,395190.0,2120.0,69.97,10.0,-8.85,1243900800.0
2009-06-01,138.0,139.35,134.2,135.75,138.37191307211063,6074.0,96.0,840471.0,4939.0,81.31,5.15,-2.25,1243814400.0
2009-05-29,129.9,133.75,129.9,132.75,132.47891502436957,4719.0,121.0,625168.0,3123.0,66.18,3.85,2.85,1243555200.0
2009-05-28,127.5,127.9,123.5,127.4,126.6816326530612,4655.0,79.0,589703.0,4240.0,91.08,4.4,-0.1,1243468800.0
2009-05-27,119.8,121.85,119.0,121.85,121.22273218142549,3704.0,37.0,449009.0,3698.0,99.84,2.85,2.05,1243382400.0
2009-05-26,124.75,126.45,114.45,116.05,121.9317365269461,6680.0,130.0,814504.0,5432.0,81.32,12.0,-8.7,1243296000.0
2009-05-25,119.1,120.45,115.15,120.45,119.23558823529412,3400.0,62.0,405401.0,2384.0,70.12,5.3,1.35,1243209600.0
2009-05-22,120.0,120.6,112.0,114.75,114.406576980568,5352.0,97.0,612304.0,4062.0,75.9,8.6,-5.25,1242950400.0
2009-05-21,115.5,119.0,114.9,117.05,116.00063471913678,3151.0,79.0,365518.0,2051.0,65.09,4.1,1.55,1242864000.0
2009-05-20,109.6,115.05,109.6,114.9,113.21338769962624,5886.0,138.0,666374.0,5071.0,86.15,5.45,5.3,1242777600.0
2009-05-19,109.0,109.6,101.0,109.6,106.98915678020155,15678.0,148.0,1677376.0,15270.0,97.4,8.6,0.6,1242691200.0
2009-05-18,104.4,104.4,104.4,104.4,104.4,15.0,1.0,1566.0,15.0,100.0,0.0,0.0,1242604800.0
2009-05-15,102.0,104.45,98.3,99.45,102.0520948180816,3628.0,105.0,370245.0,2185.0,60.23,6.15,-2.55,1242345600.0
2009-05-14,92.4,100.8,92.4,100.1,99.6216917488324,3854.0,73.0,383942.0,3361.0,87.21,8.4,7.7,1242259200.0
2009-05-13,97.15,99.85,94.35,96.7,96.99704221564936,7438.0,93.0,721464.0,5240.0,70.45,5.5,-0.45,1242172800.0
2009-05-12,97.1,102.9,97.1,99.3,100.74318155214796,8543.0,159.0,860649.0,3615.0,42.32,5.8,2.2,1242086400.0
2009-05-11,104.0,104.0,97.05,100.2,99.55997804007684,3643.0,94.0,362697.0,2729.0,74.91,6.95,-3.8,1242000000.0
2009-05-08,100.65,104.0,99.25,102.15,102.1079034548036,14791.0,287.0,1510278.0,9224.0,62.36,4.75,1.5,1241740800.0
2009-05-07,89.0,97.35,89.0,96.85,89.1164304560331,416154.0,117.0,37086159.0,415054.0,99.74,8.35,7.85,1241654400.0
2009-05-06,90.6,100.45,90.2,91.5,95.87359985429376,10981.0,267.0,1052788.0,7670.0,69.85,10.25,0.9,1241568000.0
2009-05-05,89.0,95.7,89.0,92.65,93.5195530726257,8413.0,164.0,786780.0,4786.0,56.89,6.7,3.65,1241481600.0
2009-05-04,81.7,88.1,81.65,88.1,86.67965367965368,6468.0,141.0,560644.0,4858.0,75.11,6.45,6.4,1241395200.0
2009-04-29,84.95,84.95,79.25,80.1,79.829261482619,7163.0,85.0,571817.0,4850.0,67.71,5.7,-4.85,1240963200.0
2009-04-28,89.85,94.55,81.35,82.15,86.35257720865167,18586.0,273.0,1604949.0,15247.0,82.03,13.2,-7.7,1240876800.0
2009-04-27,92.7,97.9,89.0,90.25,93.48152976966536,9204.0,211.0,860404.0,6271.0,68.13,8.9,-2.45,1240790400.0
2009-04-24,94.05,99.8,94.05,95.65,95.80642398286938,4670.0,102.0,447416.0,3025.0,64.78,5.75,1.6,1240531200.0
2009-04-23,101.0,101.0,94.0,95.55,96.76632134480064,20464.0,306.0,1980226.0,7085.0,34.62,7.0,-5.45,1240444800.0
2009-04-22,87.0,104.9,87.0,100.65,99.53330826844496,101071.0,1547.0,10059931.0,28301.0,28.0,17.9,13.65,1240358400.0
2009-04-21,86.1,88.75,86.1,87.5,87.12939043734421,4413.0,114.0,384502.0,3018.0,68.39,2.65,1.4,1240272000.0
2009-04-20,89.4,92.0,88.5,89.3,90.38556469708304,2674.0,88.0,241691.0,1502.0,56.17,3.5,-0.1,1240185600.0
2009-04-17,71.0,96.0,71.0,88.65,92.55175163614363,36366.0,487.0,3365737.0,16524.0,45.44,25.0,17.65,1239926400.0
2009-04-16,92.0,94.35,84.25,85.7,89.95692475463468,18340.0,236.0,1649810.0,12326.0,67.21,10.1,-6.3,1239840000.0
2009-04-15,85.1,97.0,84.25,90.9,93.03745876953964,34865.0,423.0,3243751.0,21950.0,62.96,12.75,5.8,1239753600.0
2009-04-13,92.4,92.4,83.8,87.75,89.67226380978744,169789.0,1010.0,15225364.0,73649.0,43.38,8.6,-4.65,1239580800.0
2009-04-09,71.8,81.6,70.0,81.6,77.98781173823365,42664.0,472.0,3327272.0,29953.0,70.21,11.6,9.8,1239235200.0
2009-04-08,67.0,68.0,67.0,68.0,67.96782888444483,11501.0,85.0,781698.0,10433.0,90.71,1.0,1.0,1239148800.0
2009-04-06,67.0,68.0,66.85,67.2,67.66878127233737,11192.0,101.0,757349.0,9858.0,88.08,1.15,0.2,1238976000.0
2009-04-02,69.95,72.0,66.5,67.0,68.52918809039818,41815.0,247.0,2865548.0,36355.0,86.94,5.5,-2.95,1238630400.0
2009-04-01,68.0,71.95,68.0,69.35,69.83384397831722,4243.0,95.0,296305.0,2947.0,69.46,3.95,1.35,1238544000.0
2009-03-31,65.0,71.0,64.0,67.65,66.59976739482201,19776.0,202.0,1317077.0,14585.0,73.75,7.0,2.65,1238457600.0
2009-03-30,61.6,66.5,61.6,63.2,63.847571189279726,1194.0,41.0,76234.0,995.0,83.33,4.9,1.6,1238371200.0
2009-03-27,63.4,64.0,62.25,62.35,63.25534441805225,2526.0,26.0,159783.0,2520.0,99.76,1.75,-1.05,1238112000.0
2009-03-26,63.9,64.4,62.3,62.8,63.11940715883669,14304.0,48.0,902860.0,13131.0,91.8,2.1,-1.1,1238025600.0
2009-03-25,63.5,63.5,61.0,62.15,61.89372328922301,19421.0,102.0,1202038.0,18190.0,93.66,2.5,-1.35,1237939200.0
2009-03-24,68.5,68.5,62.2,62.75,64.20278017049336,33667.0,158.0,2161515.0,14577.0,43.3,6.3,-5.75,1237852800.0
2009-03-23,74.0,74.0,65.5,66.65,66.46062618595826,2108.0,42.0,140099.0,1758.0,83.4,8.5,-7.35,1237766400.0
2009-03-20,62.1,66.0,61.3,65.95,64.57905965372937,24374.0,63.0,1574050.0,13602.0,55.81,4.7,3.85,1237507200.0
2009-03-19,67.15,67.9,61.0,62.5,65.84381001152221,15622.0,202.0,1028612.0,8551.0,54.74,6.9,-4.65,1237420800.0
2009-03-18,61.95,71.0,59.65,66.55,66.10756143667297,5290.0,133.0,349709.0,3965.0,74.95,11.35,4.6,1237334400.0
2009-03-17,60.0,63.4,59.5,59.6,60.33116883116883,1386.0,51.0,83619.0,1282.0,92.5,3.9,-0.4,1237248000.0
2009-03-16,60.9,63.7,59.9,62.35,62.631061738944666,4681.0,67.0,293176.0,4322.0,92.33,3.8,1.45,1237161600.0
2009-03-13,55.0,59.7,55.0,58.75,58.01442741208296,1109.0,66.0,64338.0,940.0,84.76,4.7,3.75,1236902400.0
2009-03-12,57.15,57.65,51.15,54.65,56.80355972919851,9158.0,76.0,520207.0,8792.0,96.0,6.5,-2.5,1236816000.0
2009-03-09,60.0,60.0,57.55,58.5,57.919205298013246,755.0,11.0,43729.0,752.0,99.6,2.45,-1.5,1236556800.0
2009-03-06,62.0,62.0,57.0,59.4,61.63009103977,8348.0,48.0,514488.0,8287.0,99.27,5.0,-2.6,1236297600.0
2009-03-05,66.0,66.0,60.05,60.55,64.47101449275361,19872.0,53.0,1281168.0,19433.0,97.79,5.95,-5.45,1236211200.0
2009-03-04,70.0,70.0,63.25,63.85,65.32857142857144,3080.0,53.0,201212.0,2618.0,85.0,6.75,-6.15,1236124800.0
2009-03-03,65.0,69.0,65.0,68.75,66.93131436550881,11458.0,21.0,766899.0,11372.0,99.25,4.0,3.75,1236038400.0
2009-03-02,70.85,70.85,68.05,69.25,69.66023166023166,1036.0,25.0,72168.0,932.0,89.96,2.8,-1.6,1235952000.0
2009-02-27,70.7,72.75,69.5,69.85,70.22081352350766,1893.0,32.0,132928.0,1536.0,81.14,3.25,-0.85,1235692800.0
2009-02-26,71.8,71.8,69.0,70.0,70.07232401157184,1037.0,22.0,72665.0,961.0,92.67,2.8,-1.8,1235606400.0
2009-02-25,71.2,72.6,71.2,71.95,71.92799279927993,1111.0,17.0,79912.0,802.0,72.19,1.4,0.75,1235520000.0
2009-02-24,73.0,73.0,70.05,71.2,72.3011859838275,18550.0,49.0,1341187.0,18032.0,97.21,2.95,-1.8,1235433600.0
2009-02-20,73.0,73.0,70.05,72.05,71.88483146067416,1424.0,25.0,102364.0,1206.0,84.69,2.95,-0.95,1235088000.0
2009-02-19,73.0,74.95,71.5,72.1,72.8576756968983,5094.0,98.0,371137.0,3400.0,66.75,3.45,-0.9,1235001600.0
2009-02-18,79.0,79.0,73.0,73.9,74.30348713263287,6567.0,82.0,487951.0,6039.0,91.96,6.0,-5.1,1234915200.0
2009-02-17,78.55,79.85,76.7,77.05,77.91428571428571,2555.0,53.0,199071.0,1599.0,62.58,3.15,-1.5,1234828800.0
2009-02-16,81.9,81.9,78.2,78.35,78.94272300469483,1065.0,36.0,84074.0,996.0,93.52,3.7,-3.55,1234742400.0
2009-02-13,78.25,80.75,78.0,79.65,79.49924812030075,665.0,15.0,52867.0,315.0,47.37,2.75,1.4,1234483200.0
2009-02-12,77.05,81.45,77.05,78.4,79.79674796747966,123.0,8.0,9815.0,90.0,73.17,4.4,1.35,1234396800.0
2009-02-11,81.45,81.5,78.15,79.75,79.80376084860173,2074.0,36.0,165513.0,1695.0,81.73,3.35,-1.7,1234310400.0
2009-02-10,85.75,85.75,78.5,80.75,81.31202675416456,15848.0,96.0,1288633.0,6253.0,39.46,7.25,-5.0,1234224000.0
2009-02-09,78.0,84.85,74.3,83.15,81.0686868109899,35014.0,413.0,2838539.0,14498.0,41.41,10.55,5.15,1234137600.0
2009-02-06,84.65,84.65,76.0,77.15,77.97717099373321,2234.0,46.0,174201.0,1853.0,82.95,8.65,-7.5,1233878400.0
2009-02-05,81.4,82.0,78.0,78.2,79.24464633354964,1541.0,62.0,122116.0,1421.0,92.21,4.0,-3.2,1233792000.0
2009-02-04,87.0,87.0,83.2,83.5,83.78138528138528,462.0,30.0,38707.0,381.0,82.47,3.8,-3.5,1233705600.0
2009-02-03,87.0,87.75,83.0,84.75,85.14419642857142,2240.0,36.0,190723.0,1711.0,76.38,4.75,-2.25,1233619200.0
2009-02-02,89.5,89.5,86.1,86.1,86.48300970873785,412.0,9.0,35631.0,410.0,99.51,3.4,-3.4,1233532800.0
2009-01-30,93.0,93.0,86.1,90.0,89.64841289071965,4127.0,45.0,369979.0,3549.0,85.99,6.9,-3.0,1233273600.0
2009-01-29,96.0,98.95,88.05,89.9,94.83329681165772,18254.0,138.0,1731087.0,14284.0,78.25,10.9,-6.1,1233187200.0
2009-01-28,91.0,98.85,89.1,94.85,94.37393767705382,12002.0,164.0,1132676.0,5847.0,48.72,9.75,3.85,1233100800.0
2009-01-27,88.1,90.95,87.5,90.0,89.53254437869822,4732.0,124.0,423668.0,3850.0,81.36,3.45,1.9,1233014400.0
2009-01-23,94.65,94.7,87.0,91.95,91.30815477108062,12974.0,134.0,1184632.0,8072.0,62.22,7.7,-2.7,1232668800.0
2009-01-22,92.0,95.85,86.05,92.45,92.0841303164606,12861.0,195.0,1184294.0,11108.0,86.37,9.8,0.45,1232582400.0
2009-01-21,86.0,94.4,83.6,88.55,90.67406263165284,35605.0,212.0,3228450.0,10063.0,28.26,10.8,2.55,1232496000.0
2009-01-20,82.05,89.0,82.05,86.25,86.28722350610762,3029.0,49.0,261364.0,2115.0,69.83,6.95,4.2,1232409600.0
2009-01-19,80.0,87.75,80.0,85.6,86.0982638888889,8640.0,66.0,743889.0,8061.0,93.3,7.75,5.6,1232323200.0
2009-01-16,78.5,82.0,78.5,81.05,80.23026315789474,152.0,10.0,12195.0,151.0,99.34,3.5,2.55,1232064000.0
2009-01-15,81.0,81.0,75.5,80.3,79.54783519553072,2864.0,27.0,227825.0,2073.0,72.38,5.5,-0.7,1231977600.0
2009-01-14,79.65,83.7,78.4,78.85,79.49437016185784,2842.0,27.0,225923.0,1440.0,50.67,5.3,-0.8,1231891200.0
2009-01-13,81.0,82.0,79.2,79.55,80.40078973346495,1013.0,35.0,81446.0,908.0,89.63,2.8,-1.45,1231804800.0
2009-01-12,81.25,83.0,81.0,81.35,82.15189873417722,711.0,11.0,58410.0,710.0,99.86,2.0,0.1,1231718400.0
2009-01-09,82.85,83.6,80.6,81.45,82.5738616614529,2877.0,48.0,237565.0,1956.0,67.99,3.0,-1.4,1231459200.0
2009-01-07,97.0,97.0,81.1,82.6,84.84079197179278,7374.0,98.0,625616.0,4522.0,61.32,15.9,-14.4,1231286400.0
2009-01-06,88.85,89.35,88.85,89.35,89.33879412261442,5921.0,28.0,528975.0,5920.0,99.98,0.5,0.5,1231200000.0
2009-01-05,84.65,85.1,82.7,85.1,84.76086451313037,4303.0,72.0,364726.0,4099.0,95.26,2.4,0.45,1231113600.0
2009-01-02,84.45,86.95,80.85,81.05,82.53898128898128,5772.0,130.0,476415.0,5066.0,87.77,6.1,-3.4,1230854400.0
2009-01-01,82.4,84.85,82.0,84.25,82.8736842105263,2565.0,80.0,212571.0,2116.0,82.5,2.85,1.85,1230768000.0
2008-12-31,82.0,84.0,80.5,81.35,81.71521358980765,4003.0,90.0,327106.0,2969.0,74.17,3.5,-0.65,1230681600.0
2008-12-30,82.05,84.95,79.8,80.75,80.4395493356237,19793.0,93.0,1592140.0,19028.0,96.13,5.15,-1.3,1230595200.0
2008-12-29,84.95,85.0,82.5,83.95,83.58898305084746,1180.0,44.0,98635.0,786.0,66.61,2.5,-1.0,1230508800.0
2008-12-26,88.85,88.85,85.0,85.5,85.77144140098787,2227.0,31.0,191013.0,1787.0,80.24,3.85,-3.35,1230249600.0
2008-12-24,85.25,89.7,85.25,86.5,88.50214592274678,466.0,14.0,41242.0,416.0,89.27,4.45,1.25,1230076800.0
2008-12-23,89.0,90.0,87.5,88.05,89.46031746031746,1260.0,22.0,112720.0,1049.0,83.25,2.5,-0.95,1229990400.0
2008-12-22,92.0,93.0,86.0,87.75,89.24379124175167,8335.0,89.0,743847.0,7048.0,84.56,7.0,-4.25,1229904000.0
2008-12-19,88.5,92.9,88.5,88.6,89.04166666666666,120.0,8.0,10685.0,110.0,91.67,4.4,0.1,1229644800.0
2008-12-18,92.9,92.9,87.8,89.3,90.13650793650793,630.0,13.0,56786.0,457.0,72.54,5.1,-3.6,1229558400.0
2008-12-17,90.0,93.0,89.6,90.9,91.47826813774655,5982.0,27.0,547223.0,5547.0,92.73,3.4,0.9,1229472000.0
2008-12-16,88.05,93.5,88.05,91.45,91.54197838736494,2406.0,41.0,220250.0,1620.0,67.33,5.45,3.4,1229385600.0
2008-12-15,92.7,92.7,88.5,92.0,89.77419354838709,1085.0,22.0,97405.0,985.0,90.78,4.2,-0.7,1229299200.0
2008-12-12,86.7,88.45,86.0,88.45,86.51299394802419,2809.0,19.0,243015.0,2669.0,95.02,2.45,1.75,1229040000.0
2008-12-11,87.2,91.3,87.2,88.25,88.37371134020617,776.0,19.0,68578.0,711.0,91.62,4.1,1.05,1228953600.0
2008-12-10,91.9,92.0,88.0,88.8,88.7295154185022,1135.0,22.0,100708.0,973.0,85.73,4.0,-3.1,1228867200.0
2008-12-08,86.0,90.9,86.0,88.0,89.86039886039886,351.0,12.0,31541.0,202.0,57.55,4.9,2.0,1228694400.0
2008-12-05,90.15,90.15,86.0,86.6,89.59128289473684,1216.0,19.0,108943.0,1103.0,90.71,4.15,-3.55,1228435200.0
2008-12-04,79.0,85.9,79.0,85.9,80.7122641509434,848.0,17.0,68444.0,573.0,67.57,6.9,6.9,1228348800.0
2008-12-03,85.0,85.0,80.85,81.85,82.07846567967698,7430.0,70.0,609843.0,5225.0,70.32,4.15,-3.15,1228262400.0
2008-12-02,85.0,85.0,84.0,85.0,84.51401345291478,5352.0,11.0,452319.0,5351.0,99.98,1.0,0.0,1228176000.0
2008-12-01,92.4,92.45,83.75,85.15,86.08320201701859,6346.0,81.0,546284.0,4790.0,75.48,8.7,-7.25,1228089600.0
2008-11-28,90.85,93.6,88.15,88.15,91.28666114333056,1207.0,18.0,110183.0,1153.0,95.53,5.45,-2.7,1227830400.0
2008-11-26,88.35,93.0,88.3,89.55,89.44693572496263,669.0,12.0,59840.0,658.0,98.36,4.7,1.2,1227657600.0
2008-11-25,93.45,93.45,91.35,92.9,92.67097862767152,1778.0,23.0,164769.0,1773.0,99.72,2.1,-0.55,1227571200.0
2008-11-24,87.0,89.15,85.05,89.15,87.6706827309237,1494.0,17.0,130980.0,1445.0,96.72,4.1,2.15,1227484800.0
2008-11-21,84.8,85.15,81.0,84.95,82.8532986111111,2304.0,34.0,190894.0,1824.0,79.17,4.15,0.15,1227225600.0
2008-11-20,84.0,84.1,80.65,81.1,81.25973451327434,2260.0,31.0,183647.0,2224.0,98.41,3.45,-2.9,1227139200.0
2008-11-19,89.5,89.5,84.85,84.85,84.87398091617007,54706.0,54.0,4643116.0,53806.0,98.35,4.65,-4.65,1227052800.0
2008-11-18,89.3,92.9,89.3,89.3,90.00454545454545,1540.0,16.0,138607.0,1540.0,100.0,3.6,0.0,1226966400.0
2008-11-17,94.6,94.6,93.95,93.95,94.2447013487476,519.0,15.0,48913.0,467.0,89.98,0.65,-0.65,1226880000.0
2008-11-14,100.35,100.35,98.85,98.85,99.16582491582491,2376.0,19.0,235618.0,2225.0,93.64,1.5,-1.5,1226620800.0
2008-11-12,105.0,111.0,104.0,104.0,104.4015508169482,3611.0,43.0,376994.0,3421.0,94.74,7.0,-1.0,1226448000.0
2008-11-11,102.05,111.05,102.05,109.45,107.14631326892908,12111.0,64.0,1297649.0,11041.0,91.17,9.0,7.4,1226361600.0
2008-11-10,100.1,105.8,100.1,105.8,103.42670250896056,5580.0,37.0,577121.0,2941.0,52.71,5.7,5.7,1226275200.0
2008-11-07,97.0,101.3,96.1,100.8,98.21877691645132,2322.0,46.0,228064.0,2110.0,90.87,5.2,3.8,1226016000.0
2008-11-06,90.1,97.85,90.1,97.85,96.732741617357,22308.0,63.0,2157914.0,21477.0,96.27,7.75,7.75,1225929600.0
2008-11-05,93.45,93.45,90.1,93.2,93.33731498312126,3851.0,43.0,359442.0,3525.0,91.53,3.35,-0.25,1225843200.0
2008-11-04,86.0,89.0,82.55,89.0,86.03082747431043,14792.0,93.0,1272568.0,13799.0,93.29,6.45,3.0,1225756800.0
2008-11-03,83.35,86.15,81.4,84.8,83.78727461858531,11536.0,67.0,966570.0,10225.0,88.64,4.75,1.45,1225670400.0
2008-10-31,85.95,85.95,82.05,82.05,82.23849933005806,2239.0,56.0,184132.0,2087.0,93.21,3.9,-3.9,1225411200.0
2008-10-29,87.6,87.7,86.35,86.35,86.4247885251931,2719.0,36.0,234989.0,2559.0,94.12,1.35,-1.25,1225238400.0
2008-10-28,90.0,91.8,85.55,90.85,90.6225680933852,1028.0,16.0,93160.0,978.0,95.14,6.25,0.85,1225152000.0
2008-10-27,88.5,88.5,87.45,87.45,87.4764705882353,2890.0,28.0,252807.0,2890.0,100.0,1.05,-1.05,1225065600.0
2008-10-24,97.0,97.0,91.5,92.05,93.35318444995865,2418.0,24.0,225728.0,2288.0,94.62,5.5,-4.95,1224806400.0
2008-10-23,95.75,98.0,95.65,96.3,95.72495939361126,1847.0,45.0,176804.0,1746.0,94.53,2.35,0.55,1224720000.0
2008-10-22,102.9,102.9,96.5,100.65,98.67558528428091,299.0,7.0,29504.0,175.0,58.53,6.4,-2.25,1224633600.0
2008-10-21,98.0,101.3,98.0,99.35,99.67403767403768,1221.0,31.0,121702.0,844.0,69.12,3.3,1.35,1224547200.0
2008-10-20,95.5,96.5,93.15,96.5,96.36117472719924,7423.0,29.0,715289.0,7324.0,98.67,3.35,1.0,1224460800.0
2008-10-17,103.0,103.0,90.0,91.95,94.77420878601797,2117.0,62.0,200637.0,1355.0,64.01,13.0,-11.05,1224201600.0
2008-10-16,100.05,100.05,96.0,98.05,98.95849346656418,1301.0,29.0,128745.0,1115.0,85.7,4.05,-2.0,1224115200.0
2008-10-15,106.85,106.9,103.0,104.6,104.25541619156212,877.0,26.0,91432.0,619.0,70.58,3.9,-2.25,1224028800.0
2008-10-14,112.8,115.0,100.0,103.85,108.38458669981354,8045.0,100.0,871954.0,7453.0,92.64,15.0,-8.95,1223942400.0
2008-10-13,121.0,121.0,107.0,107.65,111.64197341120418,13013.0,74.0,1452797.0,11961.0,91.92,14.0,-13.35,1223856000.0
2008-10-10,107.0,122.9,105.25,115.25,113.27503628447025,2756.0,45.0,312186.0,2556.0,92.74,17.65,8.25,1223596800.0
2008-10-08,111.0,117.8,107.05,112.6,109.6929861402772,2381.0,64.0,261179.0,1372.0,57.62,10.75,1.6,1223424000.0
2008-10-07,122.0,127.5,117.15,118.65,123.014440433213,1939.0,71.0,238525.0,1438.0,74.16,10.35,-3.35,1223337600.0
2008-10-06,135.1,135.1,125.55,127.85,129.62804328223623,2218.0,58.0,287515.0,1686.0,76.01,9.55,-7.25,1223251200.0
2008-10-03,143.0,143.0,136.05,137.9,139.36532066508312,2105.0,94.0,293364.0,1356.0,64.42,6.95,-5.1,1222992000.0
2008-10-01,140.0,151.0,135.7,140.5,144.01801643192488,17040.0,300.0,2454067.0,5632.0,33.05,15.3,0.5,1222819200.0
2008-09-30,141.0,141.0,137.55,139.05,140.20377358490566,265.0,8.0,37154.0,265.0,100.0,3.45,-1.95,1222732800.0
2008-09-29,146.0,146.0,140.0,143.5,143.3163064833006,509.0,19.0,72948.0,459.0,90.18,6.0,-2.5,1222646400.0
2008-09-26,153.2,157.85,150.0,150.0,152.05920281359906,1706.0,41.0,259413.0,1421.0,83.29,7.85,-3.2,1222387200.0
2008-09-25,153.5,162.4,153.5,155.95,156.92884222805483,3429.0,70.0,538109.0,2317.0,67.57,8.9,2.45,1222300800.0
2008-09-24,158.9,161.0,155.1,158.8,158.92007992007993,1001.0,29.0,159079.0,510.0,50.95,5.9,-0.1,1222214400.0
2008-09-23,154.0,155.0,150.1,150.55,152.3586592178771,895.0,19.0,136361.0,589.0,65.81,4.9,-3.45,1222128000.0
2008-09-22,156.0,156.0,151.65,153.85,153.90514905149053,369.0,12.0,56791.0,170.0,46.07,4.35,-2.15,1222041600.0
2008-09-19,150.0,155.0,150.0,152.55,151.410447761194,402.0,16.0,60867.0,300.0,74.63,5.0,2.55,1221782400.0
2008-09-18,144.5,151.9,142.7,151.9,147.48504983388705,602.0,18.0,88786.0,371.0,61.63,9.2,7.4,1221696000.0
2008-09-17,153.65,159.4,153.65,157.55,157.83493975903613,830.0,28.0,131003.0,705.0,84.94,5.75,3.9,1221609600.0
2008-09-16,153.0,156.9,153.0,155.1,154.92846034214617,643.0,18.0,99619.0,390.0,60.65,3.9,2.1,1221523200.0
2008-09-15,157.0,160.0,152.7,156.4,156.92869875222817,1122.0,26.0,176074.0,962.0,85.74,7.3,-0.6,1221436800.0
2008-09-12,171.0,171.75,162.1,166.0,168.37174290677476,1727.0,28.0,290778.0,1592.0,92.18,9.65,-5.0,1221177600.0
2008-09-11,169.0,171.9,169.0,171.0,170.94816862474084,1447.0,23.0,247362.0,1437.0,99.31,2.9,2.0,1221091200.0
2008-09-10,174.85,174.9,165.5,166.35,170.32142857142856,1372.0,23.0,233681.0,1070.0,77.99,9.4,-8.5,1221004800.0
2008-09-09,172.0,178.1,172.0,174.6,175.43084635800648,3391.0,64.0,594886.0,2583.0,76.17,6.1,2.6,1220918400.0
2008-09-08,171.5,182.25,171.5,177.4,177.8007035630943,28711.0,109.0,5104836.0,26931.0,93.8,10.75,5.9,1220832000.0
2008-09-05,166.9,169.6,163.6,169.6,168.3151351351351,9250.0,111.0,1556915.0,7186.0,77.69,6.0,2.7,1220572800.0
2008-09-04,153.9,161.55,148.05,161.55,154.4581628012733,4398.0,70.0,679307.0,2757.0,62.69,13.5,7.65,1220486400.0
2008-09-02,153.0,155.0,151.0,153.9,153.016512283528,2483.0,34.0,379940.0,2182.0,87.88,4.0,0.9,1220313600.0
2008-09-01,154.0,154.45,152.0,154.0,152.15912806539507,1835.0,12.0,279212.0,1815.0,98.91,2.45,0.0,1220227200.0
2008-08-29,154.0,154.0,148.0,152.65,152.09602906825847,3853.0,51.0,586026.0,3528.0,91.57,6.0,-1.35,1219968000.0
2008-08-28,152.5,153.0,150.0,151.5,152.25,400.0,4.0,60900.0,400.0,100.0,3.0,-1.0,1219881600.0
2008-08-27,151.0,154.0,146.05,154.0,149.75883256528417,651.0,15.0,97493.0,551.0,84.64,7.95,3.0,1219795200.0
2008-08-26,147.05,150.9,147.0,148.1,147.88,100.0,10.0,14788.0,55.0,55.0,3.9,1.05,1219708800.0
2008-08-25,150.8,153.0,148.0,148.4,149.28443113772457,334.0,11.0,49861.0,282.0,84.43,5.0,-2.4,1219622400.0
2008-08-22,152.6,152.6,150.0,150.9,151.190598840953,1553.0,29.0,234799.0,1243.0,80.04,2.6,-1.7,1219363200.0
2008-08-21,154.0,155.95,152.0,155.35,153.48032786885244,3050.0,25.0,468115.0,3050.0,100.0,3.95,1.35,1219276800.0
2008-08-20,153.0,153.0,145.0,150.0,150.73333333333332,480.0,13.0,72352.0,480.0,100.0,8.0,-3.0,1219190400.0
2008-08-19,148.25,153.0,146.45,152.0,148.69652650822667,1641.0,21.0,244011.0,1641.0,100.0,6.55,3.75,1219104000.0
2008-08-18,152.0,155.0,151.75,154.15,152.92894280762565,577.0,19.0,88240.0,577.0,100.0,3.25,2.15,1219017600.0
2008-08-14,153.0,153.0,151.0,151.5,151.84349593495935,492.0,7.0,74707.0,492.0,100.0,2.0,-1.5,1218672000.0
2008-08-13,154.5,155.0,152.05,152.1,152.86546463245492,721.0,22.0,110216.0,721.0,100.0,2.95,-2.4,1218585600.0
2008-08-12,156.85,160.0,151.1,160.0,156.32165437302424,3796.0,24.0,593397.0,3796.0,100.0,8.9,3.15,1218499200.0
2008-08-11,154.75,154.75,151.0,154.4,153.1166077738516,566.0,25.0,86664.0,566.0,100.0,3.75,-0.35,1218412800.0
2008-08-08,151.0,152.8,148.1,148.25,150.10629921259843,762.0,22.0,114381.0,762.0,100.0,4.7,-2.75,1218153600.0
2008-08-07,155.05,155.1,152.0,152.1,153.13315217391303,368.0,15.0,56353.0,368.0,100.0,3.1,-2.95,1218067200.0
2008-08-06,154.0,155.9,151.0,152.1,153.57467309015829,1453.0,30.0,223144.0,1453.0,100.0,4.9,-1.9,1217980800.0
2008-08-05,156.75,157.0,150.75,152.5,153.96296296296296,459.0,16.0,70669.0,459.0,100.0,6.25,-4.25,1217894400.0
2008-08-04,151.5,155.5,149.9,153.85,151.61941251596423,783.0,20.0,118718.0,783.0,100.0,5.6,2.35,1217808000.0
2008-08-01,152.0,154.85,150.5,151.35,151.4331337325349,1002.0,25.0,151736.0,1002.0,100.0,4.35,-0.65,1217548800.0
2008-07-31,150.0,153.0,148.5,149.3,151.8529901870024,5401.0,27.0,820158.0,5401.0,100.0,4.5,-0.7,1217462400.0
2008-07-30,152.55,155.0,152.45,152.45,153.0013507429086,2221.0,56.0,339816.0,2221.0,100.0,2.55,-0.1,1217376000.0
2008-07-29,161.0,168.0,160.45,160.45,160.82738095238096,2016.0,37.0,324228.0,2016.0,100.0,7.55,-0.55,1217289600.0
2008-07-28,169.0,173.6,166.15,168.85,168.55817764667322,3051.0,28.0,514271.0,3051.0,100.0,7.45,-0.15,1217203200.0
2008-07-25,169.15,172.5,168.1,168.9,170.09876543209876,405.0,16.0,68890.0,405.0,100.0,4.4,-0.25,1216944000.0
2008-07-24,168.0,176.75,168.0,175.0,173.70184254606363,1194.0,28.0,207400.0,1194.0,100.0,8.75,7.0,1216857600.0
2008-07-23,172.0,175.0,165.0,175.0,172.50165526373868,4531.0,29.0,781605.0,4531.0,100.0,10.0,3.0,1216771200.0
2008-07-22,174.0,174.0,160.6,170.0,168.7322461862178,3802.0,31.0,641520.0,3802.0,100.0,13.4,-4.0,1216684800.0
2008-07-21,160.0,171.0,157.65,169.0,165.34639608117564,2858.0,50.0,472560.0,2858.0,100.0,13.35,9.0,1216598400.0
2008-07-18,155.0,166.0,153.0,165.9,164.13538553496713,3346.0,53.0,549197.0,3346.0,100.0,13.0,10.9,1216339200.0
2008-07-17,152.0,158.95,145.1,158.1,155.74196891191707,3860.0,42.0,601164.0,3860.0,100.0,13.85,6.1,1216252800.0
2008-07-16,154.9,154.9,142.0,152.7,146.29627035545437,11422.0,37.0,1670996.0,11422.0,100.0,12.9,-2.2,1216166400.0
2008-07-15,150.0,150.0,145.5,147.95,146.17372262773722,685.0,12.0,100129.0,685.0,100.0,4.5,-2.05,1216080000.0
2008-07-14,151.5,153.95,151.45,151.45,151.94292803970225,403.0,12.0,61233.0,403.0,100.0,2.5,-0.05,1215993600.0
2008-07-11,151.1,159.65,151.1,159.4,155.84463894967175,457.0,13.0,71221.0,457.0,100.0,8.55,8.3,1215734400.0
2008-07-10,153.0,158.5,153.0,154.25,154.50282485875707,177.0,6.0,27347.0,177.0,100.0,5.5,1.25,1215648000.0
2008-07-09,162.7,162.95,151.25,157.0,156.1290443942814,2658.0,30.0,414991.0,2658.0,100.0,11.7,-5.7,1215561600.0
2008-07-08,148.25,156.0,148.1,156.0,150.76258992805757,278.0,13.0,41912.0,278.0,100.0,7.9,7.75,1215475200.0
2008-07-07,154.9,157.3,153.0,154.1,155.50259067357513,2895.0,18.0,450180.0,2895.0,100.0,4.3,-0.8,1215388800.0
2008-07-04,144.35,154.0,144.35,150.0,151.52941176470588,306.0,9.0,46368.0,306.0,100.0,9.65,5.65,1215129600.0
2008-07-03,151.0,152.0,146.75,151.9,147.88571428571427,420.0,14.0,62112.0,420.0,100.0,5.25,0.9,1215043200.0
2008-07-02,146.6,159.0,146.6,154.4,147.6867208672087,9225.0,58.0,1362410.0,9225.0,100.0,12.4,7.8,1214956800.0
2008-07-01,155.0,160.0,153.95,154.3,154.24137931034485,696.0,20.0,107352.0,696.0,100.0,6.05,-0.7,1214870400.0
2008-06-30,161.2,165.0,160.35,162.0,161.28936170212765,470.0,20.0,75806.0,470.0,100.0,4.65,0.8,1214784000.0
2008-06-27,167.5,169.95,167.5,168.0,167.64326375711573,1054.0,16.0,176696.0,1054.0,100.0,2.45,0.5,1214524800.0
2008-06-26,169.1,171.0,169.0,169.35,169.0728971962617,535.0,7.0,90454.0,535.0,100.0,2.0,0.25,1214438400.0
2008-06-25,164.0,170.0,164.0,168.0,166.58555825242718,1648.0,35.0,274533.0,1648.0,100.0,6.0,4.0,1214352000.0
2008-06-24,177.9,177.9,167.55,168.0,168.19003476245655,863.0,21.0,145148.0,863.0,100.0,10.35,-9.9,1214265600.0
2008-06-23,169.8,176.0,167.0,169.5,169.60645688598285,2447.0,38.0,415027.0,2447.0,100.0,9.0,-0.3,1214179200.0
2008-06-20,177.0,177.0,173.05,175.0,173.88757216651473,3291.0,33.0,572264.0,3291.0,100.0,3.95,-2.0,1213920000.0
2008-06-19,175.0,179.0,173.0,177.75,176.0910290237467,758.0,21.0,133477.0,758.0,100.0,6.0,2.75,1213833600.0
2008-06-18,184.5,184.5,176.0,176.95,177.96774193548387,372.0,14.0,66204.0,372.0,100.0,8.5,-7.55,1213747200.0
2008-06-17,180.0,180.0,176.25,176.4,177.69723618090453,1592.0,34.0,282894.0,1592.0,100.0,3.75,-3.6,1213660800.0
2008-06-16,173.5,179.5,173.5,176.5,175.73054846938777,3136.0,31.0,551091.0,3136.0,100.0,6.0,3.0,1213574400.0
2008-06-13,175.75,176.7,172.0,173.5,174.47407698350352,2546.0,25.0,444211.0,2546.0,100.0,4.7,-2.25,1213315200.0
2008-06-12,171.1,174.0,170.15,173.2,172.50374914792093,2934.0,71.0,506126.0,1577.0,53.75,3.85,2.1,1213228800.0
2008-06-11,174.3,177.55,173.35,173.35,174.54625850340136,2940.0,54.0,513166.0,2019.0,68.67,4.2,-0.95,1213142400.0
2008-06-10,171.1,180.0,169.0,172.05,173.20367700072097,5548.0,146.0,960934.0,2939.0,52.97,11.0,0.95,1213056000.0
2008-06-09,176.2,178.5,171.0,174.05,174.2966573816156,2154.0,77.0,375435.0,1197.0,55.57,7.5,-2.15,1212969600.0
2008-06-06,193.8,193.8,181.15,183.9,188.3837923518922,5047.0,151.0,950773.0,2369.0,46.94,12.65,-9.9,1212710400.0
2008-06-05,184.25,192.05,182.05,186.6,186.72919699854407,8929.0,314.0,1667305.0,3588.0,40.18,10.0,2.35,1212624000.0
2008-06-04,199.05,200.0,184.0,186.0,193.52913888974223,32551.0,610.0,6299567.0,12783.0,39.27,16.0,-13.05,1212537600.0
2008-06-03,170.1,201.7,168.5,196.35,192.0983068995516,29886.0,752.0,5741050.0,10737.0,35.93,33.2,26.25,1212451200.0
2008-06-02,185.0,187.0,176.0,177.25,182.22671312427408,8610.0,221.0,1568972.0,4371.0,50.77,11.0,-7.75,1212364800.0
2008-05-30,191.25,192.5,182.9,185.8,186.61786492374728,6885.0,164.0,1284864.0,3066.0,44.53,9.6,-5.45,1212105600.0
2008-05-29,191.0,194.0,183.1,185.1,189.11049701468448,24788.0,311.0,4687671.0,18611.0,75.08,10.9,-5.9,1212019200.0
2008-05-28,194.4,197.95,186.35,188.1,192.04791302447552,18304.0,468.0,3515245.0,8138.0,44.46,11.6,-6.3,1211932800.0
2008-05-27,203.0,209.0,192.0,193.7,200.82653499355945,37264.0,965.0,7483600.0,13261.0,35.59,17.0,-9.3,1211846400.0
2008-05-26,186.0,205.0,186.0,198.5,200.99086757990867,125049.0,1425.0,25133707.0,61444.0,49.14,19.0,12.5,1211760000.0
2008-05-23,202.0,205.0,186.55,190.65,196.12904970973176,48059.0,1040.0,9425766.0,22422.0,46.66,18.45,-11.35,1211500800.0
2008-05-22,195.0,217.0,190.25,201.8,205.4224213688156,201415.0,3579.0,41375157.0,47222.0,23.45,26.75,6.8,1211414400.0
2008-05-21,170.0,204.15,170.0,197.0,196.19902814334884,207438.0,2746.0,40699134.0,78135.0,37.67,34.15,27.0,1211328000.0
2008-05-20,173.0,175.0,169.5,170.15,170.48723148474215,164702.0,631.0,28079588.0,149501.0,90.77,5.5,-2.85,1211241600.0
2008-05-16,166.0,172.95,165.1,171.15,169.62260837697934,65489.0,712.0,11108415.0,48986.0,74.8,7.85,5.15,1210896000.0
2008-05-15,165.0,188.85,160.6,163.8,170.16709836029588,91114.0,1065.0,15504605.0,56698.0,62.23,28.25,-1.2,1210809600.0
2008-05-14,160.0,163.35,158.6,160.0,160.01923285845243,819223.0,90.0,131091436.0,816828.0,99.71,4.75,0.0,1210723200.0
2008-05-13,164.7,164.7,155.3,157.95,158.01679537001516,59957.0,137.0,9474213.0,57846.0,96.48,9.4,-6.75,1210636800.0
2008-05-12,148.1,162.0,145.25,158.35,154.6714036164487,21181.0,141.0,3276095.0,19670.0,92.87,16.75,10.25,1210550400.0
2008-05-09,152.85,153.0,146.0,146.55,148.95151515151517,3960.0,83.0,589848.0,2555.0,64.52,7.0,-6.3,1210291200.0
2008-05-08,149.8,150.3,147.0,148.6,148.95921696574223,3065.0,68.0,456560.0,2502.0,81.63,3.3,-1.2,1210204800.0
2008-05-07,158.9,158.9,150.0,150.95,151.58570075757575,8448.0,126.0,1280596.0,4774.0,56.51,8.9,-7.95,1210118400.0
2008-05-06,158.0,160.0,155.7,158.15,158.00632911392404,2212.0,70.0,349510.0,1819.0,82.23,4.3,0.15,1210032000.0
2008-05-05,165.0,165.0,156.1,156.65,157.927222849766,6197.0,94.0,978675.0,4125.0,66.56,8.9,-8.35,1209945600.0
2008-05-02,145.3,161.95,145.3,155.8,156.1943742098609,3164.0,66.0,494199.0,2135.0,67.48,16.65,10.5,1209686400.0
2008-04-30,165.9,165.9,151.0,152.45,156.0552274069699,6772.0,145.0,1056806.0,5041.0,74.44,14.9,-13.45,1209513600.0
2008-04-29,163.6,164.05,158.0,159.65,160.4960325970405,4663.0,101.0,748393.0,4320.0,92.64,6.05,-3.95,1209427200.0
2008-04-28,167.0,169.9,163.55,165.05,167.6210720887246,2164.0,37.0,362732.0,1400.0,64.7,6.35,-1.95,1209340800.0
2008-04-25,164.95,168.0,163.95,164.25,164.76135636596288,1563.0,32.0,257522.0,1324.0,84.71,4.05,-0.7,1209081600.0
2008-04-24,170.0,172.0,163.1,163.55,168.0610803588471,5239.0,109.0,880472.0,3498.0,66.77,8.9,-6.45,1208995200.0
2008-04-23,172.2,177.4,168.5,170.45,170.73761526914004,9326.0,136.0,1592299.0,7163.0,76.81,8.9,-1.75,1208908800.0
2008-04-22,164.5,188.75,163.5,174.15,175.4851163629803,16629.0,373.0,2918142.0,10103.0,60.76,25.25,9.65,1208822400.0
2008-04-21,157.0,163.9,156.5,159.85,160.2580063148399,4434.0,78.0,710584.0,3257.0,73.46,7.4,2.85,1208736000.0
2008-04-17,152.1,156.0,152.1,153.6,154.40681164629763,11128.0,137.0,1718239.0,7064.0,63.48,3.9,1.5,1208390400.0
2008-04-16,150.95,152.55,147.3,149.65,150.1458510337015,3531.0,58.0,530165.0,2430.0,68.82,5.25,-1.3,1208304000.0
2008-04-15,152.65,155.15,146.1,148.0,152.353912601626,3936.0,47.0,599665.0,3751.0,95.3,9.05,-4.65,1208217600.0
2008-04-11,153.5,155.0,153.5,154.5,154.437756497948,731.0,17.0,112894.0,706.0,96.58,1.5,1.0,1207872000.0
2008-04-10,153.0,160.0,151.35,154.5,156.62215447154472,4920.0,66.0,770581.0,2885.0,58.64,8.65,1.5,1207785600.0
2008-04-09,149.0,154.0,147.0,149.2,149.99322362052274,1033.0,42.0,154943.0,804.0,77.83,7.0,0.2,1207699200.0
2008-04-08,154.0,154.0,144.0,147.55,147.87737704918032,1525.0,29.0,225513.0,709.0,46.49,10.0,-6.45,1207612800.0
2008-04-07,143.8,147.5,140.55,146.3,145.63778162911612,2308.0,18.0,336132.0,1203.0,52.12,6.95,2.5,1207526400.0
2008-04-04,154.0,154.0,140.05,140.6,141.3931777378815,557.0,15.0,78756.0,526.0,94.43,13.95,-13.4,1207267200.0
2008-04-03,142.05,144.75,141.5,144.4,142.83461538461538,1560.0,23.0,222822.0,1074.0,68.85,3.25,2.35,1207180800.0
2008-04-02,141.65,147.55,141.6,144.5,145.0460614152203,1498.0,44.0,217279.0,1132.0,75.57,5.95,2.85,1207094400.0
2008-04-01,141.0,141.0,138.15,139.95,140.0332191780822,2920.0,29.0,408897.0,2595.0,88.87,2.85,-1.05,1207008000.0
2008-03-31,142.0,144.5,137.15,137.65,140.1004945014392,67745.0,42.0,9491108.0,65401.0,96.54,7.35,-4.35,1206921600.0
2008-03-28,143.9,143.95,139.0,141.35,140.4862622079367,64712.0,72.0,9091147.0,64135.0,99.11,4.95,-2.55,1206662400.0
2008-03-27,139.8,146.0,136.0,139.75,137.306019221042,1977.0,49.0,271454.0,1764.0,89.23,10.0,-0.05,1206576000.0
2008-03-26,141.9,144.0,137.5,138.4,139.68210116731515,2570.0,48.0,358983.0,2457.0,95.6,6.5,-3.5,1206489600.0
2008-03-25,141.0,143.25,138.2,140.8,139.39935012707912,31083.0,86.0,4332950.0,30327.0,97.57,5.05,-0.2,1206403200.0
2008-03-24,154.0,154.0,135.0,140.5,142.61707035755478,16473.0,74.0,2349331.0,5619.0,34.11,19.0,-13.5,1206316800.0
2008-03-19,159.7,160.0,136.25,140.0,146.0110197869102,65700.0,46.0,9592924.0,49309.0,75.05,23.75,-19.7,1205884800.0
2008-03-18,145.15,148.35,141.45,142.25,142.74057142857143,875.0,29.0,124898.0,510.0,58.29,6.9,-2.9,1205798400.0
2008-03-17,150.0,155.9,141.15,146.6,147.30372185633328,6529.0,150.0,961746.0,4841.0,74.15,14.75,-3.4,1205712000.0
2008-03-14,162.95,162.95,152.1,154.0,155.24137931034485,1189.0,47.0,184582.0,906.0,76.2,10.85,-8.95,1205452800.0
2008-03-13,168.9,168.9,150.0,153.0,163.43634141372988,4909.0,64.0,802309.0,4430.0,90.24,18.9,-15.9,1205366400.0
2008-03-12,199.0,199.0,170.0,170.75,177.3196758217019,4442.0,111.0,787654.0,2394.0,53.89,29.0,-28.25,1205280000.0
2008-03-11,168.0,187.75,168.0,184.95,179.68499578871376,8311.0,237.0,1493362.0,3628.0,43.65,19.75,16.95,1205193600.0
2008-03-10,154.0,160.0,150.25,158.2,155.5333991444554,3039.0,43.0,472666.0,2988.0,98.32,9.75,4.2,1205107200.0
2008-03-07,165.0,165.15,153.2,159.75,157.88299780745464,5017.0,92.0,792099.0,4627.0,92.23,11.95,-5.25,1204848000.0
2008-03-05,176.0,177.3,168.4,169.0,172.49653689992834,4187.0,84.0,722243.0,2908.0,69.45,8.9,-7.0,1204675200.0
2008-03-04,180.3,180.3,174.25,175.85,176.81949778434267,3385.0,63.0,598534.0,2900.0,85.67,6.05,-4.45,1204588800.0
2008-03-03,184.5,184.5,180.1,180.35,181.66949806949808,1295.0,38.0,235262.0,1210.0,93.44,4.4,-4.15,1204502400.0
2008-02-29,189.85,189.85,184.0,184.15,186.3356854838709,1984.0,46.0,369690.0,1365.0,68.8,5.85,-5.7,1204243200.0
2008-02-28,191.0,191.55,187.05,188.85,189.57638376383764,1355.0,69.0,256876.0,589.0,43.47,4.5,-2.15,1204156800.0
2008-02-27,192.15,195.0,187.15,188.15,190.3396937287312,16456.0,344.0,3132230.0,7795.0,47.37,7.85,-4.0,1204070400.0
2008-02-26,189.8,195.0,184.25,186.45,189.38110706290328,22781.0,283.0,4314291.0,13030.0,57.2,10.75,-3.35,1203984000.0
2008-02-25,190.0,190.9,180.55,182.2,185.81150159744408,2191.0,40.0,407113.0,1545.0,70.52,10.35,-7.8,1203897600.0
2008-02-22,185.0,195.0,185.0,191.7,188.44,875.0,17.0,164885.0,800.0,91.43,10.0,6.7,1203638400.0
2008-02-21,199.7,199.7,186.25,188.0,191.93543179983857,1239.0,38.0,237808.0,480.0,38.74,13.45,-11.7,1203552000.0
2008-02-20,190.0,195.9,187.2,193.95,191.02571860816943,1322.0,27.0,252536.0,934.0,70.65,8.7,3.95,1203465600.0
2008-02-19,203.1,203.1,189.0,192.1,193.62238398544127,8792.0,43.0,1702328.0,8548.0,97.22,14.1,-11.0,1203379200.0
2008-02-18,189.95,189.95,180.5,185.75,185.19192882109945,3147.0,41.0,582799.0,2492.0,79.19,9.45,-4.2,1203292800.0
2008-02-15,186.25,189.95,186.25,187.9,187.6356234096692,1965.0,21.0,368704.0,1615.0,82.19,3.7,1.65,1203033600.0
2008-02-14,191.1,195.0,183.35,186.4,189.9386479093396,2559.0,44.0,486053.0,1920.0,75.03,11.65,-4.7,1202947200.0
2008-02-13,192.0,195.0,180.15,189.55,189.9290291227186,55558.0,137.0,10552077.0,53870.0,96.96,14.85,-2.45,1202860800.0
2008-02-12,182.0,182.0,170.0,177.0,174.3318544809228,3381.0,40.0,589416.0,2559.0,75.69,12.0,-5.0,1202774400.0
2008-02-11,192.0,193.95,182.2,183.45,187.06248662529424,4673.0,48.0,874143.0,4671.0,99.96,11.75,-8.55,1202688000.0
2008-02-08,200.0,200.0,190.15,195.0,195.5310245310245,2079.0,31.0,406509.0,1821.0,87.59,9.85,-5.0,1202428800.0
2008-02-07,200.0,201.0,195.6,196.05,197.5365461847389,1245.0,40.0,245933.0,916.0,73.57,5.4,-3.95,1202342400.0
2008-02-06,198.0,205.0,196.1,199.25,198.71055988660524,7055.0,50.0,1401903.0,6590.0,93.41,8.9,1.25,1202256000.0
2008-02-05,205.0,206.0,202.1,203.95,205.14596554850408,2206.0,31.0,452552.0,1929.0,87.44,3.9,-1.05,1202169600.0
2008-02-04,209.0,213.75,207.0,209.25,208.81586094513847,1841.0,45.0,384430.0,1685.0,91.53,6.75,0.25,1202083200.0
2008-02-01,230.0,230.0,196.0,200.65,201.39515738498787,2065.0,61.0,415881.0,1414.0,68.47,34.0,-29.35,1201824000.0
2008-01-31,200.0,207.2,197.1,202.05,199.9125412541254,1818.0,43.0,363441.0,1401.0,77.06,10.1,2.05,1201737600.0
2008-01-30,211.0,213.8,205.0,205.35,208.6603148301574,1207.0,50.0,251853.0,907.0,75.14,8.8,-5.65,1201651200.0
2008-01-29,210.1,217.0,210.1,212.3,212.53180661577608,1179.0,46.0,250575.0,714.0,60.56,6.9,2.2,1201564800.0
2008-01-28,210.0,225.15,205.15,210.5,210.5054054054054,2590.0,81.0,545209.0,1363.0,52.63,20.0,0.5,1201478400.0
2008-01-25,210.0,220.5,206.0,215.1,211.1435910608785,3893.0,87.0,821982.0,2753.0,70.72,14.5,5.1,1201219200.0
2008-01-24,224.0,224.0,195.7,204.9,204.0964069726076,2811.0,63.0,573715.0,2418.0,86.02,28.3,-19.1,1201132800.0
2008-01-23,189.0,222.9,175.1,191.9,186.90949744463373,9392.0,137.0,1755454.0,6403.0,68.18,47.8,2.9,1201046400.0
2008-01-22,170.5,193.5,170.5,187.0,182.70471660721364,2523.0,43.0,460964.0,1935.0,76.69,23.0,16.5,1200960000.0
2008-01-21,230.0,231.1,210.0,213.1,221.4759221311476,7808.0,126.0,1729284.0,5649.0,72.35,21.1,-16.9,1200873600.0
2008-01-18,250.0,250.0,225.05,234.05,241.6222869242985,3778.0,91.0,912849.0,3223.0,85.31,24.95,-15.95,1200614400.0
2008-01-17,248.0,256.7,242.0,255.25,249.90726577437857,3138.0,86.0,784209.0,2314.0,73.74,14.7,7.25,1200528000.0
2008-01-16,252.35,252.5,238.0,242.2,245.0357220649096,4591.0,101.0,1124959.0,3386.0,73.75,14.5,-10.15,1200441600.0
2008-01-15,244.9,246.8,242.1,244.2,243.87753917585607,1723.0,50.0,420201.0,1124.0,65.24,4.7,-0.7,1200355200.0
2008-01-14,249.0,249.0,235.0,239.55,240.0258080681533,3991.0,81.0,957943.0,2425.0,60.76,14.0,-9.45,1200268800.0
2008-01-11,245.2,248.8,237.0,240.35,240.83499245852187,3315.0,88.0,798368.0,2551.0,76.95,11.8,-4.85,1200009600.0
2008-01-10,269.7,269.7,248.0,250.55,257.27019307665944,8753.0,159.0,2251886.0,6980.0,79.74,21.7,-19.15,1199923200.0
2008-01-09,267.0,272.0,260.0,262.1,265.60630182421227,6030.0,169.0,1601606.0,4242.0,70.35,12.0,-4.9,1199836800.0
2008-01-08,276.0,281.8,265.05,268.85,275.30988735919897,19975.0,371.0,5499315.0,11691.0,58.53,16.75,-7.15,1199750400.0
2008-01-07,274.0,284.0,262.15,266.85,272.79393400783886,43884.0,357.0,11971289.0,36080.0,82.22,21.85,-7.15,1199664000.0
2008-01-04,278.5,292.6,270.0,274.2,281.19358235644745,50330.0,462.0,14152473.0,34250.0,68.05,22.6,-4.3,1199404800.0
2008-01-03,275.0,288.0,267.1,275.25,278.00934249263986,25475.0,399.0,7082288.0,14234.0,55.87,20.9,0.25,1199318400.0
2008-01-02,270.0,274.85,249.6,266.6,265.80838323353294,8016.0,189.0,2130720.0,5512.0,68.76,25.25,-3.4,1199232000.0
2008-01-01,270.0,285.0,262.15,271.55,275.72152921569614,19801.0,353.0,5459562.0,9758.0,49.28,22.85,1.55,1199145600.0
2007-12-31,274.0,274.0,261.05,262.4,265.33150517976844,16410.0,258.0,4354090.0,10649.0,64.89,12.95,-11.6,1199059200.0
2007-12-28,253.9,259.0,248.1,258.3,253.86496350364965,5480.0,133.0,1391180.0,4146.0,75.66,10.9,4.4,1198800000.0
2007-12-27,250.0,252.5,245.0,246.4,248.0331216535924,8031.0,121.0,1991954.0,6505.0,81.0,7.5,-3.6,1198713600.0
2007-12-26,245.0,250.85,243.5,246.6,245.9489899723877,6881.0,180.0,1692375.0,5299.0,77.01,7.35,1.6,1198627200.0
2007-12-24,242.05,247.9,242.0,243.3,243.80433238636363,2816.0,55.0,686553.0,2108.0,74.86,5.9,1.25,1198454400.0
2007-12-20,245.55,250.5,241.0,241.5,243.88138566103925,4561.0,83.0,1112343.0,3009.0,65.97,9.5,-4.05,1198108800.0
2007-12-19,264.85,264.85,246.0,247.45,251.88439457202503,3832.0,113.0,965221.0,2564.0,66.91,18.85,-17.4,1198022400.0
2007-12-18,260.0,260.0,245.1,250.05,252.52802754926344,5227.0,119.0,1319964.0,4139.0,79.19,14.9,-9.95,1197936000.0
2007-12-17,264.0,280.0,257.0,258.55,268.8668219352107,37784.0,462.0,10158864.0,18254.0,48.31,23.0,-5.45,1197849600.0
2007-12-14,241.0,258.75,240.0,253.25,247.7810623556581,19485.0,207.0,4828014.0,15830.0,81.24,18.75,12.25,1197590400.0
2007-12-13,234.5,243.3,234.5,238.45,240.14282454939536,4383.0,90.0,1052546.0,3776.0,86.15,8.8,3.95,1197504000.0
2007-12-12,241.85,243.0,238.0,238.6,239.78210580030617,5879.0,85.0,1409679.0,5165.0,87.86,5.0,-3.25,1197417600.0
2007-12-11,241.0,243.0,233.0,237.85,238.74713356058257,6454.0,103.0,1540874.0,4117.0,63.79,10.0,-3.15,1197331200.0
2007-12-10,241.9,244.0,235.1,238.2,238.8206962327134,2097.0,43.0,500807.0,1541.0,73.49,8.9,-3.7,1197244800.0
2007-12-07,237.0,243.0,227.2,234.5,236.4443053817272,2397.0,66.0,566757.0,1604.0,66.92,15.8,-2.5,1196985600.0
2007-12-06,241.0,247.75,238.1,240.45,242.74539170506912,2604.0,77.0,632109.0,1524.0,58.53,9.65,-0.55,1196899200.0
2007-12-05,232.0,242.9,232.0,241.0,239.1126115815976,4369.0,57.0,1044683.0,3813.0,87.27,10.9,9.0,1196812800.0
2007-12-04,242.95,243.75,236.05,236.05,238.9583333333333,960.0,29.0,229400.0,760.0,79.17,7.7,-6.9,1196726400.0
2007-12-03,242.0,250.0,236.5,238.8,243.7298818232977,1777.0,46.0,433108.0,1057.0,59.48,13.5,-3.2,1196640000.0
2007-11-30,240.0,242.0,236.0,236.4,239.3933092224232,1106.0,25.0,264769.0,926.0,83.73,6.0,-3.6,1196380800.0
2007-11-29,242.0,242.0,235.1,236.95,238.02912621359224,1339.0,37.0,318721.0,712.0,53.17,6.9,-5.05,1196294400.0
2007-11-28,241.0,245.5,237.0,241.9,241.85533095521205,2523.0,80.0,610201.0,1609.0,63.77,8.5,0.9,1196208000.0
2007-11-27,237.0,245.0,237.0,237.75,239.37962401455428,1649.0,39.0,394737.0,817.0,49.55,8.0,0.75,1196121600.0
2007-11-26,240.0,247.5,230.6,234.6,239.79076563413207,1711.0,47.0,410282.0,998.0,58.33,16.9,-5.4,1196035200.0
2007-11-23,250.0,256.0,238.2,241.0,245.46430246739845,10659.0,207.0,2616404.0,5026.0,47.15,17.8,-9.0,1195776000.0
2007-11-22,246.0,248.0,226.0,234.1,234.6141578063794,3574.0,89.0,838511.0,2257.0,63.15,22.0,-11.9,1195689600.0
2007-11-21,253.1,255.0,240.0,244.5,245.53981738360727,168331.0,69.0,41331963.0,167793.0,99.68,15.0,-8.6,1195603200.0
2007-11-20,247.5,257.65,247.5,251.65,252.25681557846505,4365.0,82.0,1101101.0,2951.0,67.61,10.15,4.15,1195516800.0
2007-11-19,249.0,254.0,240.0,250.15,243.69032854656223,36768.0,156.0,8960006.0,33258.0,90.45,14.0,1.15,1195430400.0
2007-11-16,232.3,248.0,230.8,237.0,238.8597875569044,3295.0,89.0,787043.0,2460.0,74.66,17.2,4.7,1195171200.0
2007-11-15,236.0,250.0,228.0,236.8,235.553024911032,2810.0,54.0,661904.0,1666.0,59.29,22.0,0.8,1195084800.0
2007-11-14,231.9,238.5,231.65,232.5,236.49818840579712,2760.0,83.0,652735.0,2070.0,75.0,6.85,0.6,1194998400.0
2007-11-13,228.5,235.0,228.5,232.7,231.5404208194905,903.0,41.0,209081.0,743.0,82.28,6.5,4.2,1194912000.0
2007-11-12,226.4,228.75,221.0,227.0,223.5435897435897,585.0,29.0,130773.0,296.0,50.6,7.75,0.6,1194825600.0
2007-11-09,212.0,223.95,212.0,223.85,219.36559139784944,930.0,17.0,204010.0,655.0,70.43,11.95,11.85,1194566400.0
2007-11-08,220.0,221.75,214.3,219.2,217.7654921020656,1646.0,47.0,358442.0,1039.0,63.12,7.45,-0.8,1194480000.0
2007-11-07,227.0,227.0,219.95,220.7,220.4278839348904,7065.0,77.0,1557323.0,5689.0,80.52,7.05,-6.3,1194393600.0
2007-11-06,225.0,231.95,221.0,223.5,226.0377906976744,1720.0,37.0,388785.0,1255.0,72.97,10.95,-1.5,1194307200.0
2007-11-05,226.0,232.3,222.0,225.95,227.0185960018596,2151.0,55.0,488317.0,1335.0,62.06,10.3,-0.05,1194220800.0
2007-11-02,227.1,233.0,223.6,225.0,225.9724018973696,6957.0,85.0,1572090.0,5476.0,78.71,9.4,-2.1,1193961600.0
2007-11-01,234.0,244.9,221.2,226.6,233.695220503348,4331.0,120.0,1012134.0,1857.0,42.88,23.7,-7.4,1193875200.0
2007-10-31,229.0,236.0,229.0,232.0,232.0106870229008,1965.0,35.0,455901.0,1475.0,75.06,7.0,3.0,1193788800.0
2007-10-30,228.1,240.0,215.0,229.0,231.6025912838633,4245.0,117.0,983153.0,3293.0,77.57,25.0,0.9,1193702400.0
2007-10-29,235.0,242.0,235.0,237.4,238.90647482014387,4587.0,81.0,1095864.0,3687.0,80.38,7.0,2.4,1193616000.0
2007-10-26,237.0,237.0,228.0,231.85,230.18459858001088,1831.0,54.0,421468.0,1475.0,80.56,9.0,-5.15,1193356800.0
2007-10-25,221.25,239.9,221.25,228.4,230.8329558323896,1766.0,70.0,407651.0,958.0,54.25,18.65,7.15,1193270400.0
2007-10-24,221.0,235.6,221.0,229.35,229.44753086419755,1944.0,55.0,446046.0,1580.0,81.28,14.6,8.35,1193184000.0
2007-10-23,252.0,252.0,230.1,237.3,238.91081643265727,7692.0,125.0,1837702.0,3681.0,47.85,21.9,-14.7,1193097600.0
2007-10-22,230.0,235.0,230.0,233.95,233.7349397590361,166.0,8.0,38800.0,115.0,69.28,5.0,3.95,1193011200.0
2007-10-19,238.0,239.0,225.1,229.7,232.90797546012269,2934.0,83.0,683352.0,1659.0,56.54,13.9,-8.3,1192752000.0
2007-10-18,254.85,254.85,235.0,236.9,241.3290730130748,6807.0,88.0,1642727.0,5906.0,86.76,19.85,-17.95,1192665600.0
2007-10-17,231.0,249.0,211.0,246.9,242.0373537353736,2222.0,61.0,537807.0,1473.0,66.29,38.0,15.9,1192579200.0
2007-10-16,240.0,258.0,240.0,246.75,249.71237911025145,5170.0,88.0,1291013.0,2665.0,51.55,18.0,6.75,1192492800.0
2007-10-15,247.0,273.0,247.0,251.2,260.64427284427285,7770.0,188.0,2025206.0,2857.0,36.77,26.0,4.2,1192406400.0
2007-10-12,241.1,249.75,236.1,237.0,239.56106125634025,2563.0,74.0,613995.0,2267.0,88.45,13.65,-4.1,1192147200.0
2007-10-11,242.1,245.0,238.0,245.0,241.49750933997507,1606.0,37.0,387845.0,1350.0,84.06,7.0,2.9,1192060800.0
2007-10-10,245.0,245.0,240.1,241.8,241.86541796739508,2883.0,54.0,697298.0,2358.0,81.79,4.9,-3.2,1191974400.0
2007-10-09,239.0,244.9,236.4,243.65,241.9392700729927,3425.0,88.0,828642.0,2817.0,82.25,8.5,4.65,1191888000.0
2007-10-08,250.1,252.1,235.0,244.35,245.3728460737828,8647.0,143.0,2121739.0,5964.0,68.97,17.1,-5.75,1191801600.0
2007-10-05,262.3,266.95,253.0,254.85,258.65652600588805,5095.0,120.0,1317855.0,3851.0,75.58,13.95,-7.45,1191542400.0
2007-10-04,272.5,272.5,265.1,266.0,266.22410766530135,1709.0,45.0,454977.0,1186.0,69.4,7.4,-6.5,1191456000.0
2007-10-03,272.0,274.0,261.8,268.25,268.50827586206896,7250.0,172.0,1946685.0,5466.0,75.39,12.2,-3.75,1191369600.0
2007-10-01,283.45,294.0,273.0,279.95,280.16304094656914,21467.0,430.0,6014260.0,5199.0,24.22,21.0,-3.5,1191196800.0
2007-09-28,283.35,292.85,283.0,284.15,287.1287900664164,3463.0,96.0,994327.0,2209.0,63.79,9.85,0.8,1190937600.0
2007-09-27,299.35,299.35,286.05,288.4,289.87536810107343,10527.0,67.0,3051518.0,9982.0,94.82,13.3,-10.95,1190851200.0
2007-09-26,287.5,298.0,280.0,295.35,289.46363897671745,10437.0,201.0,3021132.0,7428.0,71.17,18.0,7.85,1190764800.0
2007-09-25,290.0,290.0,280.1,280.3,283.728825136612,2928.0,70.0,830758.0,2421.0,82.68,9.9,-9.7,1190678400.0
2007-09-24,290.2,300.5,282.5,290.4,292.4147834274953,6372.0,121.0,1863267.0,5306.0,83.27,18.0,0.2,1190592000.0
2007-09-21,299.8,302.0,290.0,294.7,297.45894530703595,7149.0,170.0,2126534.0,5163.0,72.22,12.0,-5.1,1190332800.0
2007-09-20,295.0,308.5,290.35,298.05,300.6647002077768,26952.0,597.0,8103515.0,16248.0,60.28,18.15,3.05,1190246400.0
2007-09-19,294.0,297.0,285.5,290.35,290.52992534480575,23709.0,353.0,6888174.0,15915.0,67.13,11.5,-3.65,1190160000.0
2007-09-18,291.9,292.0,287.0,288.75,290.4381347274803,16641.0,270.0,4833181.0,12865.0,77.31,5.0,-3.15,1190073600.0
2007-09-17,284.6,298.75,281.0,296.05,291.47345064698254,45519.0,904.0,13267580.0,22304.0,49.0,17.75,11.45,1189987200.0
2007-09-14,269.8,286.1,269.8,276.8,278.1985043480389,163407.0,1906.0,45459583.0,71222.0,43.59,16.3,7.0,1189728000.0
2007-09-13,268.5,270.0,246.15,260.65,252.01198434914537,1352514.0,1465.0,340849737.0,1130345.0,83.57,23.85,-7.85,1189641600.0
2007-09-12,265.0,279.8,265.0,266.4,271.65535272865566,10518.0,285.0,2857271.0,7147.0,67.95,14.8,1.4,1189555200.0
2007-09-11,239.0,280.0,239.0,264.3,262.02959556656054,25443.0,682.0,6666819.0,9956.0,39.13,41.0,25.3,1189468800.0
2007-09-10,220.0,238.0,219.0,236.3,220.48252409192,53960.0,113.0,11897237.0,53246.0,98.68,19.0,16.3,1189382400.0
2007-09-07,222.0,223.1,219.0,219.65,220.2670652715496,2007.0,49.0,442076.0,1801.0,89.74,4.1,-2.35,1189123200.0
2007-09-06,220.0,221.95,218.5,220.0,220.3540759178593,4821.0,64.0,1062327.0,3947.0,81.87,3.45,0.0,1189036800.0
2007-09-05,222.1,228.9,218.0,218.2,220.97088122605365,1305.0,44.0,288367.0,818.0,62.68,10.9,-3.9,1188950400.0
2007-09-04,230.0,230.0,220.5,221.5,227.6124139133468,11471.0,87.0,2610942.0,9351.0,81.52,9.5,-8.5,1188864000.0
2007-09-03,225.0,233.0,220.0,223.4,225.50293255131965,2728.0,50.0,615172.0,2480.0,90.91,13.0,-1.6,1188777600.0
2007-08-31,224.9,225.1,222.0,224.75,224.46884576098057,979.0,23.0,219755.0,898.0,91.73,3.1,-0.15,1188518400.0
2007-08-30,221.2,226.0,221.2,225.35,225.2635,2000.0,30.0,450527.0,1750.0,87.5,4.8,4.15,1188432000.0
2007-08-29,227.0,229.0,224.0,225.0,226.7509903791737,1767.0,34.0,400669.0,1517.0,85.85,5.0,-2.0,1188345600.0
2007-08-28,230.0,230.0,226.6,228.5,228.64802933088907,1091.0,11.0,249455.0,990.0,90.74,3.4,-1.5,1188259200.0
2007-08-27,220.0,238.95,220.0,228.0,227.85726718885988,1149.0,24.0,261808.0,982.0,85.47,18.95,8.0,1188172800.0
2007-08-24,228.0,231.0,225.0,228.55,228.40193704600483,413.0,15.0,94330.0,412.0,99.76,6.0,0.55,1187913600.0
2007-08-23,231.0,232.0,225.2,225.7,227.38824181919023,1803.0,43.0,409981.0,1430.0,79.31,6.8,-5.3,1187827200.0
2007-08-22,238.0,245.0,220.05,226.05,232.30233177881408,7505.0,116.0,1743429.0,6406.0,85.36,24.95,-11.95,1187740800.0
2007-08-21,237.0,237.0,228.05,230.6,232.5351363334072,4511.0,134.0,1048966.0,3464.0,76.79,8.95,-6.4,1187654400.0
2007-08-20,205.2,234.0,205.2,228.6,224.2168534420026,6871.0,235.0,1540594.0,4672.0,68.0,28.8,23.4,1187568000.0
2007-08-17,206.0,219.9,198.1,212.45,207.50678294573643,5160.0,105.0,1070735.0,3261.0,63.2,21.8,6.45,1187308800.0
2007-08-16,199.0,216.0,199.0,203.7,202.3634028892456,3115.0,63.0,630362.0,2709.0,86.97,17.0,4.7,1187222400.0
2007-08-14,206.0,206.0,202.0,203.0,203.71870286576168,1326.0,38.0,270131.0,1270.0,95.78,4.0,-3.0,1187049600.0
2007-08-13,204.6,210.0,202.0,205.4,204.97611662531017,3224.0,68.0,660843.0,1833.0,56.85,8.0,0.8,1186963200.0
2007-08-10,200.0,206.9,198.0,203.1,200.3803967327888,1714.0,60.0,343452.0,1590.0,92.77,8.9,3.1,1186704000.0
2007-08-09,202.0,203.95,199.5,200.75,201.4921481481481,3375.0,66.0,680036.0,2442.0,72.36,4.45,-1.25,1186617600.0
2007-08-08,202.0,207.4,198.0,199.0,202.20094986807388,9475.0,140.0,1915854.0,7814.0,82.47,9.4,-3.0,1186531200.0
2007-08-07,215.9,215.9,199.0,200.55,203.58578242806584,6499.0,104.0,1323104.0,5860.0,90.17,16.9,-15.35,1186444800.0
2007-08-06,207.0,210.95,204.0,206.6,207.00707547169807,1272.0,49.0,263313.0,812.0,63.84,6.95,-0.4,1186358400.0
2007-08-03,208.05,215.0,207.1,209.45,209.066510172144,2556.0,83.0,534374.0,1642.0,64.24,7.9,1.4,1186099200.0
2007-08-02,205.0,209.75,204.0,206.0,206.33108677337825,1187.0,67.0,244915.0,798.0,67.23,5.75,1.0,1186012800.0
