Date,Open Price,High Price,Low Price,Close Price,WAP,No.of Shares,No. of Trades,Total Turnover (Rs.),Deliverable Quantity,% Deli. Qty to Traded Qty,Spread High-Low,Spread Close-Open,Unix Date
2022-06-23,131.8,140.0,129.95,136.6,134.25285031261492,5438.0,89.0,730067.0,4455.0,81.92,10.050000000000011,4.799999999999983,1655942400.0
2022-06-22,131.0,133.0,125.15,132.55,131.836062339712,5069.0,71.0,668277.0,4656.0,91.85,7.849999999999994,1.5500000000000114,1655856000.0
2022-06-21,122.75,135.85,122.75,130.25,130.3246463142219,1343.0,31.0,175026.0,1050.0,78.18,13.099999999999994,7.5,1655769600.0
2022-06-20,130.0,131.0,125.25,125.25,130.2753623188406,1794.0,14.0,233714.0,1780.0,99.22,5.75,-4.75,1655683200.0
2022-06-17,139.0,141.0,119.3,130.0,134.14838484778062,8606.0,96.0,1154481.0,4260.0,49.5,21.700000000000003,-9.0,1655424000.0
2022-06-16,139.95,139.95,123.2,127.6,129.43489583333334,384.0,19.0,49703.0,345.0,89.84,16.749999999999986,-12.349999999999994,1655337600.0
2022-06-15,129.15,141.9,122.65,129.0,126.0794701986755,6342.0,45.0,799596.0,5836.0,92.02,19.25,-0.1500000000000056,1655251200.0
2022-06-14,129.9,130.0,125.1,129.3,128.1921787709497,895.0,26.0,114732.0,738.0,82.46,4.900000000000006,-0.5999999999999943,1655164800.0
2022-06-13,114.0,146.3,114.0,129.4,127.87611111111111,1800.0,60.0,230177.0,1130.0,62.78,32.30000000000001,15.400000000000006,1655078400.0
2022-06-10,130.0,133.9,122.05,126.8,127.83821989528796,1910.0,76.0,244171.0,1176.0,61.57,11.850000000000009,-3.200000000000003,1654819200.0
2022-06-09,127.0,130.3,120.55,126.1,125.9594293357111,2243.0,36.0,282527.0,1620.0,72.22,9.750000000000014,-0.9000000000000057,1654732800.0
2022-06-08,125.0,125.0,118.6,124.05,121.64245532759762,6044.0,50.0,735207.0,5044.0,83.45,6.400000000000006,-0.9500000000000028,1654646400.0
2022-06-07,126.0,126.0,116.7,124.4,123.31092166639858,6217.0,77.0,766624.0,5030.0,80.91,9.299999999999995,-1.5999999999999943,1654560000.0
2022-06-06,118.1,126.0,115.0,123.25,120.5919826912675,16639.0,237.0,2006530.0,3500.0,100.0,11.0,5.150000000000006,1654473600.0
2022-06-03,122.0,125.0,119.9,121.8,123.46676300578036,3460.0,23.0,427195.0,3380.0,97.69,5.099999999999994,-0.2000000000000028,1654214400.0
2022-06-02,124.65,125.7,121.2,124.45,123.26363636363637,110.0,12.0,13559.0,100.0,90.91,4.5,-0.2000000000000028,1654128000.0
2022-06-01,124.0,125.7,120.0,121.15,121.17218015145475,2509.0,26.0,304021.0,2205.0,87.88,5.700000000000003,-2.8499999999999943,1654041600.0
2022-05-31,131.35,131.4,121.75,122.1,123.51732377538828,2511.0,32.0,310152.0,2335.0,92.99,9.650000000000006,-9.25,1653955200.0
2022-05-30,121.2,129.95,117.3,124.75,123.3243193183923,5399.0,125.0,665828.0,3506.0,64.94,12.649999999999991,3.549999999999997,1653868800.0
2022-05-27,122.15,126.0,122.1,124.95,124.60215053763442,93.0,11.0,11588.0,72.0,77.42,3.9000000000000057,2.799999999999997,1653609600.0
2022-05-26,125.3,129.0,122.1,124.85,125.71433203631648,3084.0,66.0,387703.0,2682.0,86.96,6.900000000000006,-0.4500000000000028,1653523200.0
2022-05-25,132.2,132.35,125.1,127.85,129.01947419668937,1027.0,38.0,132503.0,710.0,69.13,7.25,-4.349999999999994,1653436800.0
2022-05-24,125.0,135.0,123.0,128.0,128.78896103896105,1848.0,23.0,238002.0,1691.0,91.5,12.0,3.0,1653350400.0
2022-05-23,128.95,132.65,126.5,127.8,128.44221105527637,796.0,28.0,102240.0,728.0,91.46,6.150000000000006,-1.1499999999999917,1653264000.0
2022-05-20,126.55,131.6,124.55,128.95,127.95114345114344,1924.0,49.0,246178.0,1789.0,92.98,7.049999999999997,2.3999999999999915,1653004800.0
2022-05-19,127.55,127.55,122.05,123.15,125.94909502262443,4420.0,52.0,556695.0,3194.0,72.26,5.5,-4.399999999999992,1652918400.0
2022-05-18,124.05,129.55,123.5,126.35,126.36353211009174,872.0,41.0,110189.0,669.0,76.72,6.050000000000011,2.299999999999997,1652832000.0
2022-05-17,125.9,128.0,122.0,124.05,123.4745508982036,1336.0,37.0,164962.0,1132.0,84.73,6.0,-1.8500000000000083,1652745600.0
2022-05-16,120.95,126.3,120.95,120.95,121.02298850574712,174.0,13.0,21058.0,125.0,71.84,5.349999999999994,0.0,1652659200.0
2022-05-13,121.0,124.0,118.05,120.95,121.53496503496504,1430.0,45.0,173795.0,4691.0,59.03,5.950000000000003,-0.0499999999999971,1652400000.0
2022-05-12,127.55,127.55,113.1,117.85,119.19521912350598,4016.0,77.0,478688.0,2981.0,74.23,14.450000000000005,-9.700000000000005,1652313600.0
2022-05-11,119.95,125.0,118.95,120.0,120.18171362852212,8695.0,42.0,1044980.0,8257.0,94.96,6.049999999999997,0.0499999999999971,1652227200.0
2022-05-10,124.6,124.85,119.5,119.9,120.18402366863906,10140.0,44.0,1218666.0,9923.0,97.86,5.349999999999994,-4.699999999999989,1652140800.0
2022-05-09,122.05,125.2,119.0,120.0,120.2511096605744,15320.0,79.0,1842247.0,14291.0,93.28,6.200000000000003,-2.049999999999997,1652054400.0
2022-05-06,120.6,125.65,118.0,124.5,120.77860186207984,6337.0,54.0,765374.0,5572.0,87.93,7.650000000000006,3.9000000000000057,1651795200.0
2022-05-05,127.05,127.05,122.1,123.05,125.42660098522168,1015.0,22.0,127308.0,813.0,80.1,4.950000000000003,-4.0,1651708800.0
2022-05-04,127.7,127.7,120.0,126.85,124.05543556515478,2778.0,57.0,344626.0,1992.0,71.71,7.700000000000003,-0.8500000000000085,1651622400.0
2022-05-02,125.05,128.8,116.2,125.9,126.46236559139786,558.0,22.0,70566.0,469.0,84.05,12.600000000000009,0.8500000000000085,1651449600.0
2022-04-29,116.4,136.3,116.3,127.6,126.6415208207604,1657.0,36.0,209845.0,1386.0,83.65,20.00000000000001,11.199999999999989,1651190400.0
2022-04-28,123.05,128.85,115.2,124.5,122.70864661654136,2660.0,58.0,326405.0,1930.0,72.56,13.649999999999991,1.4500000000000028,1651104000.0
2022-04-27,128.8,128.95,125.5,125.55,126.66182572614107,2410.0,41.0,305255.0,3825.0,57.7,3.4499999999999886,-3.250000000000014,1651017600.0
2022-04-26,126.5,131.8,125.0,127.7,126.0523560209424,6685.0,49.0,842660.0,6330.0,94.69,6.800000000000011,1.2000000000000028,1650931200.0
2022-04-25,134.0,134.0,127.0,128.2,129.04229195088678,733.0,71.0,94588.0,19850.0,100.0,7.0,-5.800000000000011,1650844800.0
2022-04-22,131.4,131.4,126.8,127.25,128.36936542669585,2285.0,35.0,293324.0,4920.0,88.2,4.6000000000000085,-4.150000000000006,1650585600.0
2022-04-21,123.9,131.4,123.9,126.5,127.08720753570344,3291.0,56.0,418244.0,3067.0,93.19,7.5,2.5999999999999943,1650499200.0
2022-04-20,128.3,130.9,125.5,127.1,128.04355533046342,3949.0,138.0,505644.0,2784.0,70.5,5.400000000000006,-1.200000000000017,1650412800.0
2022-04-19,132.9,132.9,125.7,128.35,128.84329436490214,7613.0,91.0,980884.0,252.0,61.46,7.200000000000003,-4.550000000000011,1650326400.0
2022-04-18,129.6,134.9,125.0,126.05,126.27093003266287,5817.0,71.0,734518.0,5209.0,89.55,9.900000000000006,-3.549999999999997,1650240000.0
2022-04-13,133.9,133.9,125.5,126.0,126.9601593625498,3263.0,49.0,414271.0,3089.0,94.67,8.400000000000006,-7.900000000000006,1649808000.0
2022-04-12,129.6,129.9,127.4,128.35,128.672718103883,1983.0,32.0,255158.0,1366.0,68.89,2.5,-1.25,1649721600.0
2022-04-11,130.3,136.0,121.0,127.1,128.0735382760699,24885.0,334.0,3187110.0,12734.0,51.17,15.0,-3.200000000000017,1649635200.0
2022-04-08,130.25,130.5,121.35,130.35,129.79327259985985,1427.0,39.0,185215.0,1229.0,86.12,9.150000000000006,0.0999999999999943,1649376000.0
2022-04-07,128.0,130.0,121.05,128.75,127.53187613843352,1098.0,43.0,140030.0,747.0,68.03,8.950000000000003,0.75,1649289600.0
2022-04-06,122.0,127.95,122.0,127.4,126.83042394014964,401.0,15.0,50859.0,346.0,86.28,5.950000000000003,5.400000000000006,1649203200.0
2022-04-05,128.0,128.85,124.0,128.2,127.15316117542298,3369.0,76.0,428379.0,2748.0,81.57,4.849999999999994,0.1999999999999886,1649116800.0
2022-04-04,113.0,123.15,113.0,123.15,121.78065134099616,5220.0,48.0,635695.0,80399.0,100.0,10.150000000000006,10.150000000000006,1649030400.0
2022-04-01,117.1,119.25,114.95,117.3,117.30615942028986,552.0,26.0,64753.0,422.0,76.45,4.299999999999997,0.2000000000000028,1648771200.0
2022-03-31,121.0,121.95,112.7,114.8,115.9418647166362,2735.0,40.0,317101.0,475.0,57.3,9.25,-6.200000000000003,1648684800.0
2022-03-30,124.2,124.3,115.0,116.6,119.83431800667866,3893.0,50.0,466515.0,2811.0,72.21,9.299999999999995,-7.600000000000008,1648598400.0
2022-03-29,123.6,123.95,120.35,120.5,121.61290322580643,186.0,9.0,22620.0,103.0,55.38,3.6000000000000085,-3.0999999999999943,1648512000.0
2022-03-28,123.0,124.3,119.65,120.0,120.5761791652528,2947.0,49.0,355338.0,2580.0,87.55,4.649999999999992,-3.0,1648425600.0
2022-03-25,126.0,126.6,116.8,122.8,121.9245514868518,4069.0,85.0,496111.0,2660.0,65.37,9.799999999999995,-3.200000000000003,1648166400.0
2022-03-24,120.8,122.0,117.2,120.85,120.21190476190476,420.0,24.0,50489.0,259.0,61.67,4.799999999999997,0.0499999999999971,1648080000.0
2022-03-22,125.5,125.5,116.7,120.8,120.59720176730488,1358.0,81.0,163771.0,948.0,69.81,8.799999999999997,-4.700000000000003,1647907200.0
2022-03-21,122.5,122.5,118.05,120.0,119.78330019880715,1006.0,39.0,120502.0,976.0,97.02,4.450000000000003,-2.5,1647820800.0
2022-03-17,121.95,123.9,116.55,122.45,122.24878836833602,4952.0,31.0,605376.0,4565.0,92.18,7.350000000000008,0.5,1647475200.0
2022-03-16,116.0,118.0,114.5,118.0,117.26415094339625,371.0,15.0,43505.0,313.0,84.37,3.5,2.0,1647388800.0
2022-03-15,118.6,118.6,111.0,116.25,113.50628256205944,3263.0,93.0,370371.0,1704.0,52.22,7.599999999999994,-2.3499999999999943,1647302400.0
2022-03-14,111.6,122.3,111.6,113.2,113.38569078947368,2432.0,100.0,275754.0,10600.0,100.0,10.700000000000005,1.6000000000000083,1647216000.0
2022-03-11,121.0,121.0,116.6,116.6,117.49123505976095,2510.0,34.0,294903.0,1872.0,74.58,4.400000000000006,-4.400000000000006,1646956800.0
2022-03-10,114.95,116.6,114.95,116.6,115.85675306957708,733.0,21.0,84923.0,731.0,99.73,1.6499999999999917,1.6499999999999917,1646870400.0
2022-03-09,114.0,114.0,109.0,111.05,111.25696594427244,323.0,12.0,35936.0,268.0,82.97,5.0,-2.950000000000003,1646784000.0
2022-03-08,111.7,114.0,108.0,111.65,112.41891891891892,1406.0,30.0,158061.0,1212.0,86.2,6.0,-0.0499999999999971,1646697600.0
2022-03-07,113.9,119.5,108.25,108.6,112.48072311381664,5421.0,149.0,609758.0,2979.0,54.95,11.25,-5.300000000000011,1646611200.0
2022-03-04,107.15,115.0,107.15,113.9,109.59528276601448,3731.0,59.0,408900.0,2338.0,62.66,7.849999999999994,6.75,1646352000.0
2022-03-03,115.1,118.5,112.75,112.75,113.35735246168896,3067.0,187.0,347667.0,2304.0,75.12,5.75,-2.3499999999999943,1646265600.0
2022-03-02,110.0,119.0,108.5,118.65,110.74166385988548,2969.0,59.0,328792.0,2481.0,83.56,10.5,8.650000000000006,1646179200.0
2022-02-28,109.95,115.0,104.55,114.2,108.62269712601326,4071.0,448.0,442203.0,,,10.450000000000005,4.25,1646006400.0
2022-02-25,112.0,120.0,109.7,109.95,110.41549766199064,2994.0,98.0,330584.0,2144.0,71.61,10.299999999999995,-2.049999999999997,1645747200.0
2022-02-24,120.0,120.0,115.45,115.45,115.55302279484638,1009.0,18.0,116593.0,832.0,82.46,4.549999999999997,-4.549999999999997,1645660800.0
2022-02-23,120.7,121.5,113.55,121.5,120.11037272464606,6922.0,36.0,831404.0,6668.0,96.33,7.950000000000003,0.7999999999999972,1645574400.0
2022-02-22,124.4,124.4,115.6,115.8,117.0232825524576,3479.0,44.0,407124.0,2635.0,75.74,8.800000000000011,-8.600000000000009,1645488000.0
2022-02-21,128.0,128.0,121.6,121.65,122.9535864978903,3792.0,52.0,466240.0,2572.0,67.83,6.400000000000006,-6.349999999999994,1645401600.0
2022-02-18,134.9,134.9,126.1,128.0,128.19909502262445,221.0,20.0,28332.0,176.0,79.64,8.800000000000011,-6.900000000000006,1645142400.0
2022-02-17,133.85,133.85,124.1,128.8,128.3674280039722,1007.0,37.0,129266.0,830.0,82.42,9.75,-5.049999999999983,1645056000.0
2022-02-16,122.3,130.0,122.3,129.0,128.66983240223465,1790.0,67.0,230319.0,1213.0,67.77,7.700000000000003,6.700000000000003,1644969600.0
2022-02-15,122.35,128.0,116.5,124.75,121.93503411450608,3371.0,71.0,411043.0,2907.0,86.24,11.5,2.4000000000000057,1644883200.0
2022-02-14,119.4,124.9,113.45,122.35,118.6113191843529,2403.0,77.0,285023.0,1450.0,60.34,11.450000000000005,2.9499999999999886,1644796800.0
2022-02-11,130.9,130.9,119.4,119.4,121.11988304093568,1710.0,44.0,207115.0,1326.0,77.54,11.5,-11.5,1644537600.0
2022-02-10,134.9,137.0,125.65,125.65,129.4049207673061,2398.0,114.0,310313.0,1486.0,61.97,11.349999999999994,-9.25,1644451200.0
2022-02-09,123.6,133.0,123.45,132.25,130.28889225181598,6608.0,179.0,860949.0,4445.0,67.27,9.549999999999995,8.650000000000006,1644364800.0
2022-02-08,112.6,121.0,112.6,121.0,117.87194744018842,8067.0,95.0,950873.0,7708.0,95.55,8.400000000000006,8.400000000000006,1644278400.0
2022-02-07,114.0,114.0,101.25,110.05,109.09181871689228,1699.0,59.0,185347.0,1156.0,68.04,12.75,-3.950000000000003,1644192000.0
2022-02-04,108.75,108.75,99.1,104.95,102.90972222222224,1584.0,49.0,163009.0,1154.0,72.85,9.650000000000006,-3.799999999999997,1643932800.0
2022-02-03,110.0,110.0,99.75,103.95,103.03703703703704,513.0,40.0,52858.0,384.0,74.85,10.25,-6.049999999999997,1643846400.0
2022-02-02,105.8,105.8,102.0,105.0,104.99616858237547,261.0,19.0,27404.0,138.0,52.87,3.799999999999997,-0.7999999999999972,1643760000.0
2022-02-01,105.75,109.75,100.3,100.95,102.5789726356217,2083.0,51.0,213672.0,1311.0,62.94,9.450000000000005,-4.799999999999997,1643673600.0
2022-01-31,106.0,106.0,98.25,105.0,103.9778270509978,451.0,25.0,46894.0,355.0,78.71,7.75,-1.0,1643587200.0
2022-01-28,106.2,106.2,100.05,101.15,102.01328903654483,3010.0,40.0,307060.0,2752.0,91.43,6.150000000000006,-5.049999999999997,1643328000.0
2022-01-27,105.8,105.8,96.4,104.1,101.06047516198704,926.0,22.0,93582.0,710.0,76.67,9.399999999999991,-1.7000000000000028,1643241600.0
2022-01-25,100.35,104.95,95.35,101.4,101.6504854368932,2266.0,69.0,230340.0,1692.0,74.67,9.600000000000009,1.0500000000000114,1643068800.0
2022-01-24,107.1,107.1,99.8,100.35,101.96921697549313,3346.0,46.0,341189.0,128665.0,100.0,7.299999999999997,-6.75,1642982400.0
2022-01-21,113.0,113.0,105.0,105.0,107.46699713018523,3833.0,54.0,411921.0,3115.0,81.27,8.0,-8.0,1642723200.0
2022-01-20,108.95,110.5,105.0,110.5,107.02719665271968,478.0,20.0,51159.0,211.0,44.14,5.5,1.5499999999999972,1642636800.0
2022-01-19,106.0,108.55,105.0,105.4,105.42124105011932,1676.0,31.0,176686.0,1570.0,93.68,3.549999999999997,-0.5999999999999943,1642550400.0
2022-01-18,107.05,113.85,104.55,107.8,107.70961248112732,1987.0,47.0,214019.0,522.0,26.27,9.299999999999995,0.75,1642464000.0
2022-01-17,110.0,110.0,109.0,109.95,109.54907161803712,2262.0,21.0,247800.0,2185.0,96.6,1.0,-0.0499999999999971,1642377600.0
2022-01-14,107.05,109.9,104.7,106.2,108.93266724587316,9208.0,51.0,1003052.0,8491.0,92.21,5.200000000000003,-0.8499999999999943,1642118400.0
2022-01-13,110.0,110.0,102.55,104.7,105.87373737373736,3762.0,71.0,398297.0,2444.0,64.97,7.450000000000003,-5.299999999999997,1642032000.0
2022-01-12,108.55,110.75,107.0,107.5,108.2524646378054,2333.0,69.0,252553.0,2038.0,87.36,3.75,-1.0499999999999972,1641945600.0
2022-01-11,114.45,114.45,108.25,110.75,112.58710976837864,1986.0,42.0,223598.0,1407.0,70.85,6.200000000000003,-3.700000000000003,1641859200.0
2022-01-10,111.25,118.9,108.5,111.05,112.14491362763916,5210.0,88.0,584275.0,3996.0,76.7,10.400000000000006,-0.2000000000000028,1641772800.0
2022-01-07,113.5,114.0,111.45,113.5,113.37769376181474,2645.0,53.0,299884.0,2574.0,97.32,2.549999999999997,0.0,1641513600.0
2022-01-06,115.8,115.95,111.0,114.0,113.6775396085741,1073.0,37.0,121976.0,875.0,81.55,4.950000000000003,-1.7999999999999972,1641427200.0
2022-01-05,120.5,120.5,111.05,114.35,115.16129570879949,5989.0,103.0,689701.0,4982.0,83.19,9.450000000000005,-6.150000000000006,1641340800.0
2022-01-04,113.5,120.8,110.1,115.4,114.5632299927902,6935.0,151.0,794496.0,4156.0,59.93,10.700000000000005,1.9000000000000057,1641254400.0
2022-01-03,113.7,118.8,113.65,115.1,115.9542659492698,2602.0,64.0,301713.0,1984.0,76.25,5.149999999999992,1.3999999999999917,1641168000.0
2021-12-31,111.25,119.9,111.25,118.95,119.417791898332,1259.0,44.0,150347.0,925.0,73.47,8.650000000000006,7.700000000000003,1640908800.0
2021-12-30,115.55,120.9,115.55,116.6,117.53474576271186,1180.0,31.0,138691.0,1089.0,92.29,5.3500000000000085,1.0499999999999972,1640822400.0
2021-12-28,119.9,119.9,112.7,118.8,118.8110119047619,2016.0,32.0,239523.0,1648.0,81.75,7.200000000000003,-1.1000000000000083,1640649600.0
2021-12-27,122.0,122.0,115.05,118.0,119.1949745547074,3144.0,62.0,374749.0,2306.0,73.35,6.950000000000003,-4.0,1640563200.0
2021-12-24,115.4,118.95,115.4,118.85,116.8473129080864,1991.0,25.0,232643.0,1603.0,80.51,3.549999999999997,3.4499999999999886,1640304000.0
2021-12-23,120.95,121.0,114.3,120.85,119.850803550012,4169.0,72.0,499658.0,2395.0,57.45,6.700000000000003,-0.1000000000000085,1640217600.0
2021-12-22,119.5,119.5,115.0,119.0,118.72974217311234,2172.0,39.0,257881.0,1776.0,81.77,4.5,-0.5,1640131200.0
2021-12-21,125.95,125.95,116.55,116.75,118.20313315926892,1915.0,58.0,226359.0,1113.0,58.12,9.400000000000006,-9.200000000000005,1640044800.0
2021-12-20,118.15,129.9,118.15,121.0,120.81063600431187,2783.0,92.0,336216.0,1569.0,56.38,11.75,2.8499999999999943,1639958400.0
2021-12-17,126.5,127.6,119.5,124.35,125.83664420007096,5638.0,76.0,709467.0,5508.0,97.69,8.099999999999994,-2.1500000000000057,1639699200.0
2021-12-16,122.0,123.5,117.3,122.75,120.94099593339983,13033.0,84.0,1576224.0,12458.0,95.59,6.200000000000003,0.75,1639612800.0
2021-12-15,120.35,120.35,115.0,117.85,118.23126190064048,17331.0,139.0,2049066.0,14233.0,82.12,5.349999999999994,-2.5,1639526400.0
2021-12-14,109.25,114.65,109.25,114.65,114.63833373464963,4153.0,46.0,476093.0,4150.0,99.93,5.400000000000006,5.400000000000006,1639440000.0
2021-12-13,107.0,109.2,104.2,109.2,108.22089012974216,6089.0,67.0,658957.0,6068.0,99.66,5.0,2.200000000000003,1639353600.0
2021-12-10,98.05,104.0,98.05,104.0,102.14797580269892,2149.0,26.0,219516.0,2142.0,99.67,5.950000000000003,5.950000000000003,1639094400.0
2021-12-09,99.6,100.35,98.05,99.25,99.40751445086704,1730.0,31.0,171975.0,1572.0,90.87,2.299999999999997,-0.3499999999999943,1639008000.0
2021-12-08,95.0,100.0,95.0,99.15,97.82719836400818,978.0,44.0,95675.0,379.0,38.75,5.0,4.150000000000006,1638921600.0
2021-12-07,93.7,99.8,93.7,98.7,96.76670441676104,1766.0,44.0,170890.0,1310.0,74.18,6.099999999999994,5.0,1638835200.0
2021-12-06,98.0,100.0,95.6,95.65,97.72449758331211,7862.0,55.0,768310.0,7664.0,97.48,4.400000000000006,-2.3499999999999943,1638748800.0
2021-12-03,97.45,100.7,96.0,97.0,98.00699558173784,2716.0,54.0,266187.0,2470.0,90.94,4.700000000000003,-0.4500000000000028,1638489600.0
2021-12-02,99.0,100.25,95.05,99.4,97.55951152390782,5814.0,64.0,567211.0,4665.0,80.24,5.200000000000003,0.4000000000000057,1638403200.0
2021-12-01,99.4,99.4,94.6,95.5,94.86522734707228,3057.0,19.0,290003.0,3031.0,99.15,4.800000000000011,-3.9000000000000057,1638316800.0
2021-11-30,99.5,99.5,94.6,99.45,98.67801556420234,1028.0,23.0,101441.0,978.0,95.14,4.900000000000006,-0.0499999999999971,1638230400.0
2021-11-29,95.55,99.7,95.55,99.0,96.21268163804493,2271.0,28.0,218499.0,1995.0,87.85,4.150000000000006,3.450000000000003,1638144000.0
2021-11-26,99.85,99.85,95.2,97.85,97.60758082497212,897.0,38.0,87554.0,831.0,92.64,4.649999999999992,-2.0,1637884800.0
2021-11-25,99.1,99.7,94.65,98.0,97.37574722459436,1171.0,28.0,114027.0,550.0,46.97,5.049999999999997,-1.0999999999999943,1637798400.0
2021-11-24,95.05,99.8,95.05,99.1,95.91911764705884,1904.0,38.0,182630.0,1520.0,79.83,4.75,4.049999999999997,1637712000.0
2021-11-23,99.6,99.6,94.7,98.0,95.55684754521964,6192.0,15.0,591688.0,6180.0,99.81,4.899999999999992,-1.5999999999999943,1637625600.0
2021-11-22,97.55,99.75,94.0,99.6,96.88694852941175,1088.0,18.0,105413.0,986.0,90.62,5.75,2.049999999999997,1637539200.0
2021-11-18,99.85,99.85,96.05,97.55,98.26916666666666,2400.0,21.0,235846.0,1836.0,76.5,3.799999999999997,-2.299999999999997,1637193600.0
2021-11-17,95.65,99.75,95.65,96.0,99.1190597853858,1957.0,8.0,193976.0,1957.0,100.0,4.099999999999994,0.3499999999999943,1637107200.0
2021-11-16,99.8,99.8,95.55,99.7,97.2620320855615,374.0,12.0,36376.0,374.0,100.0,4.25,-0.0999999999999943,1637020800.0
2021-11-12,96.65,99.45,96.0,98.7,96.73698820263706,1441.0,24.0,139398.0,1272.0,88.27,3.450000000000003,2.049999999999997,1636675200.0
2021-11-11,99.25,99.8,95.4,96.55,97.931654676259,556.0,21.0,54450.0,244.0,43.88,4.399999999999992,-2.700000000000003,1636588800.0
2021-11-10,99.85,99.85,97.8,99.25,99.69657422512236,1226.0,19.0,122228.0,1212.0,98.86,2.049999999999997,-0.5999999999999943,1636502400.0
2021-11-09,100.8,100.8,97.85,99.6,99.5312625250501,4990.0,27.0,496661.0,4978.0,99.76,2.950000000000003,-1.2000000000000028,1636416000.0
2021-11-08,98.0,99.05,96.8,98.25,98.01103595585616,5618.0,22.0,550626.0,5613.0,99.91,2.25,0.25,1636329600.0
2021-11-03,98.0,99.05,95.05,97.8,98.68685412160538,4161.0,20.0,410636.0,4099.0,98.51,4.0,-0.2000000000000028,1635897600.0
2021-11-02,93.25,98.0,93.25,98.0,96.96069868995632,687.0,14.0,66612.0,681.0,99.13,4.75,4.75,1635811200.0
2021-11-01,99.5,99.5,93.1,94.35,96.65163934426228,244.0,15.0,23583.0,214.0,87.7,6.400000000000006,-5.150000000000006,1635724800.0
2021-10-29,95.55,95.55,91.7,95.2,95.0284090909091,352.0,8.0,33450.0,352.0,100.0,3.8499999999999934,-0.3499999999999943,1635465600.0
2021-10-28,98.9,98.9,95.2,95.2,95.73319327731092,476.0,12.0,45569.0,468.0,98.32,3.700000000000003,-3.700000000000003,1635379200.0
2021-10-27,95.3,98.95,95.3,96.05,96.36462093862816,277.0,17.0,26693.0,216.0,77.98,3.6500000000000057,0.75,1635292800.0
2021-10-26,99.6,99.6,95.1,96.15,95.60730088495576,904.0,17.0,86429.0,828.0,91.59,4.5,-3.4499999999999886,1635206400.0
2021-10-25,95.45,100.0,94.2,99.65,97.67948717948718,546.0,22.0,53333.0,466.0,85.35,5.799999999999997,4.200000000000003,1635120000.0
2021-10-22,103.0,103.0,95.25,95.55,98.04411764705884,884.0,28.0,86671.0,636.0,71.95,7.75,-7.450000000000003,1634860800.0
2021-10-21,98.05,99.75,95.2,99.05,98.96773136773136,6105.0,24.0,604198.0,5940.0,97.3,4.549999999999997,1.0,1634774400.0
2021-10-20,95.15,100.0,94.3,99.75,97.63653283701144,3761.0,68.0,367211.0,2853.0,75.86,5.700000000000003,4.599999999999994,1634688000.0
2021-10-19,95.05,99.9,95.05,98.0,99.44267253230684,10911.0,45.0,1085019.0,10392.0,95.24,4.8500000000000085,2.950000000000003,1634601600.0
2021-10-18,101.0,101.0,95.05,96.7,98.43047337278108,676.0,36.0,66539.0,449.0,66.42,5.950000000000003,-4.299999999999997,1634515200.0
2021-10-14,99.5,101.05,95.0,96.95,96.17045668107498,5321.0,49.0,511723.0,4778.0,89.8,6.049999999999997,-2.549999999999997,1634169600.0
2021-10-13,100.05,100.05,95.05,96.25,95.9531261013604,14187.0,81.0,1361287.0,13364.0,94.2,5.0,-3.799999999999997,1634083200.0
2021-10-12,99.4,100.1,97.0,100.05,99.72319487355531,8739.0,34.0,871481.0,8629.0,98.74,3.0999999999999943,0.6499999999999915,1633996800.0
2021-10-11,101.6,101.6,94.05,99.9,99.84211904346309,11458.0,39.0,1143991.0,11458.0,100.0,7.549999999999997,-1.6999999999999886,1633910400.0
2021-10-08,100.0,101.0,96.65,96.8,99.39373677528566,11815.0,20.0,1174337.0,11815.0,100.0,4.349999999999994,-3.200000000000003,1633651200.0
2021-10-07,96.9,103.75,95.0,99.45,98.31645803786152,16217.0,47.0,1594398.0,16217.0,100.0,8.75,2.549999999999997,1633564800.0
2021-10-06,99.0,101.95,94.1,98.85,98.13117987079224,14705.0,45.0,1443019.0,14705.0,100.0,7.850000000000008,-0.1500000000000056,1633478400.0
2021-10-05,98.0,103.5,95.75,99.0,98.97800062189054,25728.0,53.0,2546506.0,25728.0,100.0,7.75,1.0,1633392000.0
2021-10-04,98.5,102.95,98.0,99.0,99.22121455630813,17422.0,47.0,1728632.0,17422.0,100.0,4.950000000000003,0.5,1633305600.0
2021-10-01,98.85,104.9,96.85,98.05,97.389448203774,18177.0,76.0,1770248.0,18177.0,100.0,8.050000000000011,-0.7999999999999972,1633046400.0
2021-09-30,104.8,104.8,99.25,101.9,103.35909090909092,220.0,15.0,22739.0,220.0,100.0,5.549999999999997,-2.8999999999999915,1632960000.0
2021-09-29,108.1,108.1,97.85,100.85,102.19786030496805,16264.0,36.0,1662146.0,16264.0,100.0,10.25,-7.25,1632873600.0
2021-09-28,106.95,107.4,102.5,103.0,104.54085249477416,11003.0,64.0,1150263.0,11003.0,100.0,4.900000000000006,-3.950000000000003,1632787200.0
2021-09-27,102.0,102.3,99.5,102.3,100.63199044831303,25964.0,79.0,2612809.0,25964.0,100.0,2.799999999999997,0.2999999999999971,1632700800.0
2021-09-24,99.5,99.55,95.5,97.45,97.3437463573843,17158.0,68.0,1670224.0,17158.0,100.0,4.049999999999997,-2.049999999999997,1632441600.0
2021-09-23,94.85,94.85,92.0,94.85,94.09979564032696,8808.0,45.0,828831.0,8808.0,100.0,2.8499999999999943,0.0,1632355200.0
2021-09-22,90.0,90.35,87.0,90.35,89.70986859056944,3881.0,30.0,348164.0,3881.0,100.0,3.3499999999999943,0.3499999999999943,1632268800.0
2021-09-21,85.7,86.9,82.5,86.05,85.70150115473442,3464.0,35.0,296870.0,3464.0,100.0,4.400000000000006,0.3499999999999943,1632182400.0
2021-09-20,85.0,85.0,82.5,82.95,82.86385631863018,10746.0,19.0,890455.0,10746.0,100.0,2.5,-2.049999999999997,1632096000.0
2021-09-17,81.5,83.95,78.55,81.5,80.94820536119946,2201.0,19.0,178167.0,2201.0,100.0,5.400000000000006,0.0,1631836800.0
2021-09-16,79.55,81.5,79.55,81.5,81.45767752230361,13787.0,16.0,1123057.0,13787.0,100.0,1.9500000000000028,1.9500000000000028,1631750400.0
2021-09-15,77.45,81.5,77.45,81.5,81.44563435690088,9151.0,13.0,745309.0,9151.0,100.0,4.049999999999997,4.049999999999997,1631664000.0
2021-09-14,78.75,83.0,78.75,81.5,81.49500298329356,13408.0,15.0,1092685.0,13408.0,100.0,4.25,2.75,1631577600.0
2021-09-13,76.95,82.35,75.05,81.3,81.00429154841835,14447.0,37.0,1170269.0,14447.0,100.0,7.299999999999997,4.349999999999994,1631491200.0
2021-09-09,77.0,80.0,75.0,78.5,78.41504539559014,771.0,12.0,60458.0,771.0,100.0,5.0,1.5,1631145600.0
2021-09-08,75.15,81.0,75.15,77.8,79.03140518051268,7451.0,22.0,588863.0,7451.0,100.0,5.849999999999994,2.6499999999999915,1631059200.0
2021-09-07,75.0,80.95,74.1,77.5,77.46782514254684,7366.0,41.0,570628.0,7366.0,100.0,6.8500000000000085,2.5,1630972800.0
2021-09-06,81.25,81.95,77.8,77.8,78.82365017450216,4871.0,28.0,383950.0,4871.0,100.0,4.150000000000006,-3.450000000000003,1630886400.0
2021-09-03,78.6,82.45,78.6,81.85,81.61778432817489,4071.0,15.0,332266.0,4071.0,100.0,3.850000000000009,3.25,1630627200.0
2021-09-02,80.0,80.0,74.05,78.6,79.52777109882183,4159.0,32.0,330756.0,4159.0,100.0,5.950000000000003,-1.4000000000000057,1630540800.0
2021-09-01,77.0,77.7,74.0,77.7,74.0249354005168,15480.0,16.0,1145906.0,15480.0,100.0,3.700000000000003,0.7000000000000028,1630454400.0
2021-08-31,74.0,77.45,74.0,74.2,74.27293464246752,10083.0,19.0,748894.0,10083.0,100.0,3.450000000000003,0.2000000000000028,1630368000.0
2021-08-30,79.5,79.85,72.6,74.0,74.76892810301658,8387.0,39.0,627087.0,8387.0,100.0,7.25,-5.5,1630281600.0
2021-08-27,79.0,79.0,72.6,76.05,75.95595353339787,2066.0,10.0,156925.0,2066.0,100.0,6.400000000000006,-2.950000000000003,1630022400.0
2021-08-26,73.5,77.0,71.8,76.0,75.8768094534712,3385.0,19.0,256843.0,3385.0,100.0,5.200000000000003,2.5,1629936000.0
2021-08-25,70.3,76.2,70.3,75.0,75.19662719770362,2787.0,17.0,209573.0,2787.0,100.0,5.900000000000006,4.700000000000003,1629849600.0
2021-08-24,74.2,74.2,69.0,73.95,72.12407539966595,20955.0,29.0,1511360.0,20955.0,100.0,5.200000000000003,-0.25,1629763200.0
2021-08-23,69.6,74.3,68.15,72.0,72.21046477638117,3421.0,24.0,247032.0,3421.0,100.0,6.149999999999992,2.4000000000000057,1629676800.0
2021-08-20,70.0,74.0,70.0,71.0,71.01860613229006,21982.0,24.0,1561131.0,21982.0,100.0,4.0,1.0,1629417600.0
2021-08-18,74.85,74.85,70.5,70.6,70.66256420195755,10319.0,21.0,729167.0,10319.0,100.0,4.349999999999994,-4.25,1629244800.0
2021-08-17,71.25,71.4,69.0,71.4,70.253766146105,32593.0,26.0,2289781.0,32593.0,100.0,2.4000000000000057,0.1500000000000056,1629158400.0
2021-08-16,67.3,70.6,64.15,68.0,68.83874778499705,1693.0,11.0,116544.0,1693.0,100.0,6.449999999999989,0.7000000000000028,1629072000.0
2021-08-13,70.0,70.0,67.0,67.3,68.75092175337976,14646.0,22.0,1006926.0,14646.0,100.0,3.0,-2.700000000000003,1628812800.0
2021-08-12,72.45,72.45,67.6,69.0,69.01694915254237,1180.0,9.0,81440.0,1180.0,100.0,4.8500000000000085,-3.450000000000003,1628726400.0
2021-08-11,67.35,71.7,67.35,69.0,69.04621901083841,16054.0,11.0,1108468.0,16054.0,100.0,4.3500000000000085,1.6500000000000057,1628640000.0
2021-08-09,67.4,72.15,67.4,68.75,68.75032450674973,15408.0,17.0,1059305.0,15408.0,100.0,4.75,1.3499999999999943,1628467200.0
2021-08-06,65.55,71.55,65.55,68.75,68.94889152140802,17727.0,24.0,1222257.0,17727.0,100.0,6.0,3.200000000000003,1628208000.0
2021-08-05,67.0,73.4,67.0,68.15,68.66650538284746,16534.0,33.0,1135332.0,16534.0,100.0,6.400000000000006,1.1500000000000057,1628121600.0
2021-08-04,69.05,70.0,68.75,70.0,69.06746481831549,23805.0,27.0,1644151.0,23805.0,100.0,1.25,0.9500000000000028,1628035200.0
2021-08-03,66.55,73.5,66.55,71.0,69.3904777036331,18882.0,30.0,1310231.0,18882.0,100.0,6.950000000000003,4.450000000000003,1627948800.0
2021-08-02,65.6,72.45,65.6,70.0,68.7038490484894,18602.0,44.0,1278029.0,18602.0,100.0,6.8500000000000085,4.400000000000006,1627862400.0
2021-07-30,67.2,69.5,67.2,69.0,68.21680746438028,15862.0,14.0,1082055.0,15862.0,100.0,2.299999999999997,1.7999999999999972,1627603200.0
2021-07-29,69.5,70.5,68.55,68.55,69.94218766529144,18906.0,26.0,1322327.0,18906.0,100.0,1.9500000000000028,-0.9500000000000028,1627516800.0
2021-07-28,68.0,71.5,67.0,68.75,68.1994830557151,17410.0,26.0,1187353.0,17410.0,100.0,4.5,0.75,1627430400.0
2021-07-27,67.05,71.0,67.0,68.15,67.66398492794949,19639.0,30.0,1328853.0,19639.0,100.0,4.0,1.1000000000000083,1627344000.0
2021-07-26,67.35,70.7,67.0,70.45,68.53401152101974,24477.0,67.0,1677507.0,24477.0,100.0,3.700000000000003,3.1000000000000085,1627257600.0
2021-07-23,64.15,67.35,64.15,67.35,66.83282674772036,1316.0,29.0,87952.0,1316.0,100.0,3.1999999999999886,3.1999999999999886,1626998400.0
2021-07-22,64.0,68.0,64.0,64.15,65.33081896551724,928.0,19.0,60627.0,928.0,100.0,4.0,0.1500000000000056,1626912000.0
2021-07-20,65.7,67.0,65.0,65.0,65.59165613147914,791.0,14.0,51883.0,791.0,100.0,2.0,-0.7000000000000028,1626739200.0
2021-07-19,63.75,67.0,63.5,67.0,64.57816091954022,870.0,18.0,56183.0,870.0,100.0,3.5,3.25,1626652800.0
2021-07-16,67.95,67.95,64.3,65.05,65.41322314049587,1815.0,35.0,118725.0,1815.0,100.0,3.6500000000000057,-2.9000000000000057,1626393600.0
2021-07-15,65.1,67.0,65.1,66.8,66.8021978021978,364.0,8.0,24316.0,364.0,100.0,1.9000000000000057,1.7000000000000028,1626307200.0
2021-07-14,67.0,69.0,64.55,65.45,65.82405935347111,3774.0,36.0,248420.0,3774.0,100.0,4.450000000000003,-1.5499999999999972,1626220800.0
2021-07-13,70.35,70.35,63.8,66.3,65.61300349695635,7721.0,43.0,506598.0,7721.0,100.0,6.549999999999997,-4.049999999999997,1626134400.0
2021-07-12,63.05,67.25,63.05,67.1,65.50623441396509,1203.0,41.0,78804.0,1203.0,100.0,4.200000000000003,4.049999999999997,1626048000.0
2021-07-09,61.9,68.0,61.9,64.05,65.28943290982336,3227.0,37.0,210689.0,3227.0,100.0,6.100000000000001,2.1499999999999986,1625788800.0
2021-07-08,68.0,68.0,65.0,65.15,67.3081438004402,1363.0,15.0,91741.0,1363.0,100.0,3.0,-2.8499999999999943,1625702400.0
2021-07-07,65.0,69.0,65.0,65.1,66.18877551020408,784.0,24.0,51892.0,784.0,100.0,4.0,0.0999999999999943,1625616000.0
2021-07-06,65.95,67.8,64.2,67.0,66.96739663343683,12238.0,40.0,819547.0,12238.0,100.0,3.5999999999999943,1.0499999999999972,1625529600.0
2021-07-05,64.6,68.5,64.6,67.25,66.19948186528498,386.0,26.0,25553.0,386.0,100.0,3.9000000000000057,2.6500000000000057,1625443200.0
2021-07-02,69.0,69.0,64.7,67.95,67.02797202797203,429.0,23.0,28755.0,429.0,100.0,4.299999999999997,-1.0499999999999972,1625184000.0
2021-07-01,66.5,68.0,63.5,68.0,67.08211473565804,889.0,35.0,59636.0,889.0,100.0,4.5,1.5,1625097600.0
2021-06-30,67.0,67.0,66.0,66.5,66.22235023041475,2604.0,18.0,172443.0,2604.0,100.0,1.0,-0.5,1625011200.0
2021-06-29,67.0,69.5,64.55,67.6,67.49233822070335,9071.0,57.0,612223.0,9071.0,100.0,4.950000000000003,0.5999999999999943,1624924800.0
2021-06-28,65.0,67.95,63.3,67.0,66.82966072053165,2859.0,72.0,191066.0,2859.0,100.0,4.650000000000006,2.0,1624838400.0
2021-06-25,61.85,66.25,61.85,65.0,64.38387194201148,3311.0,35.0,213175.0,3311.0,100.0,4.399999999999999,3.1499999999999986,1624579200.0
2021-06-24,63.7,67.95,62.0,63.1,65.62928348909658,963.0,53.0,63201.0,963.0,100.0,5.950000000000003,-0.6000000000000014,1624492800.0
2021-06-23,68.0,68.0,63.05,65.0,66.17151675485009,2268.0,45.0,150077.0,2268.0,100.0,4.950000000000003,-3.0,1624406400.0
2021-06-22,62.4,68.75,62.4,66.3,65.53590514362057,5988.0,58.0,392429.0,5988.0,100.0,6.350000000000001,3.899999999999999,1624320000.0
2021-06-21,66.75,66.75,60.45,65.65,64.39006188569348,5494.0,56.0,353759.0,5494.0,100.0,6.299999999999997,-1.0999999999999943,1624233600.0
2021-06-18,63.6,67.85,63.6,63.6,63.92433697347894,1282.0,35.0,81951.0,1282.0,100.0,4.249999999999993,0.0,1623974400.0
2021-06-17,62.95,69.1,62.95,66.9,64.66035037540222,5594.0,75.0,361710.0,5594.0,100.0,6.149999999999992,3.950000000000003,1623888000.0
2021-06-16,64.8,70.95,64.35,66.25,65.65526295466832,12949.0,117.0,850170.0,12949.0,100.0,6.6000000000000085,1.4500000000000028,1623801600.0
2021-06-15,68.0,69.95,65.7,67.7,67.33577251428204,15579.0,149.0,1049024.0,15579.0,100.0,4.25,-0.2999999999999971,1623715200.0
2021-06-14,71.0,71.0,66.55,69.15,67.54485161870504,17792.0,65.0,1201758.0,17792.0,100.0,4.450000000000003,-1.8499999999999943,1623628800.0
2021-06-11,72.8,72.8,69.0,70.05,70.89943609022556,3192.0,62.0,226311.0,1083083.0,57.24,3.799999999999997,-2.75,1623369600.0
2021-06-10,69.35,69.35,69.2,69.35,69.34827637224441,13518.0,378.0,937450.0,13518.0,100.0,0.1499999999999914,0.0,1623283200.0
2021-06-09,68.65,69.95,65.0,66.05,66.80659670164917,667.0,11.0,44560.0,667.0,100.0,4.950000000000003,-2.6000000000000085,1623196800.0
2021-06-08,66.5,68.9,66.5,67.1,67.17068823690704,7294.0,26.0,489943.0,7294.0,100.0,2.4000000000000057,0.5999999999999943,1623110400.0
2021-06-07,71.55,71.55,65.0,70.0,66.65798134942402,3646.0,21.0,243035.0,3646.0,100.0,6.549999999999997,-1.5499999999999972,1623024000.0
2021-06-04,73.95,73.95,68.2,68.2,69.55134281200633,633.0,14.0,44026.0,633.0,100.0,5.75,-5.75,1622764800.0
2021-06-03,72.85,72.85,66.2,71.75,68.2121021399029,11122.0,21.0,758655.0,11122.0,100.0,6.649999999999992,-1.0999999999999943,1622678400.0
2021-06-02,67.0,70.75,67.0,69.65,67.91629955947137,227.0,7.0,15417.0,227.0,100.0,3.75,2.6500000000000057,1622592000.0
2021-05-31,71.8,71.8,67.25,70.0,67.55555555555556,108.0,4.0,7296.0,108.0,100.0,4.549999999999997,-1.7999999999999972,1622419200.0
2021-05-28,71.4,71.4,66.25,70.7,68.07119609438568,2458.0,22.0,167319.0,2458.0,100.0,5.150000000000006,-0.7000000000000028,1622160000.0
2021-05-27,71.55,71.55,68.0,69.7,70.50147492625369,1017.0,14.0,71700.0,1017.0,100.0,3.549999999999997,-1.8499999999999943,1622073600.0
2021-05-26,71.9,71.9,65.1,71.55,69.27638458130261,11285.0,39.0,781784.0,11285.0,100.0,6.800000000000011,-0.3500000000000085,1621987200.0
2021-05-25,70.1,70.5,66.3,68.5,68.91699725358559,3277.0,17.0,225841.0,3277.0,100.0,4.200000000000003,-1.5999999999999943,1621900800.0
2021-05-24,65.7,69.5,65.7,69.4,68.63936291240046,3516.0,25.0,241336.0,3516.0,100.0,3.799999999999997,3.700000000000003,1621814400.0
2021-05-21,69.0,69.0,64.05,67.0,67.18008550053437,5614.0,37.0,377149.0,5614.0,100.0,4.950000000000003,-2.0,1621555200.0
2021-05-20,67.95,68.15,63.15,66.0,66.14672977624785,2324.0,22.0,153725.0,2324.0,100.0,5.000000000000007,-1.9500000000000028,1621468800.0
2021-05-19,65.25,66.7,63.65,66.35,65.24975124378109,1005.0,8.0,65576.0,1005.0,100.0,3.0500000000000043,1.0999999999999943,1621382400.0
2021-05-18,65.75,67.4,65.25,67.0,65.78902229845626,1749.0,14.0,115065.0,1749.0,100.0,2.1500000000000057,1.25,1621296000.0
2021-05-17,63.05,68.85,63.0,65.0,64.61184210526316,456.0,8.0,29463.0,456.0,100.0,5.849999999999994,1.9500000000000028,1621209600.0
2021-05-14,66.2,66.25,62.9,66.2,63.57857601026299,1559.0,11.0,99119.0,1559.0,100.0,3.3500000000000014,0.0,1620950400.0
2021-05-12,69.6,69.6,63.1,63.1,67.91803278688525,61.0,12.0,4143.0,61.0,100.0,6.499999999999993,-6.499999999999993,1620757800.0
2021-05-11,63.9,66.8,63.0,66.4,65.38601036269431,386.0,17.0,25239.0,386.0,100.0,3.799999999999997,2.500000000000007,1620671400.0
2021-05-10,67.2,67.2,61.2,64.45,66.73258606885508,1249.0,13.0,83349.0,1249.0,100.0,6.0,-2.75,1620585000.0
2021-05-07,65.25,65.25,62.5,64.0,65.18932038834951,206.0,4.0,13429.0,206.0,100.0,2.75,-1.25,1620345600.0
2021-05-06,65.0,66.0,63.1,63.1,63.22003154574133,1268.0,10.0,80163.0,1268.0,100.0,2.8999999999999986,-1.8999999999999984,1620259200.0
2021-05-05,66.85,69.05,63.55,66.4,67.08071748878923,223.0,8.0,14959.0,223.0,100.0,5.5,-0.4499999999999886,1620153000.0
2021-05-04,69.8,69.8,63.2,66.85,64.76760563380282,284.0,14.0,18394.0,284.0,100.0,6.599999999999994,-2.950000000000003,1620086400.0
2021-05-03,68.5,68.5,65.7,66.5,66.8,40.0,4.0,2672.0,40.0,100.0,2.8,-2.0,1620000000.0
2021-04-30,68.85,68.85,62.65,65.95,65.1788617886179,123.0,7.0,8017.0,123.0,100.0,6.2,-2.9,1619740800.0
2021-04-29,66.95,66.95,60.7,65.9,63.77113702623907,686.0,16.0,43747.0,686.0,100.0,6.25,-1.05,1619654400.0
2021-04-28,66.85,66.85,63.0,63.8,64.11588785046729,1070.0,22.0,68604.0,1070.0,100.0,3.85,-3.05,1619568000.0
2021-04-27,67.45,67.45,62.75,64.3,65.71304347826087,345.0,17.0,22671.0,345.0,100.0,4.7,-3.15,1619481600.0
2021-04-26,63.0,66.1,63.0,66.05,64.36942070275404,1053.0,17.0,67781.0,1053.0,100.0,3.1,3.05,1619395200.0
2021-04-23,64.95,66.75,61.75,66.3,66.52272727272727,88.0,6.0,5854.0,88.0,100.0,5.0,1.35,1619136000.0
2021-04-22,62.1,65.05,59.0,64.95,59.91688089117395,1167.0,10.0,69923.0,1167.0,100.0,6.05,2.85,1619049600.0
2021-04-20,65.9,65.9,62.1,62.1,65.77777777777777,36.0,3.0,2368.0,36.0,100.0,3.8,-3.8,1618876800.0
2021-04-19,66.1,68.5,62.8,62.8,64.446875,320.0,8.0,20623.0,320.0,100.0,5.7,-3.3,1618790400.0
2021-04-16,69.65,69.65,63.25,66.1,63.56122448979592,196.0,16.0,12458.0,196.0,100.0,6.4,-3.55,1618531200.0
2021-04-15,67.9,67.9,63.25,66.55,63.99224806201551,645.0,11.0,41275.0,645.0,100.0,4.65,-1.35,1618444800.0
2021-04-13,61.85,67.95,61.85,66.55,64.96888260254597,707.0,7.0,45933.0,707.0,100.0,6.1,4.7,1618272000.0
2021-04-12,61.9,67.85,61.9,64.95,61.96578140960163,1958.0,11.0,121329.0,1958.0,100.0,5.95,3.05,1618185600.0
2021-04-09,66.3,66.3,62.45,64.95,65.51616839536304,6556.0,27.0,429524.0,6556.0,100.0,3.85,-1.35,1617926400.0
2021-04-08,68.85,68.85,62.4,63.15,66.72260748959778,1442.0,18.0,96214.0,1442.0,100.0,6.45,-5.7,1617840000.0
2021-04-07,71.95,71.95,65.55,65.6,67.36626809314033,3178.0,26.0,214090.0,3178.0,100.0,6.4,-6.35,1617753600.0
2021-04-06,67.35,71.7,67.35,69.0,67.5668549905838,531.0,15.0,35878.0,531.0,100.0,4.35,1.65,1617667200.0
2021-04-05,72.4,72.4,65.6,70.85,66.97330097087378,824.0,13.0,55186.0,824.0,100.0,6.8,-1.55,1617580800.0
2021-04-01,73.8,73.8,67.45,69.05,70.2827868852459,244.0,9.0,17149.0,244.0,100.0,6.35,-4.75,1617235200.0
2021-03-31,68.1,71.0,67.4,70.95,68.13178294573643,1161.0,13.0,79101.0,1161.0,100.0,3.6,2.85,1617148800.0
2021-03-30,71.1,71.1,64.4,70.85,66.20264317180617,6356.0,53.0,420784.0,6356.0,100.0,6.7,-0.25,1617062400.0
2021-03-26,71.0,71.0,65.0,67.75,67.37303149606299,11176.0,24.0,752961.0,11176.0,100.0,6.0,-3.25,1616716800.0
2021-03-25,65.0,68.0,62.2,67.7,67.69122257053291,6380.0,18.0,431870.0,6380.0,100.0,5.8,2.7,1616630400.0
2021-03-24,64.6,70.0,64.6,65.0,68.79277864992152,12103.0,16.0,832599.0,12103.0,100.0,5.4,0.4,1616544000.0
2021-03-23,66.8,68.95,64.1,67.95,68.55012224938875,409.0,7.0,28037.0,409.0,100.0,4.85,1.15,1616457600.0
2021-03-22,69.95,70.0,66.65,66.8,69.2520007035441,22742.0,52.0,1574929.0,22742.0,100.0,3.35,-3.15,1616371200.0
2021-03-19,72.9,72.9,66.5,69.95,69.2051282051282,39.0,6.0,2699.0,39.0,100.0,6.4,-2.95,1616112000.0
2021-03-18,72.35,72.35,66.1,70.0,68.85981308411215,214.0,11.0,14736.0,214.0,100.0,6.25,-2.35,1616025600.0
2021-03-17,74.5,74.5,69.35,69.35,69.35451756670719,17277.0,40.0,1198238.0,17277.0,100.0,5.15,-5.15,1615939200.0
2021-03-16,70.0,73.5,66.55,73.0,73.00062227753578,1607.0,12.0,117312.0,1607.0,100.0,6.95,3.0,1615852800.0
2021-03-15,73.25,74.0,70.0,70.0,73.32793351176223,28396.0,25.0,2082220.0,28396.0,100.0,4.0,-3.25,1615766400.0
2021-03-12,80.75,80.75,73.25,73.25,74.05882352941175,1870.0,18.0,138490.0,1870.0,100.0,7.5,-7.5,1615507200.0
2021-03-10,72.2,76.95,72.1,76.95,72.19047619047619,105.0,5.0,7580.0,105.0,100.0,4.85,4.75,1615334400.0
2021-03-09,76.8,78.0,75.25,75.25,75.32296343810134,21826.0,12.0,1643999.0,21826.0,100.0,2.75,-1.55,1615248000.0
2021-03-08,71.4,78.65,71.4,75.0,73.7229576399395,5288.0,26.0,389847.0,5288.0,100.0,7.25,3.6,1615161600.0
2021-03-05,78.95,78.95,75.05,75.05,75.24183495387683,8022.0,19.0,603590.0,8022.0,100.0,3.9,-3.9,1614902400.0
2021-03-04,75.5,81.9,75.5,78.95,75.80637584566279,49813.0,50.0,3776143.0,49813.0,100.0,6.4,3.45,1614816000.0
2021-03-03,72.45,79.6,72.45,79.45,75.18559366919025,32097.0,49.0,2413232.0,32097.0,100.0,7.15,7.0,1614729600.0
2021-03-02,76.25,84.0,76.25,76.25,77.40437993379172,27489.0,59.0,2127769.0,27489.0,100.0,7.75,0.0,1614643200.0
2021-03-01,84.2,84.35,76.7,80.25,81.99785412284615,47067.0,63.0,3859393.0,47067.0,100.0,7.65,-3.95,1614556800.0
2021-02-26,81.55,81.55,74.3,80.35,80.63657724004909,28515.0,75.0,2299352.0,28515.0,100.0,7.25,-1.2,1614297600.0
2021-02-25,77.7,77.7,73.0,77.7,77.62970178330588,13346.0,41.0,1036046.0,13346.0,100.0,4.7,0.0,1614211200.0
2021-02-24,74.05,74.05,74.0,74.0,74.00533963302158,30901.0,18.0,2286839.0,30901.0,100.0,0.05,-0.05,1614124800.0
2021-02-23,70.05,70.6,70.05,70.55,70.54684448957276,51212.0,42.0,3612845.0,51212.0,100.0,0.55,0.5,1614038400.0
2021-02-22,67.25,67.25,67.25,67.25,67.25,13616.0,29.0,915676.0,13616.0,100.0,0.0,0.0,1613952000.0
2021-02-19,64.05,64.05,64.05,64.05,64.0499752597724,12126.0,25.0,776670.0,12126.0,100.0,0.0,0.0,1613692800.0
2021-02-18,55.4,61.0,55.4,61.0,60.51061173533084,801.0,9.0,48469.0,801.0,100.0,5.6,5.6,1613606400.0
2021-02-17,58.3,58.3,56.0,58.1,57.831668696711326,4105.0,21.0,237399.0,4105.0,100.0,2.3,-0.2,1613520000.0
2021-02-16,52.15,55.55,52.15,55.55,54.709153643190575,4927.0,17.0,269552.0,4927.0,100.0,3.4,3.4,1613433600.0
2021-02-15,52.75,53.25,48.25,52.95,52.60054799882572,10219.0,41.0,537525.0,10219.0,100.0,5.0,0.2,1613347200.0
2021-02-12,50.0,50.95,47.05,50.75,48.10693739424704,5910.0,18.0,284312.0,5910.0,100.0,3.9,0.75,1613088000.0
2021-02-11,49.5,49.5,47.2,49.5,47.28846153846153,52.0,3.0,2459.0,52.0,100.0,2.3,0.0,1613001600.0
2021-02-10,49.75,49.75,49.6,49.6,49.61206896551724,116.0,7.0,5755.0,116.0,100.0,0.15,-0.15,1612915200.0
2021-02-09,47.5,50.95,47.3,47.4,48.20596797671033,4122.0,15.0,198705.0,4122.0,100.0,3.65,-0.1,1612828800.0
2021-02-08,49.85,49.85,47.0,49.75,47.0981507823613,703.0,7.0,33110.0,703.0,100.0,2.85,-0.1,1612742400.0
2021-02-05,47.5,50.1,47.4,47.5,47.45906432748538,3078.0,13.0,146079.0,3078.0,100.0,2.7,0.0,1612483200.0
2021-02-04,46.5,49.85,46.0,49.85,48.81372549019608,918.0,10.0,44811.0,918.0,100.0,3.85,3.35,1612396800.0
2021-02-03,47.45,50.0,47.45,47.5,47.880898876404494,445.0,7.0,21307.0,445.0,100.0,2.55,0.05,1612310400.0
2021-02-02,49.95,49.95,47.5,49.9,47.60342146189736,643.0,7.0,30609.0,643.0,100.0,2.45,-0.05,1612224000.0
2021-02-01,49.95,49.95,46.5,49.95,49.93227091633466,502.0,8.0,25066.0,502.0,100.0,3.45,0.0,1612137600.0
2021-01-29,50.9,50.9,48.85,48.85,49.26207605344296,973.0,5.0,47932.0,973.0,100.0,2.05,-2.05,1611878400.0
2021-01-28,51.2,51.2,47.5,50.95,50.93987341772152,1896.0,17.0,96582.0,1896.0,100.0,3.7,-0.25,1611792000.0
2021-01-27,49.2,50.0,47.7,50.0,48.453125,192.0,6.0,9303.0,192.0,100.0,2.3,0.8,1611705600.0
2021-01-25,47.5,49.2,47.5,49.0,49.12278630460449,847.0,5.0,41607.0,847.0,100.0,1.7,1.5,1611532800.0
2021-01-22,50.2,50.2,46.25,47.0,49.82742960944596,1101.0,7.0,54860.0,1101.0,100.0,3.95,-3.2,1611273600.0
2021-01-21,48.0,48.5,46.95,48.5,48.22310756972112,251.0,4.0,12104.0,251.0,100.0,1.55,0.5,1611187200.0
2021-01-20,51.05,51.05,46.5,49.4,50.18620689655173,145.0,8.0,7277.0,145.0,100.0,4.55,-1.65,1611100800.0
2021-01-19,48.8,48.8,48.8,48.8,48.7843137254902,51.0,2.0,2488.0,51.0,100.0,0.0,0.0,1611014400.0
2021-01-18,50.2,50.2,46.0,46.5,46.55158113011923,1929.0,8.0,89798.0,1929.0,100.0,4.2,-3.7,1610928000.0
2021-01-15,50.5,50.5,48.25,48.25,49.57142857142857,21.0,3.0,1041.0,21.0,100.0,2.25,-2.25,1610668800.0
2021-01-14,48.15,48.15,48.15,48.15,48.090909090909086,11.0,2.0,529.0,11.0,100.0,0.0,0.0,1610582400.0
2021-01-13,44.8,49.35,44.8,45.9,49.27051671732522,2303.0,13.0,113470.0,2303.0,100.0,4.55,1.1,1610496000.0
2021-01-12,46.1,50.9,46.1,47.0,47.544098205854574,5295.0,23.0,251746.0,5295.0,100.0,4.8,0.9,1610409600.0
2021-01-11,48.0,51.0,48.0,48.5,48.39550561797753,445.0,7.0,21536.0,445.0,100.0,3.0,0.5,1610323200.0
2021-01-08,48.0,50.4,46.25,50.4,46.88607594936709,237.0,7.0,11112.0,237.0,100.0,4.15,2.4,1610064000.0
2021-01-07,48.0,48.0,46.2,48.0,47.55257186081695,2644.0,22.0,125729.0,2644.0,100.0,1.8,0.0,1609977600.0
2021-01-06,48.25,51.95,48.0,48.5,48.01099340395763,5003.0,19.0,240199.0,5003.0,100.0,3.95,0.25,1609891200.0
2021-01-05,54.7,54.7,49.5,49.5,49.79169950091936,3807.0,27.0,189557.0,3807.0,100.0,5.2,-5.2,1609804800.0
2021-01-04,52.2,52.2,49.8,52.1,50.86036036036036,222.0,6.0,11291.0,222.0,100.0,2.4,-0.1,1609718400.0
2021-01-01,52.0,52.0,49.4,49.75,49.766092475068,1103.0,8.0,54892.0,1103.0,100.0,2.6,-2.25,1609459200.0
2020-12-31,52.0,52.0,52.0,52.0,52.0,1.0,1.0,52.0,1.0,100.0,0.0,0.0,1609372800.0
2020-12-30,50.1,52.6,50.0,52.0,50.068697729988045,1674.0,17.0,83815.0,1674.0,100.0,2.6,1.9,1609286400.0
2020-12-29,48.8,53.75,48.8,50.1,52.306060606060605,330.0,7.0,17261.0,330.0,100.0,4.95,1.3,1609200000.0
2020-12-28,56.0,56.4,51.1,51.2,54.77925531914894,376.0,8.0,20597.0,376.0,100.0,5.3,-4.8,1609113600.0
2020-12-24,55.8,58.0,53.4,53.75,55.50375375375375,1332.0,15.0,73931.0,1332.0,100.0,4.6,-2.05,1608768000.0
2020-12-23,56.0,56.0,50.8,55.65,53.85498302992904,3241.0,26.0,174544.0,3241.0,100.0,5.2,-0.35,1608681600.0
2020-12-22,53.95,53.95,49.1,53.45,53.17537942664418,593.0,16.0,31533.0,593.0,100.0,4.85,-0.5,1608595200.0
2020-12-21,50.0,51.4,48.1,51.4,50.42367601246106,321.0,11.0,16186.0,321.0,100.0,3.3,1.4,1608508800.0
2020-12-18,49.0,52.0,49.0,49.0,49.25,12.0,3.0,591.0,12.0,100.0,3.0,0.0,1608249600.0
2020-12-17,46.7,51.0,46.7,50.55,50.44642857142857,504.0,7.0,25425.0,504.0,100.0,4.3,3.85,1608163200.0
2020-12-16,51.0,51.0,48.7,49.05,49.03482587064677,201.0,5.0,9856.0,201.0,100.0,2.3,-1.95,1608076800.0
2020-12-15,51.0,51.3,46.6,51.25,51.24805447470817,1028.0,9.0,52683.0,1028.0,100.0,4.7,0.25,1607990400.0
2020-12-14,46.6,48.9,46.6,48.9,48.803921568627445,51.0,5.0,2489.0,51.0,100.0,2.3,2.3,1607904000.0
2020-12-11,47.5,47.5,46.6,46.6,46.726628895184135,706.0,3.0,32989.0,706.0,100.0,0.9,-0.9,1607644800.0
2020-12-10,46.6,47.5,46.6,47.5,47.21052631578947,38.0,2.0,1794.0,38.0,100.0,0.9,0.9,1607558400.0
2020-12-09,48.0,52.5,48.0,49.0,48.627049180327866,976.0,8.0,47460.0,976.0,100.0,4.5,1.0,1607472000.0
2020-12-08,52.35,52.35,48.0,50.45,50.68245614035088,1140.0,11.0,57778.0,1140.0,100.0,4.35,-1.9,1607385600.0
2020-12-07,47.8,49.9,46.0,49.9,47.9719298245614,285.0,14.0,13672.0,285.0,100.0,3.9,2.1,1607299200.0
2020-12-04,50.0,52.5,47.55,47.55,48.0156862745098,1020.0,9.0,48976.0,1020.0,100.0,4.95,-2.45,1607040000.0
2020-12-03,55.1,55.1,49.9,50.0,53.79318734793187,411.0,7.0,22109.0,411.0,100.0,5.2,-5.1,1606953600.0
2020-12-02,54.6,54.6,52.5,52.5,52.50187265917602,801.0,3.0,42054.0,801.0,100.0,2.1,-2.1,1606867200.0
2020-12-01,52.0,52.0,52.0,52.0,52.0,9.0,2.0,468.0,9.0,100.0,0.0,0.0,1606780800.0
2020-11-27,53.0,53.0,52.0,52.0,52.1403162055336,506.0,6.0,26383.0,506.0,100.0,1.0,-1.0,1606435200.0
2020-11-25,55.0,55.0,50.5,50.5,50.65384615384615,26.0,2.0,1317.0,26.0,100.0,4.5,-4.5,1606262400.0
2020-11-24,52.0,53.0,52.0,53.0,52.99346405228759,153.0,7.0,8108.0,153.0,100.0,1.0,1.0,1606176000.0
2020-11-23,51.45,51.45,51.45,51.45,51.45,160.0,6.0,8232.0,160.0,100.0,0.0,0.0,1606089600.0
2020-11-20,51.0,51.0,49.0,49.0,50.315789473684205,152.0,3.0,7648.0,152.0,100.0,2.0,-2.0,1605830400.0
2020-11-19,54.0,54.0,51.3,51.3,53.6474358974359,156.0,5.0,8369.0,156.0,100.0,2.7,-2.7,1605744000.0
2020-11-18,58.45,58.45,54.0,54.0,54.4,110.0,2.0,5984.0,110.0,100.0,4.45,-4.45,1605657600.0
2020-11-17,56.5,56.5,55.9,55.9,56.01538461538462,130.0,4.0,7282.0,130.0,100.0,0.6,-0.6,1605571200.0
2020-11-14,54.0,54.0,54.0,54.0,54.0,11.0,3.0,594.0,11.0,100.0,0.0,0.0,1605312000.0
2020-11-13,46.8,51.45,46.6,51.45,48.78248587570621,354.0,7.0,17269.0,354.0,100.0,4.85,4.65,1605225600.0
2020-11-12,51.5,52.5,49.0,49.0,51.751497005988014,1002.0,7.0,51855.0,1002.0,100.0,3.5,-2.5,1605139200.0
2020-11-11,53.95,53.95,51.5,51.5,51.51980198019802,202.0,4.0,10407.0,202.0,100.0,2.45,-2.45,1605052800.0
2020-11-10,54.0,54.0,54.0,54.0,54.0,1.0,1.0,54.0,1.0,100.0,0.0,0.0,1604966400.0
2020-11-09,56.5,56.5,51.3,54.0,51.45023696682464,211.0,4.0,10856.0,211.0,100.0,5.2,-2.5,1604880000.0
2020-11-06,54.9,54.9,52.5,53.95,52.79681274900398,251.0,4.0,13252.0,251.0,100.0,2.4,-0.95,1604620800.0
2020-11-05,55.65,55.65,52.0,52.35,52.39285714285714,280.0,5.0,14670.0,280.0,100.0,3.65,-3.3,1604534400.0
2020-11-04,51.95,53.0,49.5,53.0,52.99302426232848,39279.0,7.0,2081513.0,39279.0,100.0,3.5,1.05,1604448000.0
2020-11-03,53.0,53.0,50.6,51.95,51.96126349236017,21401.0,7.0,1112023.0,21401.0,100.0,2.4,-1.05,1604361600.0
2020-11-02,55.0,55.6,50.35,50.6,50.62185517392256,45710.0,18.0,2313925.0,45710.0,100.0,5.25,-4.4,1604275200.0
2020-10-30,53.0,53.0,53.0,53.0,53.0,895.0,4.0,47435.0,895.0,100.0,0.0,0.0,1604016000.0
2020-10-29,55.6,55.6,52.85,53.0,52.99915077916012,23551.0,4.0,1248183.0,23551.0,100.0,2.75,-2.6,1603929600.0
2020-10-28,53.0,55.6,50.5,55.6,50.53332577218253,26451.0,14.0,1336657.0,26451.0,100.0,5.1,2.6,1603843200.0
2020-10-27,53.0,53.0,50.4,53.0,52.891167852658015,23890.0,21.0,1263570.0,23890.0,100.0,2.6,0.0,1603756800.0
2020-10-26,53.0,53.5,50.35,53.0,52.97486601010003,51683.0,12.0,2737900.0,51683.0,100.0,3.15,0.0,1603670400.0
2020-10-23,48.35,53.3,48.35,53.0,52.9660433166631,51389.0,17.0,2721872.0,51389.0,100.0,4.95,4.65,1603411200.0
2020-10-22,49.05,50.85,49.05,50.85,50.81789137380192,313.0,5.0,15906.0,313.0,100.0,1.8,1.8,1603324800.0
2020-10-21,48.15,49.0,48.15,48.5,48.75490196078431,102.0,3.0,4973.0,102.0,100.0,0.85,0.35,1603238400.0
2020-10-20,48.0,48.0,48.0,48.0,48.0,9.0,1.0,432.0,9.0,100.0,0.0,0.0,1603152000.0
2020-10-19,48.0,48.05,48.0,48.05,48.04981733643308,6022.0,2.0,289356.0,6022.0,100.0,0.05,0.05,1603065600.0
2020-10-16,48.0,48.0,48.0,48.0,48.0,16.0,2.0,768.0,16.0,100.0,0.0,0.0,1602806400.0
2020-10-15,50.25,50.25,48.0,48.0,49.83064516129032,124.0,4.0,6179.0,124.0,100.0,2.25,-2.25,1602720000.0
2020-10-14,50.25,50.25,50.25,50.25,50.24952015355086,521.0,2.0,26180.0,521.0,100.0,0.0,0.0,1602633600.0
2020-10-12,48.0,50.25,47.0,50.25,47.5130890052356,191.0,6.0,9075.0,191.0,100.0,3.25,2.25,1602460800.0
2020-10-09,48.25,48.25,48.0,48.0,48.10976948408342,20042.0,6.0,964216.0,20042.0,100.0,0.25,-0.25,1602201600.0
2020-10-08,48.25,48.25,48.25,48.25,48.24999375015625,40001.0,4.0,1930048.0,40001.0,100.0,0.0,0.0,1602115200.0
2020-10-07,50.9,50.9,46.1,48.25,48.2472890439985,40115.0,7.0,1935440.0,40115.0,100.0,4.8,-2.65,1602028800.0
2020-10-06,52.3,52.3,48.5,48.5,48.50490196078431,612.0,6.0,29685.0,612.0,100.0,3.8,-3.8,1601942400.0
2020-10-05,55.0,55.0,49.85,49.85,50.00102441522964,40999.0,15.0,2049992.0,40999.0,100.0,5.15,-5.15,1601856000.0
2020-10-01,57.75,57.75,52.45,52.45,52.45106008263903,59052.0,10.0,3097340.0,59052.0,100.0,5.3,-5.3,1601510400.0
2020-09-30,55.2,55.2,55.2,55.2,55.0,1.0,1.0,55.0,1.0,100.0,0.0,0.0,1601424000.0
2020-09-29,55.2,55.2,55.2,55.2,55.0,1.0,1.0,55.0,1.0,100.0,0.0,0.0,1601337600.0
2020-09-28,52.7,52.7,52.7,52.7,52.68852459016394,61.0,4.0,3214.0,61.0,100.0,0.0,0.0,1601251200.0
2020-09-25,54.0,54.0,48.95,50.25,50.258814728617736,60155.0,17.0,3023319.0,60155.0,100.0,5.05,-3.75,1600992000.0
2020-09-24,53.65,53.65,51.05,51.5,51.39842031593681,10002.0,6.0,514087.0,10002.0,100.0,2.6,-2.15,1600905600.0
2020-09-23,56.5,56.5,53.7,53.7,53.812685240071126,5061.0,6.0,272346.0,5061.0,100.0,2.8,-2.8,1600819200.0
2020-09-22,56.5,56.5,56.5,56.5,56.0,1.0,1.0,56.0,1.0,100.0,0.0,0.0,1600732800.0
2020-09-21,52.0,54.1,50.05,53.9,51.44263325201449,27054.0,25.0,1391729.0,27054.0,100.0,4.05,1.9,1600646400.0
2020-09-18,53.5,53.5,49.5,52.0,49.686196817148414,46185.0,25.0,2294757.0,46185.0,100.0,4.0,-1.5,1600387200.0
2020-09-17,49.0,51.0,47.7,51.0,49.0,3.0,3.0,147.0,3.0,100.0,3.3,2.0,1600300800.0
2020-09-16,50.9,50.9,49.0,49.0,49.000349930014,20004.0,3.0,980203.0,20004.0,100.0,1.9,-1.9,1600214400.0
2020-09-15,49.0,50.45,48.5,48.5,48.84358017416356,15273.0,17.0,745988.0,15273.0,100.0,1.95,-0.5,1600128000.0
2020-09-14,52.6,52.6,47.8,48.05,47.98809561006093,32005.0,15.0,1535859.0,32005.0,100.0,4.8,-4.55,1600041600.0
2020-09-11,55.2,55.2,50.3,50.3,50.3215314246993,11806.0,9.0,594096.0,11806.0,100.0,4.9,-4.9,1599782400.0
2020-09-10,53.5,53.5,48.5,52.8,48.61532832146896,15031.0,12.0,730737.0,15031.0,100.0,5.0,-0.7,1599696000.0
2020-09-09,56.1,56.1,51.0,51.0,51.01229385307346,3335.0,19.0,170126.0,3335.0,100.0,5.1,-5.1,1599609600.0
2020-09-08,53.7,53.7,51.05,53.45,51.08846153846154,520.0,8.0,26566.0,520.0,100.0,2.65,-0.25,1599523200.0
2020-09-07,54.6,54.6,53.7,53.7,54.0,114.0,6.0,6156.0,114.0,100.0,0.9,-0.9,1599436800.0
2020-09-04,52.6,52.6,52.0,52.0,52.27777777777778,54.0,5.0,2823.0,54.0,100.0,0.6,-0.6,1599177600.0
2020-09-03,48.0,50.3,48.0,50.1,50.08,25.0,6.0,1252.0,25.0,100.0,2.3,2.1,1599091200.0
2020-09-02,47.95,49.4,47.95,48.0,48.000666000666,3003.0,13.0,144146.0,3003.0,100.0,1.45,0.05,1599004800.0
2020-09-01,47.4,47.95,47.4,47.95,47.94905094905095,1001.0,2.0,47997.0,1001.0,100.0,0.55,0.55,1598918400.0
2020-08-31,47.45,47.45,45.2,47.4,47.44582933844679,1043.0,7.0,49486.0,1043.0,100.0,2.25,-0.05,1598832000.0
2020-08-28,48.0,48.0,45.05,45.2,45.09166666666666,120.0,5.0,5411.0,120.0,100.0,2.95,-2.8,1598572800.0
2020-08-27,47.4,47.4,47.4,47.4,47.0,1.0,1.0,47.0,1.0,100.0,0.0,0.0,1598486400.0
2020-08-26,47.6,47.6,47.4,47.4,47.25,4.0,3.0,189.0,4.0,100.0,0.2,-0.2,1598400000.0
2020-08-25,45.35,48.65,45.35,45.35,45.85714285714285,49.0,7.0,2247.0,49.0,100.0,3.3,0.0,1598313600.0
2020-08-24,46.05,48.35,43.75,47.7,44.05408805031447,795.0,16.0,35023.0,795.0,100.0,4.6,1.65,1598227200.0
2020-08-21,50.0,50.0,45.6,46.05,47.0,160.0,15.0,7520.0,160.0,100.0,4.4,-3.95,1597968000.0
2020-08-20,48.0,48.0,48.0,48.0,48.0,1.0,1.0,48.0,1.0,100.0,0.0,0.0,1597881600.0
2020-08-19,47.95,47.95,46.0,46.0,46.33333333333333,6.0,3.0,278.0,6.0,100.0,1.95,-1.95,1597795200.0
2020-08-18,46.7,46.7,46.7,46.7,46.0,1.0,1.0,46.0,1.0,100.0,0.0,0.0,1597708800.0
2020-08-17,46.95,46.95,44.65,46.9,44.78125,32.0,4.0,1433.0,32.0,100.0,2.3,-0.05,1597622400.0
2020-08-14,47.0,47.0,46.95,46.95,46.91666666666666,12.0,5.0,563.0,12.0,100.0,0.05,-0.05,1597363200.0
2020-08-13,44.9,45.0,43.25,45.0,44.99128751210068,1033.0,7.0,46476.0,1033.0,100.0,1.75,0.1,1597276800.0
2020-08-12,44.9,44.9,44.9,44.9,44.83333333333333,6.0,2.0,269.0,6.0,100.0,0.0,0.0,1597190400.0
2020-08-11,48.5,48.95,44.45,44.9,48.74621485219899,1387.0,9.0,67611.0,1387.0,100.0,4.5,-3.6,1597104000.0
2020-08-10,47.0,47.0,42.85,46.65,43.72817955112219,401.0,14.0,17535.0,401.0,100.0,4.15,-0.35,1597017600.0
2020-08-07,49.6,49.6,45.1,45.1,45.218,500.0,10.0,22609.0,500.0,100.0,4.5,-4.5,1596758400.0
2020-08-06,49.6,49.6,47.2,47.45,47.71689497716896,219.0,8.0,10450.0,219.0,100.0,2.4,-2.15,1596672000.0
2020-08-05,47.65,49.7,47.65,49.6,49.4375,16.0,3.0,791.0,16.0,100.0,2.05,1.95,1596585600.0
2020-08-04,47.75,47.75,45.6,47.65,46.06201550387597,129.0,5.0,5942.0,129.0,100.0,2.15,-0.1,1596499200.0
2020-08-03,50.0,50.0,45.45,45.55,47.37373737373737,297.0,14.0,14070.0,297.0,100.0,4.55,-4.45,1596412800.0
2020-07-31,49.0,49.0,44.65,47.8,44.784753363228695,223.0,7.0,9987.0,223.0,100.0,4.35,-1.2,1596153600.0
2020-07-30,46.95,47.0,44.65,47.0,46.08805970149253,670.0,13.0,30879.0,670.0,100.0,2.35,0.05,1596067200.0
2020-07-29,46.95,49.25,46.95,46.95,47.605714285714285,350.0,4.0,16662.0,350.0,100.0,2.3,0.0,1595980800.0
2020-07-28,49.4,49.4,49.4,49.4,49.39024390243903,41.0,2.0,2025.0,41.0,100.0,0.0,0.0,1595894400.0
2020-07-27,49.4,49.4,49.4,49.4,49.4,85.0,2.0,4199.0,85.0,100.0,0.0,0.0,1595808000.0
2020-07-24,52.0,52.0,52.0,52.0,52.0,10.0,1.0,520.0,10.0,100.0,0.0,0.0,1595548800.0
2020-07-23,51.45,53.95,51.45,52.7,52.5,2.0,2.0,105.0,2.0,100.0,2.5,1.25,1595462400.0
2020-07-22,47.05,51.45,46.95,51.45,48.93258426966292,89.0,6.0,4355.0,89.0,100.0,4.5,4.4,1595376000.0
2020-07-20,50.0,52.0,49.0,49.0,49.08411214953272,535.0,8.0,26260.0,535.0,100.0,3.0,-1.0,1595203200.0
2020-07-17,50.0,50.0,50.0,50.0,50.0,10.0,1.0,500.0,10.0,100.0,0.0,0.0,1594944000.0
2020-07-16,50.0,50.0,49.7,49.7,49.85714285714285,210.0,3.0,10470.0,210.0,100.0,0.3,-0.3,1594857600.0
2020-07-15,49.4,54.6,49.4,50.4,50.66785714285714,280.0,8.0,14187.0,280.0,100.0,5.2,1.0,1594771200.0
2020-07-14,52.15,54.2,49.9,52.0,51.56282722513089,382.0,12.0,19697.0,382.0,100.0,4.3,-0.15,1594684800.0
2020-07-13,47.3,52.2,47.3,52.2,47.5,182.0,10.0,8645.0,182.0,100.0,4.9,4.9,1594598400.0
2020-07-10,47.3,49.75,47.3,49.75,47.36,25.0,2.0,1184.0,25.0,100.0,2.45,2.45,1594339200.0
2020-07-09,48.95,49.8,47.35,49.75,49.50185873605948,269.0,11.0,13316.0,269.0,100.0,2.45,0.8,1594252800.0
2020-07-08,49.9,50.0,45.7,49.8,48.414141414141405,99.0,10.0,4793.0,99.0,100.0,4.3,-0.1,1594166400.0
2020-07-07,48.85,48.85,44.4,48.1,48.05555555555556,36.0,8.0,1730.0,36.0,100.0,4.45,-0.75,1594080000.0
2020-07-06,50.0,50.0,46.55,46.55,46.58385093167701,161.0,5.0,7500.0,161.0,100.0,3.45,-3.45,1593993600.0
2020-07-02,51.3,51.5,48.95,48.95,51.19653179190752,173.0,6.0,8857.0,173.0,100.0,2.55,-2.35,1593648000.0
2020-06-30,51.0,51.5,51.0,51.5,51.48,100.0,4.0,5148.0,100.0,100.0,0.5,0.5,1593475200.0
2020-06-29,49.9,51.5,47.5,51.5,48.00389105058365,514.0,7.0,24674.0,514.0,100.0,4.0,1.6,1593388800.0
2020-06-26,49.9,49.9,47.45,49.9,47.756394640682096,821.0,14.0,39208.0,821.0,100.0,2.45,0.0,1593129600.0
2020-06-25,48.0,49.9,45.4,49.9,48.98543689320388,412.0,19.0,20182.0,412.0,100.0,4.5,1.9,1593043200.0
2020-06-24,47.55,52.5,47.5,47.55,47.61757105943152,774.0,17.0,36856.0,774.0,100.0,5.0,0.0,1592956800.0
2020-06-23,47.5,52.2,47.35,50.0,48.1625,800.0,11.0,38530.0,800.0,100.0,4.85,2.5,1592870400.0
2020-06-22,51.65,51.65,49.8,49.8,49.99428571428571,700.0,9.0,34996.0,700.0,100.0,1.85,-1.85,1592784000.0
2020-06-19,49.95,52.4,49.95,52.4,52.31,300.0,3.0,15693.0,300.0,100.0,2.45,2.45,1592524800.0
2020-06-18,48.1,53.1,48.1,49.95,49.54703328509408,691.0,12.0,34237.0,691.0,100.0,5.0,1.85,1592438400.0
2020-06-17,53.2,53.2,50.6,50.6,50.622009569378,209.0,9.0,10580.0,209.0,100.0,2.6,-2.6,1592352000.0
2020-06-16,58.5,58.5,53.2,53.2,53.3252427184466,206.0,4.0,10985.0,206.0,100.0,5.3,-5.3,1592265600.0
2020-06-15,59.8,59.8,54.2,55.95,54.35185185185185,108.0,6.0,5870.0,108.0,100.0,5.6,-3.85,1592179200.0
2020-06-12,57.0,57.0,57.0,57.0,57.0,10.0,1.0,570.0,10.0,100.0,0.0,0.0,1591920000.0
2020-06-11,57.0,59.0,54.2,57.9,54.59497206703911,716.0,11.0,39090.0,716.0,100.0,4.8,0.9,1591833600.0
2020-06-10,57.0,57.0,57.0,57.0,57.0,603.0,15.0,34371.0,603.0,100.0,0.0,0.0,1591747200.0
2020-06-09,58.0,60.0,57.85,60.0,57.87179487179487,702.0,8.0,40626.0,702.0,100.0,2.15,2.0,1591660800.0
2020-06-08,62.0,62.4,58.4,60.85,59.13155386081984,1049.0,32.0,62029.0,1049.0,100.0,4.0,-1.15,1591574400.0
2020-06-05,61.0,62.1,58.0,61.4,61.0415512465374,361.0,14.0,22036.0,361.0,100.0,4.1,0.4,1591315200.0
2020-06-04,62.65,62.65,58.05,61.0,61.0,105.0,7.0,6405.0,105.0,100.0,4.6,-1.65,1591228800.0
2020-06-03,60.0,60.0,60.0,60.0,60.0,1.0,1.0,60.0,1.0,100.0,0.0,0.0,1591142400.0
2020-06-02,62.2,62.2,60.0,60.0,60.24561403508772,228.0,5.0,13736.0,228.0,100.0,2.2,-2.2,1591056000.0
2020-06-01,63.0,63.0,58.1,60.0,59.97899159663866,476.0,16.0,28550.0,476.0,100.0,4.9,-3.0,1590969600.0
2020-05-29,59.0,63.95,59.0,60.0,61.225688073394494,545.0,16.0,33368.0,545.0,100.0,4.95,1.0,1590710400.0
2020-05-28,61.0,64.05,59.5,61.85,62.05263157894737,57.0,10.0,3537.0,57.0,100.0,4.55,0.85,1590624000.0
2020-05-27,62.65,62.65,61.0,61.0,61.03666666666666,300.0,8.0,18311.0,300.0,100.0,1.65,-1.65,1590537600.0
2020-05-26,66.0,66.25,60.0,60.8,61.9828897338403,526.0,25.0,32603.0,394.0,74.9,6.25,-5.2,1590451200.0
2020-05-22,55.95,64.1,55.95,60.7,60.53658536585365,574.0,15.0,34748.0,424.0,73.87,8.15,4.75,1590105600.0
2020-05-21,64.0,64.0,60.0,61.0,61.35934664246824,551.0,15.0,33809.0,439.0,79.67,4.0,-3.0,1590019200.0
2020-05-20,59.05,64.85,59.05,61.85,61.8785151856018,889.0,24.0,55010.0,746.0,83.91,5.8,2.8,1589932800.0
2020-05-19,62.0,65.95,60.2,64.8,62.06603773584906,424.0,10.0,26316.0,371.0,87.5,5.75,2.8,1589846400.0
2020-05-18,62.65,66.9,60.6,66.8,62.49792531120332,241.0,5.0,15062.0,220.0,91.29,6.3,4.15,1589760000.0
2020-05-15,61.75,66.95,61.75,66.95,63.63694267515924,157.0,7.0,9991.0,101.0,64.33,5.2,5.2,1589500800.0
2020-05-14,68.9,69.0,61.75,66.95,66.26979472140762,341.0,11.0,22598.0,237.0,69.5,7.25,-1.95,1589414400.0
2020-05-13,71.95,71.95,61.0,65.55,64.85355648535565,239.0,24.0,15500.0,227.0,94.98,10.95,-6.4,1589328000.0
2020-05-12,66.9,68.0,66.9,66.9,66.90094339622641,212.0,6.0,14183.0,212.0,100.0,1.1,0.0,1589241600.0
2020-05-11,61.55,67.95,61.55,66.9,64.6,15.0,11.0,969.0,13.0,86.67,6.4,5.35,1589155200.0
2020-05-08,62.0,69.9,62.0,67.8,64.66484517304188,549.0,15.0,35501.0,519.0,94.54,7.9,5.8,1588896000.0
2020-05-07,70.0,70.0,63.1,67.65,67.03636363636365,55.0,10.0,3687.0,45.0,81.82,6.9,-2.35,1588809600.0
2020-05-06,69.0,69.0,64.1,64.1,68.27477477477477,666.0,9.0,45471.0,666.0,100.0,4.9,-4.9,1588723200.0
2020-05-05,70.85,70.85,66.9,69.9,68.29411764705881,34.0,8.0,2322.0,33.0,97.06,3.95,-0.95,1588636800.0
2020-05-04,70.0,71.95,66.0,69.85,69.13223140495867,121.0,12.0,8365.0,121.0,100.0,5.95,-0.15,1588550400.0
2020-04-30,73.95,73.95,65.05,72.55,66.075,80.0,4.0,5286.0,80.0,100.0,8.9,-1.4,1588204800.0
2020-04-29,64.5,73.7,64.5,68.9,66.78481012658229,395.0,15.0,26380.0,254.0,64.3,9.2,4.4,1588118400.0
2020-04-28,64.05,72.85,64.05,68.95,68.07027027027027,185.0,19.0,12593.0,114.0,61.62,8.8,4.9,1588032000.0
2020-04-27,69.95,69.95,60.25,69.35,69.35269709543569,241.0,21.0,16714.0,173.0,71.78,9.7,-0.6,1587945600.0
2020-04-24,69.9,69.9,60.4,63.7,66.11923688394276,629.0,52.0,41589.0,450.0,71.54,9.5,-6.2,1587686400.0
2020-04-23,66.0,67.0,65.0,67.0,66.50656167979002,381.0,17.0,25339.0,267.0,70.08,2.0,1.0,1587600000.0
2020-04-22,73.9,73.9,65.0,67.05,66.63522884882109,721.0,17.0,48044.0,441.0,61.16,8.9,-6.85,1587513600.0
2020-04-21,66.0,69.95,66.0,69.9,69.54545454545455,66.0,4.0,4590.0,66.0,100.0,3.95,3.9,1587427200.0
2020-04-20,70.0,73.3,63.4,69.95,69.0405117270789,469.0,16.0,32380.0,376.0,80.17,9.9,-0.05,1587340800.0
2020-04-17,77.0,77.0,65.0,66.65,68.79120879120879,182.0,6.0,12520.0,124.0,68.13,12.0,-10.35,1587081600.0
2020-04-16,71.9,71.9,70.0,70.0,70.08411214953271,107.0,4.0,7499.0,107.0,100.0,1.9,-1.9,1586995200.0
2020-04-15,75.0,75.0,64.0,69.35,69.24742268041237,97.0,14.0,6717.0,87.0,89.69,11.0,-5.65,1586908800.0
2020-04-13,70.0,77.0,63.0,69.05,71.10958904109589,219.0,10.0,15573.0,208.0,94.98,14.0,-0.95,1586736000.0
2020-04-09,75.0,75.0,68.0,70.0,73.91244239631337,1302.0,15.0,96234.0,1302.0,100.0,7.0,-5.0,1586390400.0
2020-04-08,72.95,72.95,70.0,72.0,70.5680473372781,169.0,12.0,11926.0,169.0,100.0,2.95,-0.95,1586304000.0
2020-04-07,67.9,71.2,65.05,69.9,68.75652173913043,230.0,12.0,15814.0,130.0,56.52,6.15,2.0,1586217600.0
2020-04-03,69.0,69.0,67.9,67.9,68.26271186440678,118.0,8.0,8055.0,118.0,100.0,1.1,-1.1,1585872000.0
2020-04-01,66.0,66.0,60.55,65.75,60.58816521048451,2518.0,4.0,152561.0,2518.0,100.0,5.45,-0.25,1585699200.0
2020-03-30,62.0,63.5,62.0,63.5,62.009900990099005,101.0,3.0,6263.0,101.0,100.0,1.5,1.5,1585526400.0
2020-03-26,61.8,64.85,61.8,64.85,62.08597285067873,221.0,5.0,13721.0,221.0,100.0,3.05,3.05,1585180800.0
2020-03-25,61.75,65.0,61.75,61.8,62.235150925024335,2054.0,15.0,127831.0,1937.0,94.3,3.25,0.05,1585094400.0
2020-03-24,65.0,65.0,65.0,65.0,65.0,832.0,7.0,54080.0,832.0,100.0,0.0,0.0,1585008000.0
2020-03-23,67.5,67.5,67.5,67.5,67.5,112.0,3.0,7560.0,112.0,100.0,0.0,0.0,1584921600.0
2020-03-20,72.0,72.0,67.5,67.5,67.52238805970148,2010.0,14.0,135720.0,2010.0,100.0,4.5,-4.5,1584662400.0
2020-03-19,73.0,73.0,71.05,71.05,72.92432683379758,2154.0,10.0,157079.0,2154.0,100.0,1.95,-1.95,1584576000.0
2020-03-18,74.75,74.75,74.75,74.75,74.73684210526315,57.0,1.0,4260.0,57.0,100.0,0.0,0.0,1584489600.0
2020-03-17,75.0,75.0,75.0,75.0,75.0,100.0,1.0,7500.0,100.0,100.0,0.0,0.0,1584403200.0
2020-03-13,74.8,77.0,74.8,77.0,76.60933333333332,750.0,6.0,57457.0,750.0,100.0,2.2,2.2,1584057600.0
2020-03-12,74.8,74.8,74.8,74.8,74.8,5.0,1.0,374.0,5.0,100.0,0.0,0.0,1583971200.0
2020-03-09,74.8,74.8,74.8,74.8,74.8,20.0,1.0,1496.0,20.0,100.0,0.0,0.0,1583712000.0
2020-03-06,72.0,75.55,72.0,75.0,74.0,16.0,3.0,1184.0,16.0,100.0,3.55,3.0,1583452800.0
2020-03-05,78.0,78.0,71.5,72.0,74.75,16.0,5.0,1196.0,12.0,75.0,6.5,-6.0,1583366400.0
2020-03-04,72.0,76.0,70.85,75.25,71.34803751302536,11516.0,16.0,821644.0,11316.0,98.26,5.15,3.25,1583280000.0
2020-03-03,74.0,76.0,74.0,74.55,74.55118110236221,3048.0,11.0,227232.0,3048.0,100.0,2.0,0.55,1583193600.0
2020-03-02,75.0,76.0,75.0,75.5,75.28784403669725,872.0,6.0,65651.0,872.0,100.0,1.0,0.5,1583107200.0
2020-02-28,75.0,77.0,75.0,75.5,75.15014164305948,2471.0,18.0,185696.0,2471.0,100.0,2.0,0.5,1582848000.0
2020-02-27,77.0,77.0,75.0,77.0,75.39560439560438,182.0,6.0,13722.0,182.0,100.0,2.0,0.0,1582761600.0
2020-02-26,75.0,79.9,75.0,76.0,75.07621951219512,1640.0,11.0,123125.0,1640.0,100.0,4.9,1.0,1582675200.0
2020-02-25,81.0,81.0,75.65,77.55,77.88172043010752,279.0,12.0,21729.0,279.0,100.0,5.35,-3.45,1582588800.0
2020-02-24,76.0,78.0,75.0,78.0,76.08727272727272,275.0,7.0,20924.0,275.0,100.0,3.0,2.0,1582502400.0
2020-02-20,75.0,78.0,74.0,76.0,75.30540242557883,907.0,13.0,68302.0,907.0,100.0,4.0,1.0,1582156800.0
2020-02-19,73.0,76.0,72.8,75.0,74.9536311666314,4723.0,10.0,354006.0,4723.0,100.0,3.2,2.0,1582070400.0
2020-02-18,75.6,75.6,70.0,72.8,73.89942196531791,865.0,7.0,63923.0,865.0,100.0,5.6,-2.8,1581984000.0
2020-02-17,72.95,73.0,72.0,72.0,72.83870967741935,403.0,5.0,29354.0,403.0,100.0,1.0,-0.95,1581897600.0
2020-02-14,72.3,74.0,72.3,72.3,72.34591194968553,159.0,7.0,11503.0,159.0,100.0,1.7,0.0,1581638400.0
2020-02-13,68.9,72.3,68.05,72.0,71.97309170785283,9105.0,27.0,655315.0,9105.0,100.0,4.25,3.1,1581552000.0
2020-02-12,70.0,72.5,68.9,68.9,70.02142857142857,140.0,5.0,9803.0,140.0,100.0,3.6,-1.1,1581465600.0
2020-02-11,73.0,75.95,69.85,69.95,70.66166883963494,3068.0,29.0,216790.0,3068.0,100.0,6.1,-3.05,1581379200.0
2020-02-10,74.0,74.0,69.0,73.5,73.02676399026765,822.0,14.0,60028.0,822.0,100.0,5.0,-0.5,1581292800.0
2020-02-07,66.0,71.1,66.0,71.0,71.03220506079528,3043.0,17.0,216151.0,3043.0,100.0,5.1,5.0,1581033600.0
2020-02-06,67.3,70.65,64.35,67.9,69.7081807081807,4095.0,28.0,285455.0,4095.0,100.0,6.3,0.6,1580947200.0
2020-02-05,68.6,69.95,67.3,67.3,69.17756255044391,1239.0,9.0,85711.0,1239.0,100.0,2.65,-1.3,1580860800.0
2020-02-04,70.0,70.0,68.6,68.6,68.64827586206897,290.0,5.0,19908.0,290.0,100.0,1.4,-1.4,1580774400.0
2020-02-03,70.95,70.95,70.0,70.0,70.62222222222222,45.0,2.0,3178.0,45.0,100.0,0.95,-0.95,1580688000.0
2020-02-01,70.0,70.0,69.6,69.6,69.61496746203905,922.0,6.0,64185.0,922.0,100.0,0.4,-0.4,1580515200.0
2020-01-31,71.0,71.0,71.0,71.0,71.0,10.0,1.0,710.0,10.0,100.0,0.0,0.0,1580428800.0
2020-01-30,71.4,71.4,71.0,71.0,71.24242424242424,165.0,3.0,11755.0,165.0,100.0,0.4,-0.4,1580342400.0
2020-01-29,70.5,70.5,70.0,70.0,70.33333333333333,30.0,3.0,2110.0,30.0,100.0,0.5,-0.5,1580256000.0
2020-01-28,70.5,70.5,68.6,70.0,69.84155455904335,1338.0,12.0,93448.0,1338.0,100.0,1.9,-0.5,1580169600.0
2020-01-27,68.15,70.0,68.15,70.0,69.02525252525253,198.0,9.0,13667.0,198.0,100.0,1.85,1.85,1580083200.0
2020-01-24,70.0,70.0,69.5,69.5,69.97474747474747,198.0,9.0,13855.0,198.0,100.0,0.5,-0.5,1579824000.0
2020-01-23,69.25,70.6,68.5,69.0,69.32121212121211,1815.0,26.0,125818.0,1815.0,100.0,2.1,-0.25,1579737600.0
2020-01-22,70.1,70.1,69.0,69.25,69.39669421487604,968.0,14.0,67176.0,968.0,100.0,1.1,-0.85,1579651200.0
2020-01-21,68.6,70.0,68.6,68.75,68.60190325138778,1261.0,13.0,86507.0,1261.0,100.0,1.4,0.15,1579564800.0
2020-01-20,69.2,70.0,69.1,70.0,69.10389610389609,2002.0,17.0,138346.0,2002.0,100.0,0.9,0.8,1579478400.0
2020-01-17,69.8,71.0,68.45,70.5,70.09308510638297,752.0,15.0,52710.0,752.0,100.0,2.55,0.7,1579219200.0
2020-01-16,71.2,71.2,69.8,69.8,69.99262202043133,1762.0,16.0,123327.0,1762.0,100.0,1.4,-1.4,1579132800.0
2020-01-15,74.0,74.0,71.2,71.2,71.47972027972028,715.0,12.0,51108.0,715.0,100.0,2.8,-2.8,1579046400.0
2020-01-14,71.4,72.8,71.4,72.65,72.57408312958435,2045.0,18.0,148414.0,2045.0,100.0,1.4,1.25,1578960000.0
2020-01-13,70.0,71.4,70.0,71.4,71.37546193643755,1353.0,9.0,96571.0,1353.0,100.0,1.4,1.4,1578873600.0
2020-01-10,70.0,70.0,70.0,70.0,70.0,51.0,7.0,3570.0,51.0,100.0,0.0,0.0,1578614400.0
2020-01-09,71.25,71.25,71.0,71.0,71.22277227722772,202.0,8.0,14387.0,202.0,100.0,0.25,-0.25,1578528000.0
2020-01-08,68.55,69.9,67.2,69.9,67.26168224299066,1605.0,18.0,107955.0,1605.0,100.0,2.7,1.35,1578441600.0
2020-01-07,67.0,68.55,65.95,68.55,68.28952668680765,1986.0,27.0,135623.0,1986.0,100.0,2.6,1.55,1578355200.0
2020-01-06,68.0,68.0,67.25,67.25,67.27330316742082,1105.0,25.0,74337.0,1105.0,100.0,0.75,-0.75,1578268800.0
2020-01-03,68.0,68.6,68.0,68.6,68.03947368421053,76.0,9.0,5171.0,76.0,100.0,0.6,0.6,1578009600.0
2020-01-02,67.95,68.6,66.6,68.6,66.64411990776325,1301.0,21.0,86704.0,1301.0,100.0,2.0,0.65,1577923200.0
2020-01-01,68.6,68.6,67.25,67.95,68.52173913043478,46.0,10.0,3152.0,46.0,100.0,1.35,-0.65,1577836800.0
2019-12-31,69.95,69.95,68.6,68.6,68.60145278450364,2065.0,10.0,141662.0,2065.0,100.0,1.35,-1.35,1577750400.0
2019-12-30,70.0,70.0,68.6,70.0,68.9656652360515,233.0,23.0,16069.0,233.0,100.0,1.4,0.0,1577664000.0
2019-12-27,69.0,71.0,68.35,70.0,68.97167325428194,1518.0,29.0,104699.0,1518.0,100.0,2.65,1.0,1577404800.0
2019-12-26,69.0,70.35,69.0,69.7,70.04503716659379,2287.0,33.0,160193.0,2287.0,100.0,1.35,0.7,1577318400.0
2019-12-24,67.0,69.7,67.0,69.0,67.79865771812081,447.0,26.0,30306.0,447.0,100.0,2.7,2.0,1577145600.0
2019-12-23,69.7,69.7,68.35,68.35,68.66986564299424,1042.0,30.0,71554.0,1042.0,100.0,1.35,-1.35,1577059200.0
2019-12-20,69.7,69.7,68.35,69.7,68.70873786407768,824.0,26.0,56616.0,824.0,100.0,1.35,0.0,1576800000.0
2019-12-19,70.05,72.3,69.5,69.7,70.15661661191929,8524.0,68.0,598015.0,8524.0,100.0,2.8,-0.35,1576713600.0
2019-12-18,70.9,70.9,70.0,70.9,70.8942481884058,4416.0,24.0,313069.0,4416.0,100.0,0.9,0.0,1576627200.0
2019-12-17,71.45,71.45,68.65,69.55,71.30473413855337,7203.0,32.0,513608.0,7203.0,100.0,2.8,-1.9,1576540800.0
2019-12-16,68.7,70.05,68.05,70.05,69.610630407911,809.0,25.0,56315.0,809.0,100.0,2.0,1.35,1576454400.0
2019-12-13,67.65,69.0,66.3,68.7,68.87453323375652,1339.0,37.0,92223.0,1339.0,100.0,2.7,1.05,1576195200.0
2019-12-12,66.45,67.75,65.15,67.65,66.61360018194223,4397.0,40.0,292900.0,4397.0,100.0,2.6,1.2,1576108800.0
2019-12-11,63.85,66.45,63.85,66.45,64.08088954056696,8184.0,126.0,524438.0,8184.0,100.0,2.6,2.6,1576022400.0
2019-12-10,65.15,65.15,65.15,65.15,65.0909090909091,11.0,6.0,716.0,11.0,100.0,0.0,0.0,1575936000.0
2019-12-09,66.45,66.45,66.45,66.45,66.4498485995458,5284.0,47.0,351121.0,5284.0,100.0,0.0,0.0,1575849600.0
2019-12-06,67.8,67.8,67.8,67.8,67.79992282461895,5183.0,10.0,351407.0,5183.0,100.0,0.0,0.0,1575590400.0
2019-12-05,69.15,69.15,69.15,69.15,69.14912280701753,114.0,7.0,7883.0,114.0,100.0,0.0,0.0,1575504000.0
2019-12-04,70.55,70.55,70.55,70.55,70.53448275862068,58.0,11.0,4091.0,58.0,100.0,0.0,0.0,1575417600.0
2019-12-03,71.95,71.95,71.95,71.95,71.94444444444444,36.0,8.0,2590.0,36.0,100.0,0.0,0.0,1575331200.0
2019-12-02,73.4,73.4,73.4,73.4,73.38775510204081,49.0,9.0,3596.0,49.0,100.0,0.0,0.0,1575244800.0
2019-11-29,74.85,74.85,74.85,74.85,74.84872298624754,509.0,10.0,38098.0,509.0,100.0,0.0,0.0,1574985600.0
2019-11-28,76.35,76.35,76.35,76.35,76.34981684981685,546.0,19.0,41687.0,546.0,100.0,0.0,0.0,1574899200.0
2019-11-27,77.9,77.9,77.9,77.9,77.8992,625.0,25.0,48687.0,625.0,100.0,0.0,0.0,1574812800.0
2019-11-26,82.0,82.65,79.45,79.45,80.56561387900355,4496.0,61.0,362223.0,4496.0,100.0,3.2,-2.55,1574726400.0
2019-11-25,81.6,81.6,78.4,81.05,80.07061598951508,19075.0,278.0,1527347.0,19075.0,100.0,3.2,-0.55,1574640000.0
2019-11-22,79.0,80.0,79.0,80.0,79.74766826317116,3967.0,50.0,316359.0,3967.0,100.0,1.0,1.0,1574380800.0
2019-11-21,78.45,78.45,78.45,78.45,78.44986726567286,4897.0,19.0,384169.0,4897.0,100.0,0.0,0.0,1574294400.0
2019-11-20,84.7,84.7,84.7,84.7,84.69642857142857,224.0,8.0,18972.0,224.0,100.0,0.0,0.0,1574208000.0
2019-11-19,83.05,83.05,83.05,83.05,83.04990863407949,8756.0,95.0,727185.0,7548.0,86.2,0.0,0.0,1574121600.0
2019-11-18,81.45,81.45,81.45,81.45,81.44743935309972,371.0,6.0,30217.0,371.0,100.0,0.0,0.0,1574035200.0
2019-11-15,77.6,77.6,77.0,77.6,77.59822646657571,7330.0,113.0,568795.0,7202.0,98.25,0.6,0.0,1573776000.0
2019-11-14,74.65,74.65,72.0,73.95,73.98012124629916,7093.0,55.0,524741.0,6279.0,88.52,2.65,-0.7,1573689600.0
2019-11-13,70.0,71.1,64.4,71.1,69.17436974789916,14280.0,76.0,987810.0,12194.0,85.39,6.7,1.1,1573603200.0
2019-11-11,69.9,69.9,63.3,67.75,68.07791369559872,32536.0,182.0,2214983.0,25125.0,77.22,6.6,-2.15,1573430400.0
2019-11-08,66.6,66.6,66.6,66.6,66.6,505.0,3.0,33633.0,505.0,100.0,0.0,0.0,1573171200.0
2019-11-07,63.45,63.45,63.45,63.45,63.44370860927152,151.0,2.0,9580.0,151.0,100.0,0.0,0.0,1573084800.0
2019-11-06,60.45,60.45,60.45,60.45,60.44955044955045,1001.0,4.0,60510.0,1001.0,100.0,0.0,0.0,1572998400.0
2019-11-05,57.6,57.6,57.6,57.6,57.59940652818991,674.0,5.0,38822.0,674.0,100.0,0.0,0.0,1572912000.0
2019-11-04,54.9,54.9,54.9,54.9,54.9,6220.0,11.0,341478.0,6220.0,100.0,0.0,0.0,1572825600.0
2019-11-01,52.3,52.3,52.3,52.3,52.2,5.0,1.0,261.0,5.0,100.0,0.0,0.0,1572566400.0
2019-10-31,49.85,49.85,49.85,49.85,49.84986595174263,1119.0,11.0,55782.0,1119.0,100.0,0.0,0.0,1572480000.0
2019-10-30,47.55,47.6,47.45,47.5,47.479632389468456,8052.0,34.0,382306.0,8046.0,99.93,0.15,-0.05,1572393600.0
2019-10-29,45.4,45.4,42.5,45.35,45.35804779729341,20838.0,79.0,945171.0,20243.0,97.14,2.9,-0.05,1572307200.0
2019-10-27,43.25,43.25,43.25,43.25,43.2,10.0,1.0,432.0,10.0,100.0,0.0,0.0,1572134400.0
2019-10-25,39.35,39.35,39.05,39.35,39.34928229665072,5016.0,16.0,197376.0,5000.0,99.68,0.3,0.0,1571961600.0
2019-10-24,35.8,35.8,35.8,35.8,35.8,5.0,2.0,179.0,5.0,100.0,0.0,0.0,1571875200.0
2019-10-23,32.55,32.55,32.55,32.55,32.5,6.0,3.0,195.0,6.0,100.0,0.0,0.0,1571788800.0
2019-10-22,27.15,27.15,27.15,27.15,27.14950166112957,301.0,4.0,8172.0,301.0,100.0,0.0,0.0,1571702400.0
2019-10-07,22.65,22.65,22.65,22.65,22.65,10000.0,1.0,226500.0,10000.0,100.0,0.0,0.0,1570406400.0
2019-10-03,22.65,22.65,22.65,22.65,22.65,10000.0,1.0,226500.0,10000.0,100.0,0.0,0.0,1570060800.0
2019-09-17,20.5,20.6,20.5,20.6,20.58333333333333,60000.0,5.0,1235000.0,60000.0,100.0,0.1,0.1,1568678400.0
2019-09-16,21.0,21.0,20.5,20.5,20.775,100000.0,7.0,2077500.0,100000.0,100.0,0.5,-0.5,1568592000.0
2019-08-07,22.5,22.5,22.5,22.5,22.5,10000.0,1.0,225000.0,10000.0,100.0,0.0,0.0,1565136000.0
2019-08-01,21.45,21.45,21.45,21.45,21.45,10000.0,1.0,214500.0,10000.0,100.0,0.0,0.0,1564617600.0
2019-07-31,20.45,20.45,20.45,20.45,20.45,10000.0,1.0,204500.0,10000.0,100.0,0.0,0.0,1564531200.0
2019-07-16,19.5,19.5,19.5,19.5,19.5,40000.0,3.0,780000.0,40000.0,100.0,0.0,0.0,1563235200.0
2019-07-15,20.05,20.15,20.05,20.15,20.13,50000.0,5.0,1006500.0,50000.0,100.0,0.1,0.1,1563148800.0
2019-07-11,21.0,21.0,20.95,20.95,20.985714285714284,70000.0,7.0,1469000.0,70000.0,100.0,0.05,-0.05,1562803200.0
2019-07-10,21.95,21.95,21.95,21.95,21.95,40000.0,4.0,878000.0,40000.0,100.0,0.0,0.0,1562716800.0
2019-07-09,23.0,23.0,22.9,22.9,22.96,100000.0,10.0,2296000.0,100000.0,100.0,0.1,-0.1,1562630400.0
2019-06-28,26.15,26.15,24.0,24.0,24.716666666666665,30000.0,3.0,741500.0,30000.0,100.0,2.15,-2.15,1561680000.0
2019-06-27,27.1,27.1,24.85,24.95,25.91,50000.0,5.0,1295500.0,50000.0,100.0,2.25,-2.15,1561593600.0
2019-06-26,27.95,27.95,25.9,25.9,26.76,50000.0,5.0,1338000.0,50000.0,100.0,2.05,-2.05,1561507200.0
2019-06-17,26.65,26.65,26.65,26.65,26.65,10000.0,1.0,266500.0,10000.0,100.0,0.0,0.0,1560729600.0
2019-06-11,25.4,25.4,25.4,25.4,25.4,10000.0,1.0,254000.0,10000.0,100.0,0.0,0.0,1560211200.0
2019-06-06,24.2,24.2,24.2,24.2,24.2,30000.0,2.0,726000.0,30000.0,100.0,0.0,0.0,1559779200.0
2019-06-04,22.0,22.0,22.0,22.0,22.0,30000.0,3.0,660000.0,30000.0,100.0,0.0,0.0,1559606400.0
2019-06-03,20.0,20.0,20.0,20.0,20.0,70000.0,7.0,1400000.0,70000.0,100.0,0.0,0.0,1559520000.0
2019-05-31,18.22,18.22,18.22,18.22,18.22,10000.0,1.0,182200.0,10000.0,100.0,0.0,0.0,1559260800.0
2019-05-29,15.24,15.24,15.0,15.19,15.19,50000.0,4.0,759500.0,50000.0,100.0,0.24,-0.05,1559088000.0
2019-05-23,12.7,12.7,12.7,12.7,12.7,20000.0,2.0,254000.0,20000.0,100.0,0.0,0.0,1558569600.0
2019-05-21,12.15,12.2,12.15,12.2,12.175,20000.0,2.0,243500.0,20000.0,100.0,0.05,0.05,1558396800.0
2019-05-16,11.6,11.6,11.6,11.6,11.6,10000.0,1.0,116000.0,10000.0,100.0,0.0,0.0,1557964800.0
2019-05-15,11.5,11.5,11.4,11.4,11.45,20000.0,2.0,229000.0,20000.0,100.0,0.1,-0.1,1557878400.0
2019-05-14,11.2,11.2,11.0,11.1,11.1,20000.0,2.0,222000.0,20000.0,100.0,0.2,-0.1,1557792000.0
2019-04-10,10.4,10.4,10.4,10.4,10.4,50000.0,3.0,520000.0,50000.0,100.0,0.0,0.0,1554854400.0
2019-03-25,10.5,10.5,10.35,10.35,10.4625,40000.0,2.0,418500.0,40000.0,100.0,0.15,-0.15,1553472000.0
2019-03-20,10.5,10.5,10.5,10.5,10.5,60000.0,2.0,630000.0,60000.0,100.0,0.0,0.0,1553040000.0
2019-03-19,10.3,10.35,10.2,10.32,10.29,100000.0,7.0,1029000.0,100000.0,100.0,0.15,0.02,1552953600.0
2019-03-18,10.25,10.25,10.25,10.25,10.25,40000.0,2.0,410000.0,40000.0,100.0,0.0,0.0,1552867200.0
2019-03-15,10.05,10.05,10.0,10.02,10.016666666666666,60000.0,4.0,601000.0,60000.0,100.0,0.05,-0.03,1552608000.0
2019-03-14,10.0,10.05,9.85,9.95,9.957142857142856,70000.0,7.0,697000.0,70000.0,100.0,0.2,-0.05,1552521600.0
2019-03-08,8.8,8.8,8.8,8.8,8.8,210000.0,12.0,1848000.0,210000.0,100.0,0.0,0.0,1552003200.0
2019-03-07,8.8,8.8,8.8,8.8,8.8,40000.0,2.0,352000.0,40000.0,100.0,0.0,0.0,1551916800.0
2019-03-06,9.0,9.0,9.0,9.0,9.0,20000.0,1.0,180000.0,20000.0,100.0,0.0,0.0,1551830400.0
2019-02-28,9.0,9.0,9.0,9.0,9.0,30000.0,1.0,270000.0,30000.0,100.0,0.0,0.0,1551312000.0
2019-02-26,9.2,9.2,9.1,9.1,9.175,40000.0,3.0,367000.0,40000.0,100.0,0.1,-0.1,1551139200.0
2019-02-25,9.6,9.6,9.4,9.4,9.533333333333331,60000.0,5.0,572000.0,60000.0,100.0,0.2,-0.2,1551052800.0
2019-02-22,9.6,9.6,9.6,9.6,9.6,10000.0,1.0,96000.0,10000.0,100.0,0.0,0.0,1550793600.0
2019-02-14,9.5,9.5,9.5,9.5,9.5,10000.0,1.0,95000.0,10000.0,100.0,0.0,0.0,1550102400.0
2019-02-08,9.45,9.45,9.45,9.45,9.45,60000.0,2.0,567000.0,60000.0,100.0,0.0,0.0,1549584000.0
2019-02-04,9.4,9.4,9.35,9.4,9.391666666666666,120000.0,5.0,1127000.0,120000.0,100.0,0.05,0.0,1549238400.0
2019-01-31,9.25,9.35,9.2,9.35,9.277272727272727,110000.0,7.0,1020500.0,110000.0,100.0,0.15,0.1,1548892800.0
2019-01-30,9.15,9.15,9.15,9.15,9.15,70000.0,2.0,640500.0,70000.0,100.0,0.0,0.0,1548806400.0
2019-01-29,8.9,8.9,8.9,8.9,8.9,50000.0,3.0,445000.0,50000.0,100.0,0.0,0.0,1548720000.0
2019-01-25,8.6,8.6,8.5,8.5,8.56,50000.0,3.0,428000.0,50000.0,100.0,0.1,-0.1,1548374400.0
2019-01-23,8.7,8.9,8.7,8.9,8.838461538461537,130000.0,5.0,1149000.0,130000.0,100.0,0.2,0.2,1548201600.0
2019-01-14,10.53,10.53,8.7,9.53,9.012,200000.0,12.0,1802400.0,190000.0,95.0,1.83,-1.0,1547424000.0
2019-01-10,9.58,9.58,9.58,9.58,9.58,10000.0,1.0,95800.0,10000.0,100.0,0.0,0.0,1547078400.0
2018-12-28,8.71,8.71,8.71,8.71,8.71,100000.0,10.0,871000.0,100000.0,100.0,0.0,0.0,1545955200.0
2018-12-26,7.92,7.92,7.92,7.92,7.92,10000.0,1.0,79200.0,10000.0,100.0,0.0,0.0,1545782400.0
2018-12-17,7.2,7.2,7.2,7.2,7.2,150000.0,12.0,1080000.0,150000.0,100.0,0.0,0.0,1545004800.0
2018-12-14,6.0,6.0,6.0,6.0,6.0,70000.0,3.0,420000.0,70000.0,100.0,0.0,0.0,1544745600.0
2018-12-04,5.0,5.0,5.0,5.0,5.0,10000.0,1.0,50000.0,10000.0,100.0,0.0,0.0,1543881600.0
2018-06-14,4.26,4.26,4.26,4.26,4.26,10000.0,1.0,42600.0,10000.0,100.0,0.0,0.0,1528934400.0
2018-06-13,3.55,3.55,3.55,3.55,3.55,10000.0,1.0,35500.0,10000.0,100.0,0.0,0.0,1528848000.0
2018-06-11,3.56,3.81,3.56,3.81,3.685,20000.0,2.0,73700.0,10000.0,50.0,0.25,0.25,1528675200.0
2018-06-06,5.2,5.2,4.25,4.3,4.75,40000.0,4.0,190000.0,30000.0,75.0,0.95,-0.9,1528243200.0
2018-06-01,4.89,4.89,3.8,4.35,4.578571428571429,70000.0,4.0,320500.0,70000.0,100.0,1.09,-0.54,1527811200.0
2018-05-31,4.08,4.08,4.08,4.08,4.08,10000.0,1.0,40800.0,10000.0,100.0,0.0,0.0,1527724800.0
2018-05-30,3.84,3.84,3.4,3.4,3.6716666666666655,420000.0,20.0,1542100.0,420000.0,100.0,0.44,-0.44,1527638400.0
2018-05-28,3.35,3.35,3.2,3.2,3.2923076923076926,130000.0,6.0,428000.0,130000.0,100.0,0.15,-0.15,1527465600.0
2018-05-25,3.4,3.4,3.4,3.4,3.4,100000.0,4.0,340000.0,100000.0,100.0,0.0,0.0,1527206400.0
2018-05-16,3.5,3.5,3.4,3.4,3.4666666666666663,150000.0,4.0,520000.0,150000.0,100.0,0.1,-0.1,1526428800.0
2018-05-10,3.7,3.7,3.7,3.7,3.7,20000.0,1.0,74000.0,20000.0,100.0,0.0,0.0,1525910400.0
2018-05-09,4.01,4.01,4.01,4.01,4.01,10000.0,1.0,40100.0,10000.0,100.0,0.0,0.0,1525824000.0
2018-05-04,4.15,4.15,4.15,4.15,4.15,40000.0,2.0,166000.0,40000.0,100.0,0.0,0.0,1525392000.0
2018-05-03,4.35,4.35,4.35,4.35,4.35,10000.0,1.0,43500.0,10000.0,100.0,0.0,0.0,1525305600.0
2018-05-02,5.34,5.34,4.5,4.5,4.808181818181818,110000.0,7.0,528900.0,80000.0,72.73,0.84,-0.84,1525219200.0
2018-04-30,4.45,4.45,4.45,4.45,4.45,10000.0,1.0,44500.0,10000.0,100.0,0.0,0.0,1525046400.0
2018-04-17,4.27,5.04,3.36,5.04,4.096666666666667,120000.0,9.0,491600.0,100000.0,83.33,1.68,0.77,1523923200.0
2018-04-12,4.9,5.0,4.2,4.2,4.59375,80000.0,5.0,367500.0,80000.0,100.0,0.8,-0.7,1523491200.0
2018-04-11,5.26,5.26,5.2,5.22,5.222,50000.0,5.0,261100.0,50000.0,100.0,0.06,-0.04,1523404800.0
2018-04-10,4.85,5.5,4.81,5.13,5.093333333333333,60000.0,5.0,305600.0,50000.0,83.33,0.69,0.28,1523318400.0
2018-04-06,5.01,5.01,5.01,5.01,5.01,60000.0,4.0,300600.0,60000.0,100.0,0.0,0.0,1522972800.0
2018-04-05,5.21,5.21,5.1,5.1,5.182,50000.0,5.0,259100.0,50000.0,100.0,0.11,-0.11,1522886400.0
2018-04-04,5.51,5.51,5.41,5.41,5.45,50000.0,5.0,272500.0,50000.0,100.0,0.1,-0.1,1522800000.0
2018-04-02,5.45,5.45,5.45,5.45,5.45,10000.0,1.0,54500.0,10000.0,100.0,0.0,0.0,1522627200.0
2018-03-27,5.5,5.5,5.3,5.43,5.433333333333333,30000.0,2.0,163000.0,30000.0,100.0,0.2,-0.07,1522108800.0
2018-03-26,5.8,5.8,5.5,5.5,5.641666666666667,60000.0,5.0,338500.0,60000.0,100.0,0.3,-0.3,1522022400.0
2018-03-23,6.0,6.0,6.0,6.0,6.0,10000.0,1.0,60000.0,10000.0,100.0,0.0,0.0,1521763200.0
2018-03-22,6.1,6.3,6.0,6.0,6.15,60000.0,6.0,369000.0,20000.0,33.33,0.3,-0.1,1521676800.0
2018-03-21,6.6,6.6,6.25,6.25,6.4944444444444445,90000.0,7.0,584500.0,90000.0,100.0,0.35,-0.35,1521590400.0
2018-03-20,6.75,6.85,6.5,6.5,6.71875,80000.0,6.0,537500.0,80000.0,100.0,0.35,-0.25,1521504000.0
2018-03-19,6.85,6.85,6.75,6.75,6.8,60000.0,6.0,408000.0,60000.0,100.0,0.1,-0.1,1521417600.0
2018-03-16,6.9,6.9,6.65,6.82,6.8583333333333325,60000.0,6.0,411500.0,60000.0,100.0,0.25,-0.08,1521158400.0
2018-03-15,6.9,7.01,6.9,6.98,6.953333333333333,30000.0,3.0,208600.0,30000.0,100.0,0.11,0.08,1521072000.0
2018-03-13,7.05,7.05,7.05,7.05,7.05,10000.0,1.0,70500.0,10000.0,100.0,0.0,0.0,1520899200.0
2018-03-12,7.2,7.2,7.2,7.2,7.2,10000.0,1.0,72000.0,10000.0,100.0,0.0,0.0,1520812800.0
2018-03-09,7.45,7.45,7.45,7.45,7.45,10000.0,1.0,74500.0,10000.0,100.0,0.0,0.0,1520553600.0
2018-01-31,7.7,7.7,7.7,7.7,7.7,10000.0,1.0,77000.0,10000.0,100.0,0.0,0.0,1517356800.0
2017-08-31,9.4,9.4,8.7,8.7,9.166666666666666,30000.0,3.0,275000.0,,,0.7,-0.7,1504137600.0
2017-08-30,9.1,9.2,9.1,9.2,9.15,40000.0,4.0,366000.0,40000.0,100.0,0.1,0.1,1504051200.0
2017-08-24,9.1,9.2,9.1,9.13,9.133333333333333,30000.0,2.0,274000.0,30000.0,100.0,0.1,0.03,1503532800.0
2017-08-11,9.2,9.25,9.2,9.25,9.23333333333333,30000.0,3.0,277000.0,30000.0,100.0,0.05,0.05,1502409600.0
2017-08-09,9.1,9.2,9.1,9.2,9.15,30000.0,3.0,274500.0,30000.0,100.0,0.1,0.1,1502236800.0
2017-08-08,9.8,9.8,9.8,9.8,9.8,40000.0,2.0,392000.0,40000.0,100.0,0.0,0.0,1502150400.0
2017-05-23,8.21,8.21,8.21,8.21,8.21,10000.0,1.0,82100.0,10000.0,100.0,0.0,0.0,1495497600.0
2017-05-22,8.2,8.2,8.2,8.2,8.2,10000.0,1.0,82000.0,10000.0,100.0,0.0,0.0,1495411200.0
2017-03-29,8.2,8.2,8.2,8.2,8.2,10000.0,1.0,82000.0,10000.0,100.0,0.0,0.0,1490745600.0
2017-03-06,8.7,8.7,8.25,8.25,8.4375,40000.0,3.0,337500.0,40000.0,100.0,0.45,-0.45,1488758400.0
2017-03-03,8.4,8.4,8.3,8.3,8.35,20000.0,2.0,167000.0,20000.0,100.0,0.1,-0.1,1488499200.0
2017-03-02,8.35,8.35,8.25,8.32,8.316666666666666,30000.0,2.0,249500.0,30000.0,100.0,0.1,-0.03,1488412800.0
2017-01-25,8.45,8.5,8.45,8.5,8.475,20000.0,2.0,169500.0,10000.0,50.0,0.05,0.05,1485302400.0
2016-11-03,8.8,8.8,8.75,8.75,8.785714285714285,70000.0,7.0,615000.0,70000.0,100.0,0.05,-0.05,1478131200.0
2016-11-02,9.0,9.05,9.0,9.03,9.022222222222222,90000.0,7.0,812000.0,90000.0,100.0,0.05,0.03,1478044800.0
2016-11-01,8.8,8.8,8.8,8.8,8.8,40000.0,4.0,352000.0,40000.0,100.0,0.0,0.0,1477958400.0
2016-10-30,8.75,8.75,8.75,8.75,8.75,10000.0,1.0,87500.0,10000.0,100.0,0.0,0.0,1477785600.0
2016-10-27,9.05,9.05,8.75,8.75,8.9,20000.0,2.0,178000.0,20000.0,100.0,0.3,-0.3,1477526400.0
2016-10-26,8.92,8.92,8.92,8.92,8.92,10000.0,1.0,89200.0,10000.0,100.0,0.0,0.0,1477440000.0
2016-10-25,8.55,9.1,8.5,8.8,8.8125,160000.0,13.0,1410000.0,160000.0,100.0,0.6,0.25,1477353600.0
2016-10-24,8.85,9.15,8.85,9.15,9.068181818181818,110000.0,6.0,997500.0,110000.0,100.0,0.3,0.3,1477267200.0
2016-10-21,8.8,9.1,8.75,8.87,8.83888888888889,90000.0,7.0,795500.0,90000.0,100.0,0.35,0.07,1477008000.0
2016-10-19,9.0,9.0,9.0,9.0,9.0,20000.0,2.0,180000.0,20000.0,100.0,0.0,0.0,1476835200.0
2016-10-18,8.8,8.8,8.8,8.8,8.8,20000.0,2.0,176000.0,20000.0,100.0,0.0,0.0,1476748800.0
2016-10-17,9.1,9.1,9.1,9.1,9.1,20000.0,2.0,182000.0,20000.0,100.0,0.0,0.0,1476662400.0
2016-10-14,8.75,9.1,8.75,8.8,8.9375,40000.0,4.0,357500.0,30000.0,75.0,0.35,0.05,1476403200.0
2016-09-23,9.2,9.25,9.2,9.25,9.225,20000.0,2.0,184500.0,10000.0,50.0,0.05,0.05,1474588800.0
2016-09-22,9.8,9.8,9.8,9.8,9.8,10000.0,1.0,98000.0,10000.0,100.0,0.0,0.0,1474502400.0
2016-09-21,9.65,9.65,9.65,9.65,9.65,10000.0,1.0,96500.0,10000.0,100.0,0.0,0.0,1474416000.0
2016-09-15,11.15,11.15,10.44,10.44,10.6175,40000.0,4.0,424700.0,20000.0,50.0,0.71,-0.71,1473897600.0
2016-08-02,12.95,13.05,12.95,13.05,13.0,20000.0,2.0,260000.0,10000.0,50.0,0.1,0.1,1470096000.0
2016-07-05,14.0,14.1,14.0,14.1,14.05,20000.0,2.0,281000.0,20000.0,100.0,0.1,0.1,1467676800.0
2016-07-04,14.3,14.3,13.75,14.05,14.025,20000.0,2.0,280500.0,20000.0,100.0,0.55,-0.25,1467590400.0
2016-05-27,15.5,15.5,15.5,15.5,15.5,10000.0,1.0,155000.0,10000.0,100.0,0.0,0.0,1464307200.0
2016-05-26,14.5,14.5,14.5,14.5,14.5,10000.0,1.0,145000.0,10000.0,100.0,0.0,0.0,1464220800.0
2016-05-25,15.7,15.7,15.7,15.7,15.7,50000.0,2.0,785000.0,50000.0,100.0,0.0,0.0,1464134400.0
2016-05-24,15.7,15.7,15.7,15.7,15.7,30000.0,3.0,471000.0,30000.0,100.0,0.0,0.0,1464048000.0
2016-05-23,14.8,14.8,14.8,14.8,14.8,10000.0,1.0,148000.0,10000.0,100.0,0.0,0.0,1463961600.0
2016-05-06,14.7,14.7,14.7,14.7,14.7,10000.0,1.0,147000.0,10000.0,100.0,0.0,0.0,1462492800.0
2016-05-05,13.75,13.75,13.75,13.75,13.75,10000.0,1.0,137500.0,10000.0,100.0,0.0,0.0,1462406400.0
2016-04-07,13.9,13.9,13.9,13.9,13.9,30000.0,3.0,417000.0,30000.0,100.0,0.0,0.0,1459987200.0
2016-04-06,14.0,14.0,14.0,14.0,14.0,20000.0,2.0,280000.0,20000.0,100.0,0.0,0.0,1459900800.0
2016-03-21,14.0,15.2,14.0,14.0,14.24,50000.0,5.0,712000.0,50000.0,100.0,1.2,0.0,1458518400.0
2016-03-18,15.5,15.5,14.95,14.95,15.225,20000.0,2.0,304500.0,20000.0,100.0,0.55,-0.55,1458259200.0
2016-03-17,16.16,16.16,16.16,16.16,16.16,10000.0,1.0,161600.0,10000.0,100.0,0.0,0.0,1458172800.0
2016-03-16,17.75,17.95,17.75,17.95,17.85,120000.0,12.0,2142000.0,120000.0,100.0,0.2,0.2,1458086400.0
2016-03-15,17.45,17.5,16.35,17.36,17.3625,120000.0,12.0,2083500.0,120000.0,100.0,1.15,-0.09,1458000000.0
2016-03-14,18.0,18.0,16.65,17.33,17.45,130000.0,10.0,2268500.0,130000.0,100.0,1.35,-0.67,1457913600.0
2016-03-11,17.8,17.8,16.45,16.45,17.53,50000.0,5.0,876500.0,50000.0,100.0,1.35,-1.35,1457654400.0
2016-03-10,17.25,17.75,17.25,17.46,17.464285714285715,70000.0,7.0,1222500.0,70000.0,100.0,0.5,0.21,1457568000.0
2016-03-09,17.0,17.0,17.0,17.0,17.0,30000.0,3.0,510000.0,30000.0,100.0,0.0,0.0,1457481600.0
2016-03-08,16.55,16.55,16.55,16.55,16.55,10000.0,1.0,165500.0,10000.0,100.0,0.0,0.0,1457395200.0
2016-03-04,15.05,16.55,15.05,16.5,16.2,130000.0,10.0,2106000.0,130000.0,100.0,1.5,1.45,1457049600.0
2016-03-03,16.05,16.55,16.05,16.43,16.425,100000.0,6.0,1642500.0,100000.0,100.0,0.5,0.38,1456963200.0
2016-03-02,14.6,16.2,14.6,16.2,15.68,50000.0,4.0,784000.0,40000.0,80.0,1.6,1.6,1456876800.0
2016-03-01,14.55,14.9,14.55,14.9,14.725,20000.0,2.0,294500.0,20000.0,100.0,0.35,0.35,1456790400.0
2016-02-29,14.1,14.1,14.1,14.1,14.1,10000.0,1.0,141000.0,10000.0,100.0,0.0,0.0,1456704000.0
2016-02-26,13.05,13.05,13.05,13.05,13.05,10000.0,1.0,130500.0,10000.0,100.0,0.0,0.0,1456444800.0
2016-02-25,12.4,12.4,12.4,12.4,12.4,10000.0,1.0,124000.0,10000.0,100.0,0.0,0.0,1456358400.0
2016-02-24,11.7,11.7,11.7,11.7,11.7,10000.0,1.0,117000.0,10000.0,100.0,0.0,0.0,1456272000.0
2016-02-22,11.1,11.1,10.45,10.78,10.775,20000.0,2.0,215500.0,0.0,0.0,0.65,-0.32,1456099200.0
2016-02-19,10.25,10.25,10.25,10.25,10.25,10000.0,1.0,102500.0,10000.0,100.0,0.0,0.0,1455840000.0
2016-02-17,10.0,10.0,10.0,10.0,10.0,10000.0,1.0,100000.0,10000.0,100.0,0.0,0.0,1455667200.0
2016-02-16,10.0,10.0,10.0,10.0,10.0,10000.0,1.0,100000.0,10000.0,100.0,0.0,0.0,1455580800.0
2016-02-11,10.0,10.0,9.9,9.9,9.95,20000.0,2.0,199000.0,10000.0,50.0,0.1,-0.1,1455148800.0
2016-02-10,10.45,10.5,10.45,10.5,10.475,20000.0,2.0,209500.0,10000.0,50.0,0.05,0.05,1455062400.0
2016-02-05,10.45,10.45,10.45,10.45,10.45,10000.0,1.0,104500.0,10000.0,100.0,0.0,0.0,1454630400.0
2016-02-02,10.35,10.35,10.35,10.35,10.35,10000.0,1.0,103500.0,10000.0,100.0,0.0,0.0,1454371200.0
2016-01-29,11.0,11.0,11.0,11.0,11.0,10000.0,1.0,110000.0,10000.0,100.0,0.0,0.0,1454025600.0
2016-01-28,11.3,11.3,11.3,11.3,11.3,10000.0,1.0,113000.0,10000.0,100.0,0.0,0.0,1453939200.0
2016-01-25,10.6,10.6,10.6,10.6,10.6,10000.0,1.0,106000.0,10000.0,100.0,0.0,0.0,1453680000.0
2016-01-22,10.0,10.0,10.0,10.0,10.0,10000.0,1.0,100000.0,10000.0,100.0,0.0,0.0,1453420800.0
2016-01-21,9.65,9.65,9.65,9.65,9.65,10000.0,1.0,96500.0,10000.0,100.0,0.0,0.0,1453334400.0
2016-01-18,9.0,9.0,9.0,9.0,9.0,10000.0,1.0,90000.0,10000.0,100.0,0.0,0.0,1453075200.0
2016-01-13,9.45,9.45,9.45,9.45,9.45,10000.0,1.0,94500.0,10000.0,100.0,0.0,0.0,1452643200.0
2016-01-12,9.5,9.5,9.5,9.5,9.5,10000.0,1.0,95000.0,10000.0,100.0,0.0,0.0,1452556800.0
2016-01-11,8.75,9.3,8.6,9.3,8.883333333333333,30000.0,3.0,266500.0,30000.0,100.0,0.7,0.55,1452470400.0
2015-12-30,9.2,9.2,9.2,9.2,9.2,10000.0,1.0,92000.0,10000.0,100.0,0.0,0.0,1451433600.0
2015-12-29,8.4,8.4,8.4,8.4,8.4,10000.0,1.0,84000.0,10000.0,100.0,0.0,0.0,1451347200.0
2015-12-28,7.6,7.6,7.6,7.6,7.6,10000.0,1.0,76000.0,10000.0,100.0,0.0,0.0,1451260800.0
2015-12-24,6.9,7.3,6.9,7.3,7.1,20000.0,2.0,142000.0,10000.0,50.0,0.4,0.4,1450915200.0
2015-12-11,6.35,6.45,5.75,6.45,5.971428571428572,420000.0,13.0,2508000.0,410000.0,97.62,0.7,0.1,1449792000.0
2015-10-29,6.65,6.65,5.85,6.5,6.2,180000.0,9.0,1116000.0,160000.0,88.89,0.8,-0.15,1446076800.0
2015-09-10,6.75,6.75,6.75,6.75,6.75,10000.0,1.0,67500.0,10000.0,100.0,0.0,0.0,1441843200.0
2015-08-31,7.1,7.1,7.1,7.1,7.1,10000.0,1.0,71000.0,10000.0,100.0,0.0,0.0,1440979200.0
2015-08-18,7.0,7.35,7.0,7.1,7.15,30000.0,3.0,214500.0,20000.0,66.67,0.35,0.1,1439856000.0
2015-08-17,7.45,7.45,7.45,7.45,7.45,10000.0,1.0,74500.0,10000.0,100.0,0.0,0.0,1439769600.0
2015-06-30,8.0,8.05,8.0,8.05,8.025,20000.0,2.0,160500.0,10000.0,50.0,0.05,0.05,1435622400.0
2015-06-29,8.5,8.5,8.5,8.5,8.5,10000.0,1.0,85000.0,10000.0,100.0,0.0,0.0,1435536000.0
2015-06-22,8.25,8.25,8.25,8.25,8.25,10000.0,1.0,82500.0,10000.0,100.0,0.0,0.0,1434931200.0
2015-06-04,8.3,8.3,8.3,8.3,8.3,10000.0,1.0,83000.0,10000.0,100.0,0.0,0.0,1433376000.0
2015-05-27,8.25,8.25,8.25,8.25,8.25,10000.0,1.0,82500.0,10000.0,100.0,0.0,0.0,1432684800.0
2015-03-26,8.55,8.55,8.55,8.55,8.55,50000.0,6.0,427500.0,50000.0,100.0,0.0,0.0,1427328000.0
2015-03-25,8.85,8.85,8.83,8.84,8.842051282051282,390000.0,27.0,3448400.0,370000.0,94.87,0.02,-0.01,1427241600.0
2015-03-24,9.29,9.29,9.29,9.29,9.29,10000.0,2.0,92900.0,10000.0,100.0,0.0,0.0,1427155200.0
2015-03-23,9.77,9.77,9.77,9.77,9.77,10000.0,2.0,97700.0,10000.0,100.0,0.0,0.0,1427068800.0
2015-03-20,10.28,10.28,10.28,10.28,10.28,10000.0,2.0,102800.0,10000.0,100.0,0.0,0.0,1426809600.0
2015-03-19,10.82,10.82,10.82,10.82,10.82,20000.0,4.0,216400.0,10000.0,50.0,0.0,0.0,1426723200.0
2015-03-18,11.38,11.38,11.38,11.38,11.38,10000.0,2.0,113800.0,10000.0,100.0,0.0,0.0,1426636800.0
2015-03-17,11.97,11.97,11.97,11.97,11.97,10000.0,2.0,119700.0,10000.0,100.0,0.0,0.0,1426550400.0
2015-03-16,12.24,13.29,12.24,12.59,12.593333333333332,30000.0,6.0,377800.0,10000.0,33.33,1.05,0.35,1426464000.0
2015-03-13,13.6,13.6,13.6,13.6,13.6,60000.0,12.0,816000.0,60000.0,100.0,0.0,0.0,1426204800.0
2015-03-12,15.15,15.15,15.11,15.11,15.13,20000.0,4.0,302600.0,20000.0,100.0,0.04,-0.04,1426118400.0
2015-03-11,17.2,17.2,15.84,16.78,16.781666666666666,60000.0,6.0,1006900.0,60000.0,100.0,1.36,-0.42,1426032000.0
2015-03-10,16.1,17.6,16.1,17.6,17.2304,250000.0,32.0,4307600.0,250000.0,100.0,1.5,1.5,1425945600.0
2015-03-09,14.7,16.7,14.0,16.43,15.90391304347826,230000.0,24.0,3657900.0,190000.0,82.61,2.7,1.73,1425859200.0
2015-03-05,12.95,14.45,12.95,14.2,14.202941176470588,170000.0,18.0,2414500.0,170000.0,100.0,1.5,1.25,1425513600.0
2015-03-04,11.8,12.75,11.8,12.28,12.275,20000.0,4.0,245500.0,20000.0,100.0,0.95,0.48,1425427200.0
2015-02-27,10.5,11.0,10.5,10.73,10.733333333333333,60000.0,10.0,644000.0,50000.0,83.33,0.5,0.23,1424995200.0
2015-02-26,10.8,11.0,10.75,11.0,10.85,30000.0,6.0,325500.0,20000.0,66.67,0.25,0.2,1424908800.0
2015-02-24,9.85,10.7,9.85,10.7,10.275,20000.0,4.0,205500.0,10000.0,50.0,0.85,0.85,1424736000.0
2015-02-23,9.5,10.3,9.5,10.3,9.9,20000.0,4.0,198000.0,10000.0,50.0,0.8,0.8,1424649600.0
2015-02-20,9.5,9.5,9.4,9.4,9.45,20000.0,4.0,189000.0,0.0,0.0,0.1,-0.1,1424390400.0
2015-02-11,9.0,9.0,9.0,9.0,9.0,10000.0,2.0,90000.0,10000.0,100.0,0.0,0.0,1423612800.0
2015-02-10,8.27,8.27,7.9,8.01,8.011666666666665,60000.0,8.0,480700.0,60000.0,100.0,0.37,-0.26,1423526400.0
2015-02-02,8.45,8.45,8.45,8.45,8.45,20000.0,4.0,169000.0,10000.0,50.0,0.0,0.0,1422835200.0
2015-01-29,8.45,8.5,8.45,8.5,8.475,20000.0,4.0,169500.0,10000.0,50.0,0.05,0.05,1422489600.0
2015-01-23,8.45,8.5,8.45,8.5,8.475,20000.0,4.0,169500.0,10000.0,50.0,0.05,0.05,1421971200.0
2015-01-19,9.15,9.15,9.15,9.15,9.15,10000.0,2.0,91500.0,10000.0,100.0,0.0,0.0,1421625600.0
2015-01-13,9.15,9.15,9.15,9.15,9.15,10000.0,2.0,91500.0,10000.0,100.0,0.0,0.0,1421107200.0
2015-01-12,8.8,8.85,8.19,8.19,8.309090909090909,110000.0,16.0,914000.0,110000.0,100.0,0.66,-0.61,1421020800.0
2015-01-09,8.8,8.8,8.8,8.8,8.8,10000.0,2.0,88000.0,10000.0,100.0,0.0,0.0,1420761600.0
2015-01-06,8.9,8.9,8.9,8.9,8.9,10000.0,2.0,89000.0,10000.0,100.0,0.0,0.0,1420502400.0
2015-01-01,8.8,8.8,8.8,8.8,8.8,10000.0,2.0,88000.0,10000.0,100.0,0.0,0.0,1420070400.0
2014-12-24,8.65,8.65,8.5,8.5,8.575,20000.0,4.0,171500.0,10000.0,50.0,0.15,-0.15,1419379200.0
2014-12-23,8.65,8.7,8.65,8.7,8.675,20000.0,4.0,173500.0,10000.0,50.0,0.05,0.05,1419292800.0
2014-12-17,8.9,9.0,8.9,9.0,8.966666666666665,30000.0,6.0,269000.0,20000.0,66.67,0.1,0.1,1418774400.0
2014-12-11,9.1,9.1,9.1,9.1,9.1,10000.0,2.0,91000.0,10000.0,100.0,0.0,0.0,1418256000.0
2014-12-09,9.0,9.0,9.0,9.0,9.0,10000.0,2.0,90000.0,10000.0,100.0,0.0,0.0,1418083200.0
2014-12-02,9.05,9.05,9.05,9.05,9.05,10000.0,2.0,90500.0,10000.0,100.0,0.0,0.0,1417478400.0
2014-11-27,9.05,9.05,9.05,9.05,9.05,10000.0,2.0,90500.0,10000.0,100.0,0.0,0.0,1417046400.0
2014-11-25,9.4,9.4,9.25,9.25,9.3,30000.0,4.0,279000.0,30000.0,100.0,0.15,-0.15,1416873600.0
2014-11-24,9.07,9.07,9.07,9.07,9.07,10000.0,2.0,90700.0,10000.0,100.0,0.0,0.0,1416787200.0
2014-11-18,8.29,8.29,8.25,8.25,8.27,20000.0,4.0,165400.0,10000.0,50.0,0.04,-0.04,1416268800.0
2014-11-14,6.54,7.34,6.54,6.91,6.676875,160000.0,10.0,1068300.0,160000.0,100.0,0.8,0.37,1415923200.0
2014-11-13,6.65,6.65,5.85,6.12,6.116666666666666,30000.0,4.0,183500.0,30000.0,100.0,0.8,-0.53,1415836800.0
2014-11-12,5.65,6.04,5.65,6.04,5.715,60000.0,6.0,342900.0,60000.0,100.0,0.39,0.39,1415750400.0
2014-11-11,5.65,5.65,5.65,5.65,5.65,10000.0,2.0,56500.0,10000.0,100.0,0.0,0.0,1415664000.0
2014-11-10,5.7,5.7,4.95,5.04,5.055882352941176,340000.0,14.0,1719000.0,330000.0,97.06,0.75,-0.66,1415577600.0
2014-10-31,5.35,5.35,5.35,5.35,5.35,10000.0,2.0,53500.0,10000.0,100.0,0.0,0.0,1414713600.0
2014-10-22,5.45,5.45,5.45,5.45,5.45,10000.0,2.0,54500.0,10000.0,100.0,0.0,0.0,1413936000.0
2014-10-07,5.05,5.05,5.05,5.05,5.05,10000.0,2.0,50500.0,10000.0,100.0,0.0,0.0,1412640000.0
2014-10-01,5.1,5.1,5.1,5.1,5.1,10000.0,2.0,51000.0,10000.0,100.0,0.0,0.0,1412121600.0
2014-09-25,5.4,5.45,5.4,5.45,5.425,20000.0,4.0,108500.0,20000.0,100.0,0.05,0.05,1411603200.0
2014-09-24,5.6,5.6,4.71,5.03,5.026666666666666,60000.0,12.0,301600.0,40000.0,66.67,0.89,-0.57,1411516800.0
2014-09-22,5.95,5.95,5.8,5.88,5.875,20000.0,4.0,117500.0,10000.0,50.0,0.15,-0.07,1411344000.0
2014-09-16,6.0,6.0,6.0,6.0,6.0,30000.0,2.0,180000.0,30000.0,100.0,0.0,0.0,1410825600.0
2014-09-12,6.85,6.85,6.85,6.85,6.85,30000.0,6.0,205500.0,30000.0,100.0,0.0,0.0,1410480000.0
2014-09-10,7.05,7.05,6.85,6.85,6.9833333333333325,30000.0,6.0,209500.0,30000.0,100.0,0.2,-0.2,1410307200.0
2014-09-09,7.4,7.4,7.1,7.1,7.25,20000.0,4.0,145000.0,10000.0,50.0,0.3,-0.3,1410220800.0
2014-08-21,7.95,7.95,7.95,7.95,7.95,20000.0,4.0,159000.0,20000.0,100.0,0.0,0.0,1408579200.0
2014-08-13,7.6,7.6,7.45,7.45,7.525,20000.0,4.0,150500.0,10000.0,50.0,0.15,-0.15,1407888000.0
2014-08-04,8.1,8.1,8.1,8.1,8.1,10000.0,2.0,81000.0,10000.0,100.0,0.0,0.0,1407110400.0
2014-08-01,8.15,8.15,8.15,8.15,8.15,10000.0,2.0,81500.0,10000.0,100.0,0.0,0.0,1406851200.0
2014-07-30,7.75,8.2,7.75,7.8,7.883333333333333,60000.0,12.0,473000.0,40000.0,66.67,0.45,0.05,1406678400.0
2014-07-16,8.25,8.25,8.25,8.25,8.25,10000.0,2.0,82500.0,10000.0,100.0,0.0,0.0,1405468800.0
2014-07-01,8.75,8.75,8.75,8.75,8.75,10000.0,2.0,87500.0,10000.0,100.0,0.0,0.0,1404172800.0
2014-06-27,8.7,8.7,8.7,8.7,8.7,20000.0,4.0,174000.0,0.0,0.0,0.0,0.0,1403827200.0
2014-06-26,8.25,8.3,8.25,8.3,8.266666666666666,30000.0,6.0,248000.0,20000.0,66.67,0.05,0.05,1403740800.0
2014-06-24,9.0,9.0,8.45,8.45,8.816666666666666,30000.0,5.0,264500.0,30000.0,100.0,0.55,-0.55,1403568000.0
2014-06-23,8.7,8.7,8.7,8.7,8.7,10000.0,2.0,87000.0,10000.0,100.0,0.0,0.0,1403481600.0
2014-06-19,9.2,9.3,8.9,8.9,9.18,50000.0,9.0,459000.0,50000.0,100.0,0.4,-0.3,1403136000.0
2014-06-17,8.95,8.95,8.95,8.95,8.95,10000.0,2.0,89500.0,10000.0,100.0,0.0,0.0,1402963200.0
2014-06-16,9.1,9.15,9.05,9.15,9.1,30000.0,6.0,273000.0,30000.0,100.0,0.1,0.05,1402876800.0
2014-06-13,9.75,9.75,9.4,9.45,9.485714285714284,70000.0,14.0,664000.0,70000.0,100.0,0.35,-0.3,1402617600.0
2014-06-11,9.75,9.95,9.75,9.75,9.76547619047619,420000.0,80.0,4101500.0,420000.0,100.0,0.2,0.0,1402444800.0
